-0.392781 0.00640577 1.64111 -0.0209903 -0.00673069 0.999746
-0.0785493 -0.382342 1.63898 -0.00627477 -0.0285892 0.999556
0.373179 -0.169763 1.63625 0.0318248 -0.0246588 0.999186
0.183877 0.349726 1.64282 0.0189419 0.0215527 0.999555
-0.292341 0.279534 1.64229 -0.019957 0.0115721 0.999718
-0.38476 0.041392 1.64134 -0.0232167 0.000546553 0.999724
-1.10127 0.120783 1.60726 -0.0848871 0.00873315 0.996333
-0.979163 -0.456135 1.60664 -0.0598708 -0.03797 0.997473
-0.647737 -0.854449 1.59936 -0.04063 -0.0728006 0.996508
-0.198816 -1.07466 1.59094 -0.00446516 -0.0927748 0.995677
0.401604 -1.02455 1.58419 0.0448501 -0.082909 0.995538
0.827018 -0.74446 1.57964 0.0705157 -0.0716803 0.994932
1.09151 -0.280405 1.58809 0.0853493 -0.0524547 0.994965
1.0908 0.234028 1.60319 0.0713902 -0.00284469 0.997401
0.855431 0.691166 1.60773 0.0486596 0.0418897 0.997936
0.44812 0.999213 1.60405 0.0243893 0.07958 0.99653
-0.12889 1.1012 1.60379 -0.00272383 0.0781311 0.99691
-0.64177 0.91697 1.60576 -0.0432293 0.0655695 0.996897
-0.977835 0.518481 1.60672 -0.0783757 0.042877 0.995994
-1.09295 0.195987 1.60698 -0.0873147 0.0175877 0.996016
-1.78556 0.337278 1.52579 -0.132552 0.036968 0.990474
-1.59467 0.833794 1.52602 -0.119401 0.0547749 0.991327
-1.21134 1.34722 1.52727 -0.0922771 0.0949193 0.991179
-0.735741 1.66485 1.52887 -0.0529205 0.117176 0.991652
-0.248599 1.78428 1.528 -0.00934823 0.134098 0.990921
0.399772 1.74969 1.52628 0.0242635 0.142386 0.989475
0.88182 1.55753 1.53354 0.0425514 0.119616 0.991892
1.30558 1.24656 1.54474 0.0672338 0.0920251 0.993455
1.63817 0.776635 1.53833 0.131188 0.0331371 0.990796
1.79557 0.293419 1.52524 0.141378 -0.00116012 0.989953
1.81275 -0.217502 1.51154 0.132081 -0.0470556 0.990115
1.60302 -0.8616 1.49722 0.118471 -0.0748369 0.990124
1.2487 -1.30463 1.49547 0.104318 -0.100162 0.989486
0.793275 -1.6136 1.50233 0.071358 -0.117444 0.990503
0.308692 -1.76565 1.50631 0.0323616 -0.147626 0.988472
-0.249671 -1.77736 1.50647 -0.0145276 -0.14607 0.98916
-0.776619 -1.6061 1.51499 -0.0435923 -0.13005 0.990531
-1.26716 -1.23793 1.52813 -0.07383 -0.108048 0.991383
-1.56815 -0.826142 1.53441 -0.110948 -0.0665391 0.991579
-1.78051 -0.25058 1.53227 -0.134871 -0.0194744 0.990668
-1.80299 0.235959 1.52675 -0.133029 0.0300232 0.990653
-2.47883 0.413658 1.41887 -0.170161 0.0251714 0.985085
-2.3318 0.903922 1.41826 -0.160166 0.0694986 0.984635
-2.09553 1.35916 1.41904 -0.156125 0.0909646 0.983528
-1.68299 1.86151 1.41717 -0.124155 0.137039 0.982745
-1.23063 2.19494 1.41505 -0.0966415 0.163514 0.981792
-0.763188 2.39062 1.41649 -0.0512956 0.193119 0.979796
-0.135887 2.48232 1.40944 0.0048861 0.199683 0.979842
0.423412 2.44895 1.40498 0.0305377 0.193764 0.980572
1.01424 2.27771 1.41153 0.0655947 0.185405 0.980439
1.49112 2.00118 1.42254 0.0955127 0.173525 0.98017
1.93639 1.5945 1.43373 0.148301 0.137559 0.979312
2.28056 1.05518 1.42194 0.177025 0.060491 0.982339
2.46547 0.477998 1.41296 0.182112 0.0239994 0.982982
2.51112 -0.0673208 1.4042 0.180874 -0.0207069 0.98328
2.4426 -0.639389 1.38861 0.176535 -0.0641728 0.9822
2.20963 -1.19303 1.38299 0.151323 -0.0911744 0.984267
1.88301 -1.65573 1.37767 0.133124 -0.128438 0.982731
1.48714 -2.00024 1.37822 0.11644 -0.152532 0.98141
1.03754 -2.25868 1.3833 0.0856534 -0.173794 0.981032
0.553892 -2.42014 1.38481 0.0445094 -0.188401 0.981066
0.0345588 -2.48538 1.38341 0.00194679 -0.191635 0.981457
-0.52782 -2.4402 1.38772 -0.0159223 -0.191846 0.981285
-1.1031 -2.21667 1.40657 -0.0586102 -0.175245 0.982752
-1.54616 -1.92036 1.41937 -0.107658 -0.142709 0.983883
-1.91695 -1.5565 1.42139 -0.140958 -0.122141 0.98245
-2.20999 -1.09177 1.42639 -0.173483 -0.0786659 0.981665
-2.4046 -0.616785 1.42143 -0.179421 -0.0431845 0.982815
-2.50841 -0.099098 1.41712 -0.171339 -0.00822935 0.985175
-2.49911 0.302787 1.41791 -0.169212 0.016447 0.985424
-3.16975 0.428766 1.27665 -0.22751 0.0173788 0.973614
-3.19344 -0.157757 1.27082 -0.239513 -0.0131859 0.970804
-3.11985 -0.6639 1.27421 -0.243559 -0.0462483 0.968776
-2.90048 -1.25387 1.28159 -0.207745 -0.0950705 0.973498
-2.64399 -1.72599 1.27767 -0.195708 -0.129774 0.972037
-2.32845 -2.12846 1.27833 -0.16608 -0.144205 0.975502
-1.9429 -2.49236 1.2757 -0.13054 -0.18122 0.974737
-1.49042 -2.79149 1.26194 -0.085889 -0.213497 0.973156
-1.03095 -3.02186 1.24171 -0.05534 -0.225761 0.972603
-0.522505 -3.14476 1.23103 -0.0245533 -0.236322 0.971361
0.069407 -3.16618 1.23321 0.00205745 -0.235601 0.97183
0.620894 -3.10952 1.23173 0.0496835 -0.233645 0.971044
1.11412 -2.97273 1.23135 0.0796947 -0.222859 0.971583
1.58916 -2.75864 1.22676 0.122361 -0.206585 0.970739
2.05066 -2.43418 1.22795 0.144654 -0.183205 0.972372
2.50379 -2.00854 1.23369 0.165881 -0.165197 0.972192
2.79585 -1.56917 1.24527 0.181588 -0.119264 0.976094
3.0168 -1.09845 1.24625 0.211192 -0.074373 0.97461
3.15048 -0.613224 1.24824 0.219073 -0.0492636 0.974433
3.1945 0.0240375 1.25782 0.244665 -0.00680959 0.969576
3.1392 0.5815 1.26439 0.245303 0.0325116 0.968895
2.99871 1.07933 1.27301 0.233958 0.0649624 0.970074
2.79785 1.54146 1.28042 0.212286 0.10874 0.971122
2.52181 1.96092 1.27926 0.179781 0.154695 0.971447
2.09642 2.41419 1.27062 0.142996 0.190004 0.971289
1.64046 2.72707 1.26686 0.111977 0.197109 0.973966
1.16145 2.9604 1.26528 0.0740545 0.208619 0.975188
0.634729 3.11474 1.26011 0.0322913 0.213584 0.976391
0.123443 3.17207 1.25593 0.00343155 0.222574 0.97491
-0.431872 3.13817 1.25964 -0.0213538 0.236072 0.97148
-0.995215 3.03454 1.26025 -0.0618283 0.231948 0.970744
-1.51048 2.82641 1.26521 -0.0955168 0.218159 0.971225
-1.95456 2.53654 1.26858 -0.146022 0.187172 0.971374
-2.3195 2.1828 1.27266 -0.173136 0.174369 0.969337
-2.70641 1.67907 1.27609 -0.189131 0.11806 0.974802
-2.93911 1.19113 1.27947 -0.207449 0.0950202 0.973611
-3.11713 0.716445 1.27881 -0.217133 0.0529578 0.974673
-3.14989 0.538346 1.27909 -0.228036 0.0295108 0.973157
-3.83123 0.600935 1.09955 -0.267482 0.0362343 0.962867
-3.88695 0.0478644 1.09069 -0.277076 -0.00513628 0.960824
-3.83877 -0.469516 1.09035 -0.276092 -0.0454813 0.960048
-3.71524 -1.0334 1.09139 -0.274226 -0.0733096 0.958849
-3.50102 -1.59062 1.09622 -0.261337 -0.112433 0.958677
-3.21914 -2.09232 1.09582 -0.237066 -0.15142 0.959612
-2.89652 -2.51291 1.10044 -0.215389 -0.173061 0.96106
-2.51829 -2.89445 1.10303 -0.188554 -0.213487 0.958566
-2.03947 -3.25243 1.09338 -0.13691 -0.255102 0.957172
-1.60938 -3.51051 1.07382 -0.09317 -0.257708 0.961712
-1.13404 -3.70996 1.05917 -0.0636277 -0.26733 0.961495
-0.607512 -3.82398 1.05145 -0.0318525 -0.268966 0.962622
-0.0780711 -3.85279 1.05653 -0.0171461 -0.266935 0.963561
0.486464 -3.82918 1.05767 0.034171 -0.259312 0.965152
1.05494 -3.71498 1.05256 0.0773964 -0.249548 0.965257
1.61893 -3.50426 1.0494 0.112968 -0.237172 0.964865
2.10724 -3.23492 1.04895 0.138064 -0.221307 0.965371
2.53234 -2.92589 1.05102 0.163445 -0.205486 0.964904
2.95829 -2.53801 1.0528 0.184902 -0.185575 0.965068
3.33809 -1.9887 1.07093 0.212751 -0.15051 0.965431
3.57346 -1.54101 1.07773 0.23335 -0.117329 0.965278
3.75067 -1.02507 1.08031 0.252793 -0.0601432 0.965643
3.85055 -0.52596 1.07496 0.265151 -0.026237 0.96384
3.87768 0.0223457 1.07299 0.274342 0.000694419 0.961631
3.837 0.526151 1.07543 0.276751 0.0316472 0.960406
3.71224 1.10464 1.0832 0.275269 0.0696141 0.958813
3.52579 1.59778 1.08982 0.265407 0.104501 0.95845
3.29296 2.04919 1.09315 0.242472 0.144098 0.959364
2.96999 2.49492 1.09275 0.208359 0.181298 0.961091
2.59594 2.87278 1.09058 0.180976 0.210456 0.960701
2.17714 3.19485 1.08888 0.157883 0.228211 0.960725
1.66949 3.48171 1.09326 0.123282 0.239264 0.963089
1.1578 3.69388 1.0944 0.0829026 0.244469 0.966101
0.568112 3.82434 1.09633 0.0302572 0.251004 0.96748
-0.0204672 3.85338 1.09002 -0.0228007 0.254559 0.966779
-0.593219 3.80383 1.08465 -0.0351285 0.262397 0.964309
-1.09437 3.70451 1.0872 -0.0595566 0.259641 0.963864
-1.58505 3.54047 1.08935 -0.0978393 0.244589 0.964668
-2.16394 3.23672 1.08519 -0.162167 0.22033 0.961834
-2.58062 2.88988 1.08526 -0.182596 0.204229 0.961739
-2.93743 2.52151 1.08958 -0.198073 0.184635 0.96262
-3.30596 1.99891 1.09687 -0.23455 0.150386 0.960391
-3.57628 1.46266 1.0998 -0.247571 0.112785 0.962281
-3.75993 0.940821 1.10157 -0.261678 0.069629 0.962593
-3.80383 0.759095 1.10064 -0.263947 0.0481384 0.963291
-4.45727 0.935511 0.896201 -0.314542 0.0558331 0.947575
-4.5428 0.442419 0.888408 -0.308089 0.020705 0.951128
-4.56159 -0.0979037 0.884111 -0.308296 -0.0139779 0.951178
-4.50943 -0.598487 0.882112 -0.299995 -0.0491744 0.952665
-4.3852 -1.16899 0.879381 -0.297352 -0.0827179 0.95117
-4.21315 -1.64695 0.884125 -0.291817 -0.115074 0.949507
-3.96033 -2.15938 0.887204 -0.279946 -0.15139 0.948
-3.68445 -2.59347 0.88703 -0.25522 -0.18209 0.949576
-3.34083 -3.01799 0.888131 -0.238442 -0.210866 0.947981
-2.92138 -3.4269 0.888854 -0.203002 -0.234722 0.950628
-2.52617 -3.74659 0.881394 -0.164848 -0.262118 0.950843
-2.05053 -4.04998 0.868602 -0.125311 -0.279472 0.951902
-1.53833 -4.2759 0.858153 -0.0920645 -0.286602 0.953612
-1.05423 -4.42498 0.854537 -0.0675933 -0.282184 0.956966
-0.50634 -4.52269 0.856364 -0.0397579 -0.28085 0.958925
0.0300561 -4.53413 0.867104 -0.00525726 -0.272155 0.962203
0.628138 -4.4813 0.869221 0.0472244 -0.283072 0.957927
1.20765 -4.37627 0.858856 0.0886433 -0.274009 0.957624
1.69702 -4.21495 0.853511 0.111644 -0.271623 0.955894
2.1592 -3.99451 0.854728 0.135445 -0.256537 0.956983
2.60988 -3.72084 0.856892 0.15388 -0.237982 0.959
3.02751 -3.39926 0.85862 0.181944 -0.215489 0.959401
3.4131 -3.03828 0.859884 0.201744 -0.202052 0.95837
3.76236 -2.59214 0.874773 0.217876 -0.177667 0.959643
4.03765 -2.12118 0.883269 0.256237 -0.133099 0.957377
4.2749 -1.58648 0.883181 0.288093 -0.107689 0.951498
4.44235 -1.08926 0.8756 0.297315 -0.0648515 0.952568
4.52535 -0.59159 0.874009 0.296861 -0.0278918 0.954506
4.55441 -0.0557391 0.870655 0.294086 0.00853093 0.955736
4.5135 0.543223 0.868362 0.300382 0.0370689 0.953091
4.41153 1.08665 0.871866 0.308584 0.0682991 0.948724
4.24748 1.60787 0.875945 0.29545 0.0993681 0.950174
4.02677 2.10153 0.881528 0.280788 0.137797 0.949822
3.67333 2.6775 0.887487 0.256559 0.175791 0.950388
3.29652 3.13697 0.884776 0.21891 0.215989 0.951537
2.80468 3.57674 0.882304 0.188794 0.24065 0.952073
2.37889 3.86055 0.889455 0.17362 0.255597 0.951066
1.8113 4.15589 0.897808 0.130384 0.274231 0.952753
1.33384 4.35021 0.895864 0.0963491 0.279277 0.955346
0.751882 4.4862 0.899128 0.0499376 0.294586 0.954286
0.125764 4.52153 0.898666 -0.0141915 0.305695 0.952011
-0.417494 4.50795 0.882974 -0.0403358 0.302712 0.952224
-0.964616 4.42713 0.880337 -0.0587935 0.297902 0.95278
-1.45744 4.30801 0.882054 -0.084422 0.299306 0.950406
-1.94374 4.12078 0.887781 -0.130061 0.292794 0.947263
-2.43534 3.87156 0.879511 -0.179242 0.262433 0.948139
-2.91573 3.51997 0.877758 -0.185838 0.238656 0.953142
-3.30582 3.11942 0.893466 -0.197725 0.205737 0.958411
-3.65001 2.69843 0.89708 -0.238188 0.168242 0.956528
-3.98109 2.19418 0.890234 -0.265077 0.14568 0.953158
-4.21034 1.69688 0.89447 -0.283672 0.123169 0.950969
-4.39723 1.18327 0.894723 -0.296945 0.0911966 0.95053
-4.45084 0.96703 0.896327 -0.315101 0.0702312 0.946406
-5.10549 1.10354 0.663374 -0.337004 0.0660103 0.939162
-5.20237 0.53449 0.659308 -0.337184 0.0399455 0.940586
-5.22888 -0.00910851 0.659765 -0.329333 0.00155021 0.94421
-5.17703 -0.616956 0.66103 -0.33402 -0.0483686 0.941304
-5.07913 -1.14041 0.659364 -0.317547 -0.0764296 0.94515
-4.93701 -1.63136 0.656766 -0.316284 -0.108472 0.942432
-4.69793 -2.20291 0.654166 -0.298332 -0.147761 0.942948
-4.44494 -2.6503 0.657215 -0.284467 -0.168796 0.943707
-4.11496 -3.13348 0.657595 -0.266466 -0.206852 0.941364
-3.75612 -3.55006 0.657407 -0.248374 -0.233434 0.940112
-3.39325 -3.91089 0.655695 -0.222662 -0.259429 0.939729
-2.96366 -4.25087 0.655123 -0.195869 -0.274207 0.941512
-2.54218 -4.53146 0.652581 -0.163338 -0.28763 0.943708
-2.07916 -4.77733 0.643866 -0.117262 -0.300383 0.946579
-1.49014 -5.00266 0.637776 -0.0972714 -0.305892 0.947081
-0.942825 -5.13862 0.63722 -0.0625308 -0.315682 0.94679
-0.408308 -5.20027 0.642328 -0.0319211 -0.331282 0.942983
0.106265 -5.19741 0.650415 0.00765131 -0.336368 0.941689
0.632995 -5.15397 0.652924 0.0434046 -0.328451 0.943515
1.21578 -5.05112 0.648024 0.0840718 -0.317364 0.944554
1.83354 -4.87518 0.641385 0.112249 -0.306101 0.945348
2.35505 -4.64666 0.64062 0.137853 -0.28377 0.94893
2.84842 -4.36614 0.646813 0.156181 -0.271646 0.949634
3.26018 -4.08219 0.650211 0.187968 -0.246314 0.950787
3.73235 -3.6731 0.649028 0.221192 -0.227385 0.948342
4.12715 -3.24015 0.650225 0.247233 -0.210077 0.945893
4.41376 -2.82826 0.658252 0.276572 -0.186846 0.942651
4.69635 -2.30474 0.65847 0.305163 -0.14034 0.941901
4.89269 -1.84246 0.655309 0.322589 -0.114722 0.939557
5.06021 -1.35448 0.650873 0.323458 -0.0916549 0.94179
5.1755 -0.746296 0.653775 0.33017 -0.0449053 0.942826
5.2199 -0.0655632 0.649202 0.339048 0.00688612 0.940736
5.18486 0.526196 0.644848 0.332231 0.0424142 0.942243
5.08659 1.14595 0.640986 0.323351 0.072153 0.943508
4.90747 1.73552 0.647185 0.319073 0.0989265 0.942552
4.69173 2.27579 0.648281 0.302418 0.138246 0.94308
4.39395 2.80074 0.654488 0.290635 0.171326 0.941362
4.07864 3.24324 0.65946 0.266784 0.210718 0.940425
3.75268 3.62495 0.657059 0.244655 0.233257 0.941128
3.29212 4.03147 0.660296 0.206267 0.255945 0.944426
2.81948 4.37968 0.65892 0.183586 0.281834 0.941732
2.37003 4.63448 0.662961 0.166786 0.300274 0.939155
1.84264 4.87159 0.670166 0.139553 0.315739 0.938514
1.2743 5.05389 0.677345 0.0885173 0.336875 0.937335
0.7629 5.16436 0.668716 0.0392616 0.346545 0.937209
0.179596 5.19542 0.667528 -0.000660291 0.342771 0.939417
-0.404228 5.17852 0.660253 -0.0326615 0.330521 0.943217
-0.910663 5.12157 0.65708 -0.0519562 0.321709 0.945412
-1.45174 4.98883 0.662244 -0.0857529 0.325455 0.941655
-1.97712 4.8181 0.659533 -0.129599 0.311358 0.941414
-2.47033 4.6088 0.649794 -0.171984 0.30021 0.938239
-2.91321 4.36644 0.641423 -0.185112 0.29118 0.938588
-3.35803 4.02974 0.652467 -0.197712 0.272124 0.941722
-3.76806 3.60252 0.675295 -0.236056 0.238733 0.941919
-4.16571 3.11987 0.677283 -0.275221 0.193852 0.941609
-4.47783 2.67492 0.664319 -0.29636 0.164324 0.940824
-4.74966 2.15212 0.661236 -0.308399 0.143997 0.940289
-4.93865 1.63672 0.670444 -0.315693 0.119924 0.941251
-5.07331 1.2229 0.66571 -0.332718 0.0746698 0.940049
-5.7302 1.3484 0.411955 -0.355795 0.0870669 0.930495
-5.54447 1.9134 0.418425 -0.343612 0.122767 0.931051
-5.35906 2.42579 0.410388 -0.326467 0.149166 0.933364
-5.12539 2.86818 0.415908 -0.320912 0.173396 0.931097
-4.7814 3.40824 0.42267 -0.305377 0.208185 0.929185
-4.46619 3.81029 0.422838 -0.281875 0.244455 0.927777
-4.12785 4.18421 0.418932 -0.254684 0.266389 0.929579
-3.75031 4.5712 0.400088 -0.217168 0.283851 0.933938
-3.32226 4.88846 0.393789 -0.19222 0.297024 0.935318
-2.88408 5.12889 0.402937 -0.180847 0.308532 0.933863
-2.41209 5.36125 0.408862 -0.150651 0.331909 0.931186
-1.89701 5.55917 0.408885 -0.111906 0.348917 0.930435
-1.37326 5.70449 0.407365 -0.0839702 0.353485 0.931664
-0.847003 5.80877 0.406353 -0.0574297 0.359133 0.931517
-0.336398 5.84967 0.413293 -0.0289403 0.361232 0.932026
0.18514 5.86431 0.414236 0.00335428 0.364103 0.931349
0.734645 5.83366 0.412826 0.0413887 0.368093 0.928845
1.2334 5.74326 0.418299 0.0761808 0.367094 0.927026
1.76475 5.60308 0.416255 0.117515 0.350176 0.929266
2.25068 5.41947 0.414415 0.148625 0.334845 0.930473
2.73933 5.18214 0.414923 0.168379 0.317428 0.933208
3.19163 4.92078 0.413846 0.195492 0.305138 0.932026
3.60632 4.62545 0.417649 0.219556 0.293516 0.930377
4.00748 4.29363 0.414568 0.253253 0.264563 0.930491
4.363 3.9335 0.409564 0.274205 0.2364 0.93215
4.7098 3.49972 0.409127 0.293907 0.21721 0.930825
5.06444 2.97962 0.408478 0.308128 0.191608 0.931847
5.30472 2.53892 0.405537 0.320439 0.145919 0.93595
5.52016 2.01634 0.403999 0.334828 0.114848 0.935241
5.69599 1.45282 0.398763 0.342217 0.0835469 0.935896
5.79884 0.878823 0.403671 0.349727 0.0558082 0.935181
5.87645 0.249438 0.400913 0.353011 0.0269885 0.935229
5.87888 -0.347827 0.403506 0.361017 -0.0121559 0.932463
5.83166 -0.859716 0.404299 0.355098 -0.0488591 0.933551
5.73232 -1.37463 0.404688 0.349928 -0.0845701 0.932951
5.56768 -1.91929 0.406887 0.3419 -0.11176 0.933067
5.35865 -2.44513 0.409804 0.333003 -0.141976 0.932166
5.13132 -2.9148 0.411791 0.319674 -0.166705 0.932735
4.86192 -3.37483 0.408756 0.295814 -0.201775 0.933684
4.48085 -3.83724 0.414877 0.267857 -0.231209 0.935303
4.07841 -4.26954 0.411828 0.245624 -0.25459 0.935336
3.63258 -4.63407 0.411866 0.209685 -0.28827 0.934301
3.12558 -4.95753 0.415409 0.178483 -0.304348 0.935679
2.60679 -5.25148 0.407173 0.151724 -0.323415 0.934006
2.01108 -5.51511 0.400321 0.12123 -0.334528 0.934547
1.4098 -5.67746 0.408025 0.0946329 -0.344133 0.93414
0.889695 -5.79046 0.406875 0.0620961 -0.349886 0.934728
0.352415 -5.84267 0.4106 0.0230122 -0.350516 0.936267
-0.172565 -5.86779 0.404741 -0.0125734 -0.346446 0.937978
-0.797651 -5.83158 0.400405 -0.0401288 -0.342294 0.938725
-1.31182 -5.73516 0.402704 -0.0756448 -0.343403 0.936115
-1.95919 -5.53255 0.404989 -0.119601 -0.331321 0.935896
-2.51899 -5.30161 0.402295 -0.152482 -0.322668 0.934147
-3.02485 -5.00418 0.408818 -0.194328 -0.305202 0.932239
-3.53689 -4.64499 0.408552 -0.221271 -0.282126 0.933493
-4.02431 -4.20749 0.411816 -0.251356 -0.261739 0.931828
-4.3868 -3.83238 0.411029 -0.267626 -0.242607 0.932477
-4.71655 -3.43641 0.410334 -0.285613 -0.219349 0.932893
-5.01242 -2.99662 0.412757 -0.307161 -0.185168 0.933451
-5.26946 -2.53643 0.410316 -0.320584 -0.158235 0.933907
-5.49004 -2.03508 0.411213 -0.333698 -0.138224 0.932491
-5.65575 -1.49631 0.415192 -0.346231 -0.0944076 0.933378
-5.77493 -1.00201 0.413772 -0.353578 -0.0715447 0.932665
-5.85687 -0.438225 0.416679 -0.364045 -0.0390977 0.930544
-5.89864 0.0848851 0.411416 -0.361044 0.00312435 0.932535
-5.85839 0.587089 0.414877 -0.354551 0.0474226 0.933832
-5.78431 1.10017 0.411732 -0.356483 0.0689664 0.931747
-5.74492 1.29189 0.411439 -0.355771 0.0797431 0.93115
-6.40213 1.38359 0.150484 -0.355957 0.0828951 0.930818
-6.19298 2.04486 0.160354 -0.350352 0.110055 0.93013
-6.0365 2.52109 0.151648 -0.339866 0.141861 0.929708
-5.82723 2.99122 0.149443 -0.327651 0.165059 0.930269
-5.52513 3.48959 0.156182 -0.31282 0.196224 0.929313
-5.22938 3.90835 0.159103 -0.295239 0.22271 0.929089
-4.90169 4.29813 0.162492 -0.277629 0.242197 0.929656
-4.56378 4.68286 0.157622 -0.259838 0.259404 0.930137
-4.15076 5.07886 0.150362 -0.227432 0.282128 0.932012
-3.7279 5.3968 0.146615 -0.198278 0.297363 0.933939
-3.26582 5.65964 0.15326 -0.177358 0.30909 0.934346
-2.74135 5.9435 0.149458 -0.151418 0.325932 0.933166
-2.21123 6.1465 0.150898 -0.115984 0.338036 0.933951
-1.65503 6.3114 0.150343 -0.0888264 0.351791 0.931854
-1.10502 6.4313 0.149797 -0.0609029 0.359796 0.931036
-0.543407 6.49601 0.153219 -0.0313044 0.366005 0.930076
-0.0390493 6.51495 0.156312 -0.00781909 0.367706 0.929907
0.511426 6.50681 0.154027 0.0213775 0.365593 0.930529
1.05858 6.45125 0.151244 0.0588141 0.364452 0.929345
1.66015 6.31668 0.154249 0.0944007 0.359095 0.928483
2.1529 6.16104 0.155458 0.124326 0.344066 0.930653
2.63763 5.96151 0.155877 0.150294 0.333254 0.930776
3.1449 5.70896 0.155952 0.178021 0.323006 0.929481
3.60982 5.43258 0.153943 0.201073 0.310445 0.929082
4.02745 5.13004 0.156638 0.225777 0.292021 0.929372
4.44608 4.77142 0.156834 0.252621 0.265659 0.930362
4.88377 4.32564 0.153095 0.271458 0.239773 0.932087
5.29973 3.80686 0.151514 0.289449 0.21547 0.93262
5.57742 3.38004 0.155253 0.304187 0.191665 0.93313
5.90096 2.82636 0.148499 0.325223 0.156422 0.932597
6.11852 2.27347 0.153304 0.340522 0.120158 0.932514
6.29064 1.77013 0.146881 0.346425 0.0938133 0.933372
6.40522 1.24291 0.151781 0.34662 0.0724906 0.935189
6.50823 0.688799 0.14643 0.349633 0.0390071 0.93606
6.54043 0.124615 0.148135 0.356617 0.0100477 0.934196
6.52341 -0.451744 0.151876 0.358417 -0.0156454 0.93343
6.45098 -1.06493 0.156237 0.358063 -0.054039 0.932113
6.35802 -1.59243 0.151278 0.34604 -0.0860058 0.934246
6.20518 -2.06948 0.154753 0.342595 -0.114341 0.932498
5.98819 -2.65622 0.15107 0.3335 -0.140927 0.932153
5.76132 -3.12323 0.153888 0.322348 -0.167859 0.931615
5.51538 -3.58879 0.147724 0.309346 -0.192881 0.931176
5.19296 -4.02946 0.154023 0.287584 -0.223691 0.931241
4.82525 -4.44963 0.154251 0.265253 -0.251566 0.930777
4.40069 -4.86101 0.151923 0.246092 -0.27959 0.928042
3.95545 -5.20159 0.156052 0.218255 -0.298245 0.929193
3.46127 -5.52927 0.15645 0.187593 -0.311835 0.931397
3.01888 -5.77468 0.155449 0.1656 -0.322037 0.932129
2.56054 -6.00168 0.149045 0.140872 -0.329816 0.933471
2.0139 -6.20805 0.147628 0.10883 -0.337654 0.934955
1.52023 -6.32282 0.157101 0.082148 -0.346044 0.9346
1.03336 -6.43567 0.151515 0.06173 -0.354469 0.933027
0.497829 -6.49366 0.155066 0.0324226 -0.361784 0.931698
-0.0308634 -6.5147 0.155935 0.00104228 -0.364636 0.931147
-0.662614 -6.50685 0.149469 -0.0282754 -0.359193 0.932828
-1.17763 -6.44263 0.146572 -0.0635459 -0.352372 0.933699
-1.75094 -6.29467 0.152924 -0.0974105 -0.34834 0.93228
-2.34181 -6.08838 0.152587 -0.134136 -0.333196 0.933264
-2.81537 -5.88634 0.148527 -0.160084 -0.323211 0.932679
-3.25726 -5.63394 0.153172 -0.182306 -0.308395 0.933622
-3.68051 -5.36763 0.149184 -0.212598 -0.29902 0.93026
-4.10191 -5.01978 0.155758 -0.233465 -0.278204 0.931716
-4.55419 -4.6004 0.156715 -0.256661 -0.257571 0.931544
-4.96831 -4.16672 0.1541 -0.274028 -0.240955 0.931046
-5.31483 -3.73518 0.15318 -0.295859 -0.213453 0.931077
-5.59897 -3.30327 0.154304 -0.312274 -0.188827 0.931024
-5.8797 -2.78679 0.153529 -0.32703 -0.156964 0.931887
-6.10072 -2.28681 0.152451 -0.341696 -0.131529 0.93055
-6.27727 -1.74415 0.153667 -0.351759 -0.102177 0.930495
-6.40001 -1.20541 0.156517 -0.360982 -0.0731507 0.929696
-6.46944 -0.66959 0.164342 -0.36461 -0.0451665 0.93005
-6.53709 -0.15978 0.15238 -0.373971 -0.0109879 0.927374
-6.52561 0.392433 0.154886 -0.373631 0.0189357 0.927367
-6.47998 0.89056 0.153785 -0.366954 0.0507239 0.928855
-6.41931 1.26329 0.153441 -0.359076 0.0696703 0.930703
-6.40771 1.34216 0.152047 -0.358196 0.0762696 0.930498
