-0.40007 -0.00229819 2.48526 -0.00709398 -0.0333498 0.999389
-0.0211594 -0.397381 2.46498 0.015684 -0.0643688 0.997794
0.380619 -0.155924 2.46851 0.0382556 -0.0489615 0.998055
0.169839 0.365834 2.48898 0.0229419 0.00204339 0.999704
-0.304194 0.255423 2.49021 -0.0222512 0.00479054 0.999732
-0.3985 0.00278396 2.4854 -0.0158145 -0.0196469 0.999621
-1.1086 0.152607 2.44037 -0.11135 0.0267407 0.993415
-1.06324 -0.34622 2.43618 -0.0841301 -0.0429299 0.995498
-0.727066 -0.826478 2.42522 -0.0430069 -0.0836186 0.995545
-0.275804 -1.07145 2.41219 -0.00166598 -0.0973797 0.995242
0.282092 -1.0786 2.39869 0.0340357 -0.100234 0.994375
0.732174 -0.850074 2.40189 0.047324 -0.0897858 0.994835
1.03864 -0.418056 2.42039 0.0631505 -0.0698872 0.995544
1.12221 0.109441 2.43948 0.0776155 -0.0179693 0.996756
0.963697 0.578628 2.44714 0.0823998 0.0379818 0.995808
0.53017 0.994929 2.44933 0.0482964 0.0911429 0.994599
0.0170526 1.11263 2.44782 -0.00824524 0.103112 0.994625
-0.564032 0.961767 2.44349 -0.0646819 0.0898028 0.993827
-0.981503 0.51285 2.44107 -0.101988 0.0620485 0.992833
-1.05974 0.323376 2.44097 -0.105974 0.0328548 0.993809
-1.72883 0.57822 2.3405 -0.154483 0.0534049 0.986542
-1.8345 0.0482534 2.3412 -0.156259 0.0127411 0.987625
-1.75845 -0.539393 2.34749 -0.140088 -0.0333641 0.989567
-1.45056 -1.07867 2.34599 -0.106341 -0.100695 0.989208
-1.04057 -1.47059 2.33312 -0.0730257 -0.139702 0.987487
-0.544586 -1.72828 2.32064 -0.0314878 -0.160843 0.98646
0.12356 -1.82681 2.30795 0.0159456 -0.147001 0.988989
0.651955 -1.70226 2.31015 0.0401123 -0.138124 0.989595
1.12733 -1.42607 2.31685 0.0853405 -0.13852 0.986675
1.52477 -1.0076 2.32874 0.0957554 -0.108745 0.989447
1.74439 -0.559479 2.34514 0.120642 -0.06302 0.990647
1.83669 0.0317909 2.35041 0.167045 0.00182188 0.985935
1.74221 0.578277 2.34975 0.166031 0.0530114 0.984693
1.4316 1.15552 2.34705 0.140655 0.112412 0.983642
1.04871 1.49725 2.35182 0.0934786 0.139286 0.985815
0.581936 1.72412 2.35093 0.0459298 0.159079 0.986187
0.0679453 1.81481 2.34969 0.00590815 0.161579 0.986822
-0.529828 1.74255 2.34949 -0.0424491 0.152169 0.98742
-1.00653 1.52124 2.34703 -0.0951054 0.13074 0.986839
-1.38204 1.17097 2.34327 -0.129186 0.0995212 0.98661
-1.71733 0.609402 2.34048 -0.151709 0.0604465 0.986565
-2.37331 0.855054 2.21636 -0.178247 0.0733726 0.981232
-2.50782 0.332816 2.21769 -0.186974 0.0299874 0.981903
-2.52985 -0.200951 2.22249 -0.186135 0.00045166 0.982501
-2.43474 -0.747394 2.22458 -0.191357 -0.0588907 0.979726
-2.20444 -1.2356 2.22153 -0.183801 -0.118275 0.975821
-1.79787 -1.73682 2.21113 -0.132788 -0.159461 0.978211
-1.38869 -2.07285 2.20348 -0.101255 -0.167823 0.9806
-0.860444 -2.35152 2.19736 -0.0558772 -0.180138 0.982043
-0.354403 -2.50355 2.18477 -0.0178117 -0.196858 0.980261
0.171883 -2.52958 2.1796 0.0191368 -0.199348 0.979742
0.790833 -2.42187 2.17438 0.0597139 -0.20064 0.977843
1.29631 -2.17715 2.1807 0.101289 -0.188965 0.976708
1.72192 -1.85069 2.1869 0.133125 -0.164397 0.977367
2.06637 -1.47007 2.20133 0.135837 -0.146775 0.979793
2.32567 -1.03393 2.21951 0.16178 -0.101286 0.981572
2.49746 -0.512572 2.2214 0.204993 -0.02588 0.978391
2.54955 0.00157846 2.21363 0.210638 0.0105956 0.977504
2.49087 0.498729 2.211 0.210007 0.0500897 0.976382
2.31532 1.02351 2.20985 0.192417 0.0898483 0.977177
2.07924 1.46939 2.20667 0.169559 0.11656 0.978596
1.74373 1.85214 2.21189 0.149646 0.141285 0.978582
1.29306 2.17771 2.22135 0.107104 0.16308 0.980743
0.748689 2.40963 2.22249 0.0540774 0.189646 0.980344
0.180129 2.51026 2.22136 0.0117107 0.197908 0.980134
-0.330446 2.49154 2.21867 -0.0297615 0.206121 0.978064
-0.970727 2.32795 2.21702 -0.0733512 0.196801 0.977693
-1.41862 2.08534 2.21421 -0.122033 0.164081 0.978863
-1.84852 1.70552 2.21252 -0.148402 0.135247 0.979635
-2.20379 1.22646 2.21383 -0.16087 0.10082 0.981792
-2.30501 1.02027 2.21559 -0.175175 0.0819196 0.981108
-2.92731 1.33914 2.06096 -0.224169 0.11111 0.968187
-3.12083 0.806538 2.06477 -0.231173 0.0680272 0.970518
-3.23495 0.224626 2.0606 -0.24059 0.0180679 0.970459
-3.21641 -0.313 2.06699 -0.256895 -0.0130761 0.966339
-3.13965 -0.807526 2.06285 -0.237021 -0.082152 0.967998
-2.96412 -1.30247 2.05281 -0.225071 -0.123285 0.966504
-2.66438 -1.80033 2.05088 -0.201352 -0.147458 0.968324
-2.32649 -2.19 2.05119 -0.169235 -0.16456 0.97174
-1.80859 -2.63171 2.05183 -0.125923 -0.185003 0.974623
-1.32721 -2.90865 2.04696 -0.0837549 -0.212856 0.973484
-0.85404 -3.09032 2.03986 -0.0504261 -0.224761 0.973084
-0.323875 -3.20517 2.03071 -0.0217598 -0.236014 0.971506
0.190677 -3.23004 2.02489 0.0269788 -0.236813 0.971165
0.730509 -3.15501 2.01593 0.0657669 -0.228731 0.971259
1.30104 -2.96385 2.01364 0.0903176 -0.218601 0.97162
1.7888 -2.6808 2.01745 0.133298 -0.203126 0.97003
2.246 -2.31546 2.02441 0.152528 -0.192296 0.969405
2.62857 -1.89987 2.0385 0.179871 -0.169691 0.968902
2.89639 -1.44579 2.05687 0.218731 -0.127956 0.967281
3.11259 -0.939886 2.05334 0.256908 -0.069113 0.963916
3.21798 -0.436131 2.04543 0.258956 -0.020562 0.96567
3.24118 0.122275 2.04098 0.257434 0.0129413 0.966203
3.16477 0.661939 2.04574 0.249598 0.040917 0.967479
3.00389 1.16646 2.0495 0.230373 0.0916886 0.968761
2.79531 1.6372 2.04449 0.210411 0.119578 0.970266
2.47033 2.10855 2.04783 0.194752 0.140379 0.970742
2.09206 2.47766 2.05715 0.172557 0.181866 0.968049
1.53675 2.82706 2.07301 0.125189 0.20445 0.970818
1.04238 3.05441 2.06834 0.072033 0.225256 0.971606
0.549904 3.17567 2.06276 0.0300901 0.241158 0.969992
-0.0110661 3.20858 2.062 -0.000874401 0.246929 0.96903
-0.515001 3.16004 2.05759 -0.0511556 0.241177 0.969128
-1.03855 3.03513 2.0539 -0.0759111 0.236359 0.968686
-1.61512 2.78746 2.05434 -0.116642 0.209605 0.970781
-2.06801 2.47878 2.04999 -0.153292 0.183587 0.970976
-2.46661 2.07213 2.05599 -0.173474 0.168469 0.970315
-2.8159 1.5488 2.06116 -0.212067 0.12522 0.969172
-2.91524 1.36616 2.06053 -0.223334 0.115234 0.967907
-3.52807 1.66136 1.86904 -0.257411 0.126231 0.958009
-3.71803 1.19243 1.87139 -0.272291 0.0977505 0.957212
-3.85656 0.702508 1.86883 -0.291037 0.0605125 0.954796
-3.92677 0.118434 1.86594 -0.293699 0.00875693 0.955837
-3.89892 -0.454309 1.86534 -0.294749 -0.0439484 0.954541
-3.77448 -1.04692 1.86226 -0.287873 -0.0872353 0.953674
-3.55822 -1.64652 1.85512 -0.267277 -0.130267 0.954773
-3.27086 -2.13777 1.85269 -0.246841 -0.162873 0.95527
-2.91407 -2.5821 1.86089 -0.223713 -0.18114 0.95767
-2.50843 -2.96837 1.87227 -0.195537 -0.213749 0.957089
-2.03183 -3.33284 1.87097 -0.156633 -0.237389 0.958704
-1.57277 -3.56641 1.86814 -0.0941704 -0.245108 0.964891
-1.06423 -3.75779 1.85709 -0.0644816 -0.274404 0.959448
-0.522327 -3.87759 1.85049 -0.0292661 -0.270448 0.962281
0.0130026 -3.92296 1.84618 0.00785918 -0.280655 0.959769
0.568302 -3.87876 1.83886 0.0598618 -0.279367 0.958316
1.11332 -3.77987 1.82838 0.0769811 -0.272106 0.959179
1.59426 -3.59331 1.83186 0.110671 -0.255231 0.960513
2.03289 -3.34516 1.83478 0.136961 -0.232389 0.962925
2.4493 -3.04726 1.8376 0.16926 -0.221207 0.960425
2.86674 -2.68036 1.84037 0.190897 -0.203141 0.960354
3.19381 -2.29722 1.84663 0.232361 -0.180414 0.955733
3.45967 -1.87199 1.85279 0.258052 -0.147579 0.954763
3.67941 -1.37303 1.85605 0.280891 -0.109143 0.953502
3.84903 -0.839629 1.85129 0.286269 -0.0636709 0.956031
3.91831 -0.332675 1.85181 0.2784 -0.014133 0.960358
3.91163 0.331345 1.85018 0.277663 0.0248719 0.960354
3.81996 0.874973 1.85369 0.283734 0.0575614 0.957154
3.64489 1.41928 1.86072 0.267942 0.0905533 0.959162
3.44066 1.89095 1.8605 0.251856 0.136339 0.958089
3.14789 2.37022 1.85284 0.228545 0.179058 0.956924
2.76682 2.79306 1.8563 0.214647 0.20137 0.955705
2.33792 3.14254 1.86727 0.189319 0.235829 0.953165
1.82766 3.46105 1.8759 0.147873 0.260815 0.953973
1.30255 3.70012 1.87431 0.0926363 0.287177 0.953369
0.681005 3.85914 1.86458 0.0445224 0.295259 0.954378
0.173372 3.90775 1.86682 0.014779 0.285794 0.958157
-0.332407 3.88897 1.86636 -0.0339791 0.280174 0.959332
-0.860425 3.79368 1.86765 -0.0588595 0.275479 0.9595
-1.37498 3.66242 1.86459 -0.086791 0.26276 0.960948
-1.89238 3.42979 1.86685 -0.134203 0.247152 0.959634
-2.37413 3.11037 1.86699 -0.173243 0.222345 0.959447
-2.79767 2.73179 1.86737 -0.198251 0.199046 0.959726
-3.19666 2.24641 1.86687 -0.2341 0.162005 0.958607
-3.47642 1.77028 1.86804 -0.253315 0.131984 0.958333
-4.05679 2.13436 1.65257 -0.283183 0.150085 0.947245
-3.75774 2.65317 1.64722 -0.262358 0.187492 0.946565
-3.42284 3.07081 1.64671 -0.241346 0.215776 0.946136
-3.00275 3.4793 1.64812 -0.219899 0.248346 0.943377
-2.59635 3.80867 1.64466 -0.192066 0.287984 0.938152
-2.14918 4.07355 1.64433 -0.157255 0.293186 0.943026
-1.67041 4.28364 1.64884 -0.117688 0.309007 0.943724
-1.078 4.44561 1.6535 -0.0761599 0.319763 0.944416
-0.505868 4.54737 1.64896 -0.0314651 0.324597 0.945322
0.14538 4.59727 1.63747 0.0130751 0.334345 0.94235
0.716287 4.54238 1.6367 0.0501223 0.330276 0.942549
1.2107 4.4437 1.63602 0.0852164 0.329766 0.940205
1.73891 4.25305 1.64403 0.131509 0.319049 0.938531
2.2211 4.00696 1.64459 0.170407 0.294454 0.940336
2.71896 3.70316 1.63704 0.196144 0.275617 0.941043
3.19163 3.34063 1.62931 0.231564 0.234529 0.944102
3.53606 2.97221 1.62658 0.253378 0.213125 0.94359
3.87226 2.51006 1.63028 0.272545 0.190944 0.943004
4.14435 1.97699 1.64321 0.296413 0.143435 0.944196
4.3455 1.47991 1.63884 0.309533 0.0965879 0.945968
4.4934 0.950824 1.63739 0.316649 0.0721396 0.945793
4.59642 0.349412 1.63609 0.324799 0.038169 0.945008
4.61376 -0.16523 1.63635 0.327925 -0.00840881 0.944657
4.5645 -0.708187 1.63272 0.330038 -0.0618369 0.941932
4.45639 -1.20627 1.62886 0.32423 -0.095526 0.941132
4.29377 -1.68781 1.6284 0.313238 -0.117678 0.942347
4.04231 -2.19987 1.63261 0.287951 -0.158235 0.944468
3.70531 -2.72971 1.62984 0.258045 -0.196979 0.945829
3.28687 -3.22595 1.62593 0.223734 -0.221573 0.949118
2.82228 -3.62332 1.62779 0.185918 -0.244914 0.951545
2.36426 -3.94045 1.62523 0.16455 -0.26681 0.949591
1.87369 -4.21997 1.61998 0.132021 -0.284469 0.949546
1.38848 -4.40796 1.61235 0.0878979 -0.310259 0.946576
0.861 -4.52325 1.61893 0.0718602 -0.315076 0.94633
0.317493 -4.58544 1.62842 0.0299871 -0.324949 0.945234
-0.241687 -4.58845 1.63055 -0.0174122 -0.330909 0.943494
-0.761676 -4.52526 1.63391 -0.0480723 -0.320361 0.946075
-1.25705 -4.4155 1.64116 -0.0707482 -0.313103 0.947072
-1.76603 -4.22497 1.65564 -0.109731 -0.306541 0.945474
-2.22132 -4.0062 1.65143 -0.175811 -0.284469 0.942398
-2.70268 -3.69242 1.6432 -0.216168 -0.271074 0.937965
-3.08671 -3.37064 1.63824 -0.241483 -0.243483 0.939339
-3.45507 -3.00543 1.62587 -0.267925 -0.218632 0.938299
-3.77013 -2.60628 1.62224 -0.272579 -0.197621 0.941617
-4.08124 -2.11386 1.62592 -0.288413 -0.176716 0.941055
-4.30703 -1.61335 1.63336 -0.307564 -0.123267 0.943481
-4.46833 -1.07368 1.63759 -0.315359 -0.0807333 0.945527
-4.56986 -0.58233 1.63854 -0.321838 -0.0513282 0.945402
-4.61588 -0.00805963 1.64098 -0.324266 -0.0100743 0.945904
-4.56446 0.583973 1.64658 -0.322976 0.0389536 0.945601
-4.45217 1.09919 1.6541 -0.312981 0.0738166 0.946864
-4.26719 1.67512 1.65519 -0.295585 0.117391 0.948056
-4.13153 1.97428 1.65503 -0.287415 0.145647 0.946659
-4.73071 2.29459 1.406 -0.324027 0.162556 0.93196
-4.92401 1.81289 1.41256 -0.343195 0.126926 0.930643
-5.10835 1.23945 1.40567 -0.358694 0.0811813 0.929911
-5.23367 0.659493 1.3947 -0.364728 0.0493526 0.929804
-5.29875 0.142223 1.38895 -0.361391 0.0153457 0.932252
-5.26906 -0.451092 1.39451 -0.353461 -0.0308925 0.934923
-5.17641 -0.996683 1.39662 -0.34479 -0.075207 0.935656
-5.03134 -1.53628 1.38918 -0.346068 -0.124865 0.929859
-4.78293 -2.18694 1.37926 -0.330814 -0.160346 0.929954
-4.52529 -2.68962 1.36978 -0.310348 -0.195929 0.93021
-4.12848 -3.23886 1.3694 -0.296154 -0.235919 0.92554
-3.73138 -3.67297 1.3748 -0.279912 -0.257166 0.924936
-3.35516 -4.02139 1.38206 -0.252963 -0.282131 0.92541
-2.88478 -4.38196 1.38518 -0.221803 -0.31333 0.923373
-2.43374 -4.64515 1.39826 -0.200825 -0.318579 0.926362
-1.90494 -4.91228 1.39898 -0.140487 -0.349056 0.926441
-1.42144 -5.06769 1.39695 -0.0859284 -0.364313 0.927292
-0.87225 -5.18304 1.3893 -0.0465799 -0.367208 0.928963
-0.332686 -5.24961 1.38233 -0.018504 -0.36789 0.929675
0.227971 -5.26379 1.3777 0.00933745 -0.370142 0.928923
0.786621 -5.21525 1.37781 0.0574782 -0.36188 0.930428
1.30436 -5.12654 1.36884 0.0897728 -0.354295 0.930814
1.80373 -4.97481 1.37126 0.106578 -0.33896 0.934742
2.32394 -4.74662 1.38003 0.15145 -0.317968 0.935907
2.87172 -4.41132 1.38824 0.18693 -0.300545 0.935254
3.28931 -4.12071 1.38724 0.218754 -0.285392 0.933105
3.71328 -3.74533 1.38555 0.247889 -0.256744 0.934142
4.10704 -3.3249 1.38229 0.27555 -0.224212 0.934764
4.42227 -2.85872 1.38871 0.302698 -0.194159 0.933093
4.71952 -2.35424 1.38613 0.319871 -0.161902 0.93351
4.9521 -1.85675 1.37847 0.338796 -0.121729 0.932939
5.12541 -1.29658 1.37784 0.349481 -0.0912763 0.932483
5.23599 -0.752569 1.38378 0.351766 -0.0719721 0.933311
5.27977 -0.16296 1.393 0.358353 -0.0147157 0.933463
5.25851 0.409541 1.3943 0.354515 0.0322942 0.93449
5.1668 1.00318 1.39488 0.353439 0.0701332 0.932814
5.02824 1.55099 1.39423 0.343389 0.104729 0.933329
4.85831 2.04139 1.39344 0.342913 0.140015 0.928845
4.59746 2.58196 1.39055 0.316858 0.187184 0.929789
4.33252 3.04105 1.37601 0.293797 0.219463 0.930332
4.01607 3.44799 1.37302 0.288011 0.241227 0.926731
3.65411 3.82075 1.37925 0.257885 0.268896 0.927986
3.22618 4.15277 1.38937 0.217744 0.292742 0.931059
2.71807 4.49911 1.38801 0.190686 0.308066 0.932048
2.27592 4.73597 1.38969 0.157493 0.331588 0.930184
1.71555 4.97792 1.38797 0.122591 0.34228 0.931558
1.1777 5.13756 1.38844 0.0841991 0.35356 0.931586
0.631019 5.22755 1.39111 0.0498488 0.356397 0.933001
-0.0292715 5.27 1.39011 0.00496814 0.360697 0.932666
-0.643666 5.21016 1.40177 -0.0380937 0.36201 0.931388
-1.2565 5.10039 1.40393 -0.0796467 0.363164 0.928295
-1.74994 4.94951 1.40651 -0.119655 0.349281 0.929337
-2.27098 4.75851 1.39718 -0.158106 0.32628 0.931944
-2.73689 4.52102 1.39039 -0.186962 0.304553 0.93396
-3.17994 4.19733 1.39668 -0.216987 0.288099 0.932677
-3.57985 3.85727 1.39927 -0.240219 0.270405 0.932289
-4.00293 3.42766 1.40323 -0.272548 0.239679 0.931795
-4.33525 2.99763 1.40024 -0.303897 0.200101 0.931445
-4.64829 2.47097 1.40211 -0.321109 0.178328 0.93009
-4.72717 2.30237 1.40583 -0.319928 0.168049 0.932418
-5.32076 2.58934 1.13359 -0.366472 0.168436 0.915053
-5.0277 3.13134 1.13283 -0.339111 0.21174 0.916583
-4.72728 3.57413 1.12804 -0.31982 0.243607 0.915625
-4.30721 4.07961 1.12524 -0.29007 0.275473 0.916491
-3.86188 4.49263 1.12789 -0.260934 0.297393 0.918401
-3.46565 4.81195 1.12728 -0.233511 0.320546 0.91799
-3.01867 5.11952 1.12088 -0.19887 0.341684 0.918533
-2.55941 5.35617 1.11917 -0.166281 0.365025 0.91602
-2.07802 5.54025 1.12527 -0.140494 0.379823 0.914313
-1.58295 5.68751 1.13042 -0.108809 0.388422 0.915031
-1.04217 5.81426 1.1285 -0.0749794 0.398932 0.91391
-0.516435 5.89454 1.1242 -0.0378413 0.39413 0.918258
0.0221426 5.93214 1.12061 -0.00315452 0.38729 0.921946
0.552358 5.91112 1.11967 0.0364885 0.385482 0.921992
1.06836 5.82518 1.12312 0.0747355 0.380744 0.92165
1.60199 5.70759 1.11739 0.107795 0.372898 0.921589
2.11097 5.53035 1.11575 0.145631 0.367054 0.918721
2.62716 5.30183 1.11658 0.17285 0.35568 0.918477
3.12474 5.02019 1.12001 0.20565 0.339111 0.917987
3.55055 4.7331 1.11927 0.238961 0.31278 0.919262
4.00704 4.38278 1.10588 0.276206 0.286326 0.917454
4.37321 4.02969 1.09796 0.294296 0.268498 0.917223
4.71866 3.62757 1.1002 0.305845 0.247849 0.919238
5.01595 3.19244 1.10773 0.332032 0.216448 0.918083
5.27838 2.70354 1.11636 0.35307 0.181483 0.917793
5.51438 2.1458 1.12308 0.365343 0.148515 0.918938
5.69114 1.64953 1.12231 0.380359 0.112656 0.917914
5.84093 1.02288 1.12234 0.387986 0.0726374 0.918789
5.91159 0.459671 1.12618 0.400247 0.0322596 0.915805
5.93516 -0.0711917 1.12328 0.403256 -0.00607879 0.915055
5.92195 -0.586879 1.11584 0.3986 -0.04529 0.916003
5.81956 -1.23536 1.10894 0.383837 -0.0896988 0.919033
5.67394 -1.77069 1.11088 0.383751 -0.11491 0.916244
5.48357 -2.30378 1.10849 0.366466 -0.151234 0.918054
5.25772 -2.75814 1.11498 0.345959 -0.180406 0.920732
4.99443 -3.22298 1.11232 0.332832 -0.209503 0.919414
4.69692 -3.6284 1.11705 0.31241 -0.237817 0.919694
4.32612 -4.07192 1.11561 0.286608 -0.276947 0.91712
3.89516 -4.47383 1.11587 0.26531 -0.305233 0.914572
3.48149 -4.7887 1.12217 0.241782 -0.32733 0.913447
3.05283 -5.0882 1.11487 0.195813 -0.349405 0.916281
2.56069 -5.37421 1.1025 0.171658 -0.367487 0.914041
2.08014 -5.57188 1.10175 0.133198 -0.383048 0.914067
1.59011 -5.7252 1.10154 0.109866 -0.38085 0.918086
1.01372 -5.84583 1.10326 0.0659117 -0.39045 0.918261
0.338434 -5.91044 1.1093 0.0272487 -0.3911 0.919943
-0.236763 -5.91446 1.10905 -0.0140682 -0.391325 0.920145
-0.795078 -5.85766 1.11278 -0.0505736 -0.395783 0.91695
-1.29335 -5.77849 1.11263 -0.0813676 -0.398189 0.913687
-1.89588 -5.61925 1.11485 -0.131361 -0.395644 0.908901
-2.39195 -5.41334 1.11412 -0.17887 -0.371445 0.911044
-2.84729 -5.17389 1.11022 -0.208574 -0.344835 0.915182
-3.28863 -4.89997 1.10395 -0.230965 -0.32503 0.917065
-3.69079 -4.60053 1.10111 -0.256199 -0.308089 0.916203
-4.09622 -4.23567 1.09955 -0.280606 -0.279942 0.918079
-4.52147 -3.7918 1.09507 -0.298548 -0.260756 0.918079
-4.89093 -3.33302 1.09391 -0.313946 -0.234622 0.919991
-5.23959 -2.77428 1.09989 -0.33497 -0.19762 0.921269
-5.46518 -2.28229 1.10743 -0.356853 -0.163549 0.919721
-5.64693 -1.78789 1.11431 -0.373055 -0.134502 0.918006
-5.78066 -1.29738 1.12543 -0.382216 -0.108057 0.917722
-5.88788 -0.800195 1.12937 -0.384299 -0.069213 0.920602
-5.95788 -0.240332 1.12684 -0.382179 -0.0199524 0.923851
-5.94964 0.384305 1.12241 -0.386341 0.041773 0.921385
-5.85938 0.918899 1.12482 -0.38715 0.0712541 0.919258
-5.74267 1.43604 1.13057 -0.391765 0.0849393 0.91612
-5.59323 1.92313 1.13581 -0.375468 0.130436 0.917581
-5.39274 2.42705 1.13436 -0.367134 0.163389 0.915699
-5.96977 2.73934 0.835395 -0.391722 0.168253 0.904568
-5.73573 3.20614 0.841052 -0.369012 0.202899 0.907002
-5.46406 3.68346 0.830114 -0.347552 0.246905 0.904567
-5.10139 4.16795 0.827244 -0.334261 0.267793 0.903633
-4.75248 4.5461 0.832605 -0.300124 0.298496 0.905994
-4.36592 4.92221 0.830928 -0.28506 0.315135 0.905223
-3.96956 5.25184 0.831665 -0.259055 0.336494 0.905346
-3.46457 5.61158 0.826544 -0.215937 0.366441 0.905021
-3.02394 5.85204 0.824568 -0.185331 0.379516 0.906428
-2.53181 6.06743 0.828316 -0.166065 0.389245 0.906037
-2.01412 6.2551 0.827007 -0.12262 0.40926 0.904133
-1.48144 6.38654 0.830708 -0.0928826 0.418633 0.903388
-0.85063 6.50317 0.830757 -0.0644605 0.424215 0.903262
-0.299646 6.57386 0.829818 -0.0412836 0.420378 0.906393
0.230559 6.59735 0.828063 0.0130318 0.41384 0.910231
0.728048 6.54815 0.831897 0.0551808 0.412286 0.90938
1.33851 6.43257 0.83525 0.0856876 0.410307 0.907907
1.93293 6.27962 0.829462 0.140156 0.408748 0.901815
2.40643 6.10788 0.824708 0.164691 0.391815 0.905175
2.92854 5.87386 0.820333 0.192156 0.387584 0.901583
3.46224 5.57425 0.824572 0.217925 0.373368 0.901718
3.92404 5.26473 0.82608 0.25096 0.346 0.904042
4.36007 4.92191 0.821702 0.277634 0.312298 0.908492
4.79236 4.53139 0.811192 0.300373 0.285138 0.910201
5.20538 4.059 0.811597 0.325447 0.264894 0.907683
5.5496 3.57883 0.812594 0.356263 0.230896 0.905394
5.82384 3.10534 0.814956 0.375692 0.201161 0.90464
6.02909 2.6175 0.829714 0.384493 0.172265 0.906893
6.21347 2.12218 0.833681 0.399965 0.140634 0.905671
6.36488 1.63753 0.830538 0.415412 0.106241 0.9034
6.4869 1.14572 0.826903 0.412027 0.0883697 0.906876
6.56769 0.613078 0.829022 0.417464 0.0450377 0.907552
6.59647 0.110716 0.828249 0.413594 -0.00288556 0.910456
6.58333 -0.389246 0.827393 0.4145 -0.0216514 0.909791
6.536 -0.966972 0.818209 0.41576 -0.070147 0.906759
6.40158 -1.58091 0.818245 0.402991 -0.0993927 0.909788
6.25244 -2.11016 0.817275 0.394567 -0.130777 0.909483
6.055 -2.63161 0.816076 0.384148 -0.164503 0.908498
5.82811 -3.09643 0.819821 0.373128 -0.19388 0.907289
5.52608 -3.6064 0.822084 0.353522 -0.228346 0.907127
5.18338 -4.07375 0.822913 0.328835 -0.260721 0.907684
4.79521 -4.51559 0.823408 0.302665 -0.29358 0.906743
4.42297 -4.88138 0.818486 0.27789 -0.315872 0.907187
3.9962 -5.22067 0.821063 0.256781 -0.335513 0.906359
3.57234 -5.51696 0.821203 0.231259 -0.361458 0.903242
3.1438 -5.79346 0.809136 0.205014 -0.378432 0.90264
2.68831 -6.03409 0.799313 0.173071 -0.388906 0.904874
2.20079 -6.21528 0.806175 0.146779 -0.399681 0.904816
1.59141 -6.39569 0.806587 0.100984 -0.416814 0.903356
1.04342 -6.49648 0.809307 0.0671775 -0.423202 0.903541
0.435469 -6.56602 0.810961 0.0330207 -0.430943 0.901764
-0.182048 -6.56537 0.818465 -0.0122675 -0.431042 0.902232
-0.722384 -6.5233 0.818996 -0.0506501 -0.424911 0.903797
-1.24764 -6.45118 0.81583 -0.0751017 -0.418067 0.905301
-1.77467 -6.33513 0.815607 -0.108038 -0.408897 0.906149
-2.3426 -6.1502 0.814523 -0.151241 -0.393395 0.906834
-2.80699 -5.94378 0.814606 -0.180185 -0.376849 0.90858
-3.25991 -5.69655 0.813667 -0.216586 -0.360279 0.907351
-3.75631 -5.3684 0.815362 -0.241829 -0.343878 0.90734
-4.25687 -4.97465 0.813869 -0.268355 -0.310526 0.911882
-4.67816 -4.58019 0.811246 -0.293939 -0.289876 0.910808
-5.05391 -4.17928 0.805936 -0.313109 -0.267071 0.91139
-5.37558 -3.77816 0.808237 -0.320951 -0.255059 0.912104
-5.71438 -3.27361 0.81191 -0.351331 -0.214563 0.911318
-6.02734 -2.65012 0.817467 -0.380072 -0.170807 0.909012
-6.21532 -2.17513 0.81881 -0.388874 -0.145849 0.909673
-6.3803 -1.61903 0.828234 -0.39838 -0.12174 0.909105
-6.50548 -1.04827 0.834522 -0.418309 -0.0816346 0.904611
-6.5921 -0.440166 0.834293 -0.431781 -0.0427251 0.900959
-6.62206 0.146154 0.82915 -0.43779 0.0132206 0.898949
-6.56362 0.674067 0.829658 -0.429202 0.0672929 0.900693
-6.45764 1.23298 0.830225 -0.423369 0.0880531 0.901667
-6.30933 1.81069 0.834983 -0.421541 0.116872 0.899236
-6.15443 2.29596 0.834197 -0.407688 0.150423 0.900626
-6.04676 2.55452 0.836149 -0.396056 0.167189 0.902868
-6.64835 2.8208 0.51252 -0.419301 0.16546 0.892639
-6.83014 2.32025 0.511195 -0.431051 0.140902 0.891252
-6.96793 1.83691 0.514134 -0.437247 0.117141 0.891674
-7.11019 1.25883 0.511144 -0.441031 0.0904975 0.892907
-7.19781 0.735987 0.512024 -0.447951 0.061834 0.891904
-7.24964 0.21337 0.510386 -0.453641 0.0187908 0.890959
-7.24078 -0.415732 0.512414 -0.450929 -0.0248027 0.892198
-7.1806 -0.919503 0.518085 -0.443362 -0.0598034 0.894338
-7.09405 -1.41797 0.518706 -0.434033 -0.0889614 0.896489
-6.93914 -2.02148 0.519737 -0.422054 -0.130157 0.897144
-6.78526 -2.50069 0.51167 -0.409898 -0.160473 0.897895
-6.56683 -3.04289 0.50517 -0.399409 -0.185138 0.897879
-6.32531 -3.48817 0.510297 -0.386705 -0.223186 0.894776
-6.04859 -3.95596 0.501012 -0.362728 -0.253895 0.896637
-5.73709 -4.3817 0.498651 -0.347027 -0.272935 0.897261
-5.38542 -4.76003 0.511655 -0.330258 -0.290439 0.89809
-5.02332 -5.15711 0.506876 -0.306422 -0.312365 0.899168
-4.63321 -5.53 0.499727 -0.284329 -0.331142 0.899714
-4.18656 -5.86348 0.504799 -0.256411 -0.356163 0.89855
-3.76797 -6.15279 0.502147 -0.234623 -0.370544 0.898683
-3.27782 -6.43202 0.504866 -0.208927 -0.384699 0.899086
-2.72833 -6.68413 0.510045 -0.175008 -0.404471 0.897637
-2.23694 -6.87373 0.508673 -0.139342 -0.417552 0.897898
-1.71549 -7.01382 0.510168 -0.0938474 -0.426615 0.89955
-1.07088 -7.13011 0.508986 -0.0604673 -0.430552 0.900537
-0.540569 -7.18767 0.507799 -0.0312488 -0.435965 0.89941
0.0818409 -7.22933 0.497588 0.00342681 -0.43711 0.899388
0.652817 -7.18999 0.500977 0.0391065 -0.436685 0.898761
1.2172 -7.12004 0.500105 0.0726859 -0.434809 0.897583
1.79905 -7.00977 0.49516 0.101299 -0.427892 0.898135
2.29667 -6.85989 0.499153 0.137599 -0.414225 0.899699
2.79167 -6.68142 0.494811 0.171877 -0.401767 0.899458
3.28163 -6.4576 0.49302 0.193288 -0.394235 0.898452
3.79592 -6.14893 0.505802 0.225986 -0.378506 0.897574
4.25242 -5.8409 0.510212 0.252733 -0.358378 0.898716
4.68598 -5.50366 0.512494 0.279731 -0.338315 0.898491
5.097 -5.13383 0.514142 0.303542 -0.321613 0.896897
5.51965 -4.69613 0.510393 0.337047 -0.290824 0.895428
5.8927 -4.20963 0.514057 0.360473 -0.263334 0.89482
6.18782 -3.76003 0.515047 0.379241 -0.224694 0.897595
6.44217 -3.31311 0.51249 0.39205 -0.202279 0.89742
6.70677 -2.77138 0.507016 0.402092 -0.169505 0.899762
6.88373 -2.25641 0.513155 0.417451 -0.135379 0.898554
7.03708 -1.714 0.513032 0.429065 -0.103368 0.897339
7.17096 -1.0763 0.510343 0.436013 -0.0691402 0.897272
7.22655 -0.509724 0.517918 0.438648 -0.0368815 0.897887
7.24602 0.0250349 0.518355 0.443151 0.00264776 0.896428
7.21403 0.575971 0.520241 0.448038 0.0415802 0.893034
7.12191 1.21771 0.51854 0.441923 0.0840565 0.893106
7.02687 1.72938 0.507709 0.431695 0.108437 0.895476
6.85533 2.26971 0.515986 0.422778 0.137815 0.895683
6.62781 2.86721 0.517301 0.407334 0.17799 0.895737
6.36266 3.44868 0.50829 0.389096 0.208514 0.897278
6.10461 3.89197 0.508314 0.371621 0.237822 0.8974
5.75268 4.39691 0.507943 0.34753 0.267301 0.898755
5.41891 4.81212 0.503642 0.327006 0.293146 0.898402
5.01918 5.21639 0.506123 0.306613 0.31809 0.89711
4.56178 5.60337 0.509025 0.276465 0.347688 0.895923
4.14752 5.89917 0.511777 0.249753 0.365905 0.896501
3.71263 6.15904 0.515827 0.217999 0.384445 0.897032
3.26633 6.41071 0.509844 0.201071 0.394911 0.896446
2.74076 6.66526 0.506328 0.179672 0.410873 0.893812
2.1518 6.88646 0.510517 0.151567 0.425335 0.892249
1.61137 7.03762 0.515965 0.114464 0.436754 0.892268
1.05365 7.1441 0.519859 0.0748762 0.446746 0.891512
0.504991 7.21703 0.51639 0.039229 0.449948 0.892191
-0.0970779 7.24069 0.509669 -0.0140692 0.449041 0.893383
-0.605125 7.18744 0.517096 -0.0482702 0.444997 0.894226
-1.16791 7.10484 0.519896 -0.0736773 0.43484 0.897481
-1.74336 7.00007 0.511536 -0.107654 0.432676 0.895096
-2.26722 6.84442 0.516137 -0.133093 0.426714 0.894535
-2.79156 6.65648 0.518545 -0.158907 0.414513 0.89605
-3.29101 6.44178 0.51501 -0.1945 0.394681 0.897985
-3.76892 6.1794 0.51496 -0.229019 0.383584 0.89464
-4.3007 5.80377 0.521407 -0.26708 0.35809 0.894666
-4.71228 5.45956 0.524979 -0.292901 0.3377 0.89452
-5.14355 5.06111 0.521693 -0.321595 0.313439 0.89348
-5.56008 4.61251 0.516212 -0.348889 0.290605 0.890961
-5.9242 4.13249 0.517605 -0.367976 0.263259 0.891789
-6.2041 3.7099 0.519057 -0.387568 0.236665 0.890942
-6.45438 3.24587 0.518346 -0.410101 0.18957 0.892119
-6.61051 2.91208 0.513255 -0.416318 0.168628 0.89344
-7.16031 3.25465 0.188643 -0.411588 0.174548 0.894493
-7.36015 2.72575 0.192407 -0.41669 0.147463 0.896993
-7.52278 2.24906 0.189167 -0.424312 0.12462 0.896899
-7.64292 1.74213 0.196924 -0.434644 0.10373 0.894598
-7.75774 1.24909 0.192478 -0.439767 0.0843031 0.894137
-7.85228 0.65049 0.188956 -0.444459 0.046253 0.894604
-7.89712 0.0488665 0.185505 -0.445144 0.0114204 0.895377
-7.86948 -0.495447 0.194534 -0.444033 -0.0236502 0.895694
-7.82108 -1.00182 0.195245 -0.441749 -0.0569552 0.895325
-7.72402 -1.54214 0.198589 -0.438382 -0.093149 0.893942
-7.60636 -2.04863 0.195002 -0.431525 -0.124676 0.893436
-7.43398 -2.56868 0.197424 -0.421172 -0.151354 0.894241
-7.2525 -3.08001 0.187096 -0.407688 -0.174669 0.896245
-7.01464 -3.54317 0.193005 -0.395324 -0.209612 0.89429
-6.73995 -4.04044 0.188315 -0.380108 -0.234452 0.894717
-6.44666 -4.49317 0.184988 -0.357948 -0.25518 0.898187
-6.08334 -4.95947 0.186467 -0.338243 -0.280464 0.898291
-5.70892 -5.36127 0.193658 -0.321426 -0.301944 0.8975
-5.36033 -5.72626 0.18798 -0.305815 -0.323456 0.895444
-4.95448 -6.09687 0.182492 -0.277348 -0.33991 0.898618
-4.45097 -6.45898 0.190482 -0.251337 -0.358192 0.899162
-3.97017 -6.78805 0.183887 -0.227434 -0.377951 0.897441
-3.52431 -7.02586 0.188041 -0.204371 -0.391844 0.897041
-3.00415 -7.25811 0.193366 -0.173203 -0.407763 0.89651
-2.52771 -7.44543 0.192624 -0.149995 -0.423049 0.893606
-1.96452 -7.61219 0.193743 -0.112418 -0.431717 0.894959
-1.3973 -7.73436 0.194966 -0.0780459 -0.427273 0.900748
-0.807022 -7.80542 0.19798 -0.0408746 -0.437362 0.898348
-0.20023 -7.86122 0.188156 -0.00896795 -0.439825 0.898037
0.359193 -7.86308 0.183615 0.0190236 -0.435653 0.899897
0.885664 -7.81139 0.187899 0.0516469 -0.428845 0.901893
1.41286 -7.73737 0.185918 0.0776322 -0.428137 0.900356
1.95354 -7.6246 0.184342 0.101194 -0.42207 0.900897
2.52156 -7.45819 0.18711 0.137177 -0.415319 0.899252
3.00749 -7.28238 0.184725 0.169858 -0.401267 0.900061
3.5383 -7.03441 0.185395 0.195296 -0.389791 0.899952
3.98607 -6.78685 0.187838 0.219052 -0.380401 0.898505
4.43492 -6.49786 0.192419 0.248251 -0.367831 0.896143
4.84893 -6.20231 0.19248 0.26908 -0.352191 0.896404
5.25335 -5.86617 0.194043 0.295151 -0.331034 0.896246
5.67444 -5.47065 0.191311 0.320667 -0.309075 0.895326
6.01804 -5.08989 0.191111 0.341907 -0.291579 0.893354
6.34313 -4.67535 0.192301 0.36 -0.268054 0.893612
6.69313 -4.17493 0.190121 0.377713 -0.242695 0.89355
6.96126 -3.67938 0.198167 0.397221 -0.212383 0.892805
7.21219 -3.19612 0.192827 0.408827 -0.18535 0.893589
7.42271 -2.65743 0.194867 0.420512 -0.146268 0.895386
7.5841 -2.13658 0.194701 0.431591 -0.122441 0.893721
7.70929 -1.63744 0.194824 0.435541 -0.0969522 0.894924
7.81878 -1.07659 0.190917 0.443148 -0.0618692 0.894294
7.87099 -0.490781 0.19556 0.449452 -0.0292618 0.892807
7.87667 0.0878356 0.196946 0.45212 0.0124803 0.891842
7.8479 0.654472 0.19278 0.453626 0.0433432 0.89013
7.75468 1.22167 0.202799 0.444359 0.0735162 0.892815
7.67425 1.77728 0.187124 0.435651 0.100691 0.894458
7.5337 2.28667 0.189727 0.427659 0.127435 0.894911
7.32206 2.85402 0.197557 0.417224 0.161637 0.894309
7.08654 3.42304 0.193298 0.402791 0.191441 0.895037
6.85271 3.89929 0.18741 0.388621 0.214282 0.896134
6.57151 4.34367 0.193121 0.370767 0.240742 0.896973
6.26151 4.7778 0.193081 0.35188 0.271942 0.895656
5.90144 5.22141 0.189037 0.331759 0.296825 0.895446
5.45981 5.68031 0.18731 0.305159 0.323721 0.895574
5.07721 6.01263 0.188457 0.28021 0.347179 0.89494
4.67036 6.31013 0.193792 0.259313 0.36415 0.894509
4.23202 6.60756 0.19202 0.237187 0.378024 0.894879
3.654 6.91088 0.20153 0.208834 0.392965 0.895525
3.11675 7.19124 0.189238 0.175756 0.406965 0.896366
2.59634 7.393 0.191484 0.155177 0.418767 0.894729
2.02797 7.58616 0.189134 0.126779 0.4339 0.89198
1.47284 7.71713 0.192886 0.0937223 0.442837 0.891684
0.87359 7.8136 0.194353 0.0635962 0.449624 0.890949
0.282442 7.87058 0.189159 0.0161215 0.454783 0.890422
-0.307488 7.85961 0.190302 -0.0248315 0.452128 0.891592
-0.822428 7.80932 0.192641 -0.0514563 0.450332 0.891376
-1.36357 7.71871 0.198227 -0.07893 0.444078 0.892496
-1.92037 7.63342 0.182079 -0.108028 0.431735 0.895505
-2.47521 7.45602 0.191342 -0.135151 0.425894 0.894607
-3.01656 7.26028 0.192591 -0.163297 0.41909 0.893136
-3.56326 7.0203 0.192331 -0.200018 0.405869 0.891764
-4.02129 6.79158 0.182646 -0.230453 0.386956 0.892827
-4.43249 6.50092 0.194503 -0.253913 0.377306 0.890599
-4.8795 6.16464 0.19505 -0.282028 0.35629 0.890787
-5.32397 5.75441 0.204212 -0.309423 0.335572 0.889744
-5.72156 5.39906 0.189706 -0.330747 0.307698 0.892134
-6.06255 4.99147 0.196482 -0.346359 0.287021 0.893103
-6.40614 4.55367 0.192772 -0.36773 0.262895 0.891998
-6.72835 4.05358 0.197806 -0.384864 0.238866 0.891519
-7.02558 3.52754 0.193071 -0.403008 0.199842 0.893107
-7.14514 3.28606 0.189435 -0.406848 0.183448 0.894886
-7.14887 3.27958 0.189065 -0.408293 0.177964 0.895319
