-0.417713 0.0572899 4.0978 -0.0212564 -0.00803839 0.999728
0.0124067 0.434962 4.09884 -0.00121406 0.0231334 0.999728
0.389051 0.146324 4.09823 0.0363404 0.0132538 0.99921
0.17083 -0.358359 4.09553 0.00327974 -0.0412539 0.999137
-0.364169 -0.200449 4.09423 -0.0205585 -0.0264533 0.999436
-0.413054 -0.0359735 4.09666 -0.0201929 -0.0132032 0.999709
-1.10575 -0.202646 4.06315 -0.069204 -0.033059 0.997047
-1.07277 0.356968 4.06943 -0.0603003 0.0169257 0.998035
-0.738161 0.849764 4.0665 -0.0401898 0.0633609 0.99718
-0.30283 1.09294 4.06078 -0.0121 0.0761416 0.997016
0.287199 1.09406 4.05849 0.0271815 0.0773363 0.996594
0.80541 0.798014 4.04954 0.0750598 0.0584408 0.995459
1.09482 0.248972 4.04879 0.0845774 0.0302041 0.995955
1.03829 -0.430657 4.05692 0.0811631 -0.0133841 0.9966
0.662268 -0.90153 4.05575 0.0320595 -0.0736873 0.996752
0.108949 -1.09963 4.04767 -0.00311094 -0.0797243 0.996806
-0.537781 -0.979325 4.04489 -0.0360722 -0.0808908 0.996053
-0.973771 -0.56741 4.05381 -0.0591281 -0.0606596 0.996402
-1.08916 -0.282518 4.06143 -0.0700564 -0.0413898 0.99667
-1.76244 -0.481054 3.98695 -0.126586 -0.0599038 0.990133
-1.5378 -0.983685 3.97436 -0.115685 -0.09242 0.988975
-1.19693 -1.37373 3.96846 -0.0904155 -0.117701 0.988914
-0.619374 -1.7166 3.9646 -0.0612969 -0.137516 0.988596
-0.0436756 -1.81621 3.97007 -0.0164134 -0.141291 0.989829
0.502081 -1.73792 3.97947 0.0242631 -0.130564 0.991095
0.981682 -1.53324 3.98437 0.0550866 -0.119636 0.991275
1.39843 -1.17121 3.99294 0.0886207 -0.0919924 0.991792
1.72583 -0.619901 3.98811 0.115578 -0.0303358 0.992833
1.8234 -0.0612954 3.97947 0.11537 0.00809378 0.993287
1.74831 0.528126 3.9734 0.115425 0.0413286 0.992452
1.4864 1.06895 3.9717 0.102152 0.0669648 0.992511
1.12504 1.45487 3.97767 0.0907924 0.0802355 0.992631
0.652376 1.70974 3.99112 0.058013 0.0902473 0.994216
0.166026 1.83443 4.00023 0.0133134 0.0910351 0.99572
-0.345687 1.80736 3.99719 -0.0328936 0.100127 0.994401
-0.888938 1.5979 3.98893 -0.0705848 0.109884 0.991416
-1.35836 1.23605 3.99123 -0.0890991 0.0999613 0.99098
-1.6557 0.806821 3.9952 -0.113616 0.0614444 0.991621
-1.81733 0.277595 3.99452 -0.138238 0.0214713 0.990153
-1.79943 -0.35005 3.98957 -0.138795 -0.0408594 0.98945
-1.79266 -0.379539 3.98911 -0.136432 -0.0540062 0.989144
-2.45196 -0.582622 3.87183 -0.174512 -0.0569971 0.983001
-2.23969 -1.1601 3.8615 -0.151792 -0.0923505 0.984077
-1.93593 -1.6183 3.8539 -0.127531 -0.122711 0.984206
-1.50751 -2.00959 3.84992 -0.100935 -0.14707 0.983955
-1.04554 -2.28627 3.84914 -0.0772789 -0.163384 0.98353
-0.532054 -2.46602 3.85205 -0.044953 -0.172324 0.984004
0.0517944 -2.51708 3.8569 0.000451157 -0.181154 0.983435
0.635897 -2.42612 3.86093 0.0372883 -0.183738 0.982263
1.12876 -2.25179 3.86662 0.0670943 -0.177219 0.981878
1.56201 -1.98204 3.87615 0.108627 -0.155004 0.981907
1.9767 -1.57351 3.88213 0.147377 -0.128054 0.980729
2.27898 -1.08079 3.88216 0.178345 -0.0778502 0.980866
2.47075 -0.573956 3.8742 0.189354 -0.0307846 0.981421
2.52929 -0.041456 3.86967 0.186359 0.00500957 0.982463
2.48293 0.484227 3.8655 0.192408 0.0412615 0.980435
2.33122 0.981202 3.86288 0.166525 0.0740833 0.983245
2.09004 1.43237 3.86392 0.146306 0.0943541 0.984725
1.74287 1.84484 3.86925 0.133514 0.118777 0.983903
1.33945 2.15361 3.88074 0.117124 0.132887 0.984186
0.872331 2.37822 3.89913 0.0898217 0.150309 0.984541
0.321077 2.51078 3.91272 0.0278347 0.148563 0.988479
-0.229494 2.53518 3.90631 -0.0268745 0.15932 0.986839
-0.736978 2.42825 3.89441 -0.073501 0.156073 0.985
-1.25732 2.18273 3.88471 -0.0995148 0.136807 0.985583
-1.71397 1.86157 3.88002 -0.119425 0.135218 0.98357
-2.12118 1.40145 3.88077 -0.153697 0.108915 0.982094
-2.36332 0.957145 3.88223 -0.169205 0.0713279 0.982981
-2.4895 0.437358 3.88429 -0.17676 0.0178232 0.984089
-2.52979 -0.068433 3.87778 -0.191007 -0.013425 0.981481
-2.47723 -0.4909 3.87261 -0.180166 -0.0513167 0.982274
-3.16379 -0.577552 3.73056 -0.216924 -0.0452539 0.975136
-3.02965 -1.07069 3.72641 -0.208997 -0.0848695 0.974222
-2.83355 -1.53943 3.71956 -0.187211 -0.109107 0.976241
-2.52373 -2.00331 3.71679 -0.165231 -0.141599 0.976034
-2.09966 -2.43258 3.71297 -0.140713 -0.166702 0.975914
-1.58016 -2.78095 3.71248 -0.102634 -0.191861 0.976034
-1.04522 -3.03899 3.70711 -0.0736693 -0.212422 0.974393
-0.511726 -3.17193 3.71195 -0.0441019 -0.219736 0.974535
0.109874 -3.20356 3.71652 0.00238754 -0.219496 0.975595
0.659166 -3.14058 3.7175 0.0378082 -0.213924 0.97611
1.15697 -2.99285 3.71887 0.0733782 -0.206803 0.975608
1.63163 -2.76843 3.7222 0.0990064 -0.200536 0.974666
2.13711 -2.4054 3.7279 0.144297 -0.179401 0.973124
2.48173 -2.04024 3.73201 0.183578 -0.148851 0.971632
2.79531 -1.58703 3.72797 0.21268 -0.111751 0.970694
3.04669 -1.06166 3.7213 0.222704 -0.078294 0.971734
3.178 -0.537066 3.71999 0.236861 -0.0291753 0.971105
3.21908 0.0765398 3.71266 0.23966 0.0170094 0.970704
3.14899 0.648651 3.70882 0.239961 0.0468299 0.96965
3.00488 1.15478 3.71245 0.219093 0.0750643 0.972811
2.73519 1.71781 3.71685 0.20338 0.112172 0.972647
2.41022 2.14278 3.71904 0.18058 0.150787 0.971932
2.02478 2.51692 3.72393 0.162383 0.170628 0.971856
1.57645 2.81009 3.73814 0.139429 0.198368 0.970142
1.05152 3.04937 3.7527 0.104814 0.237692 0.965658
0.391186 3.21011 3.76204 0.0287603 0.25616 0.966087
-0.175564 3.23162 3.7554 -0.0218385 0.259785 0.965417
-0.807816 3.13418 3.74918 -0.0672231 0.234966 0.96967
-1.31845 2.93854 3.7463 -0.111594 0.212805 0.9707
-1.80717 2.66918 3.73855 -0.13607 0.191563 0.972
-2.23185 2.31633 3.73505 -0.161904 0.164548 0.97298
-2.66347 1.85031 3.72895 -0.185621 0.133542 0.973498
-2.92288 1.41648 3.72904 -0.213478 0.107365 0.971027
-3.10179 0.932289 3.73543 -0.227291 0.0750067 0.97092
-3.20346 0.302596 3.7383 -0.228284 0.0169604 0.973442
-3.20964 -0.248239 3.73308 -0.216856 -0.0288671 0.975764
-3.1855 -0.463739 3.73074 -0.216732 -0.0400617 0.975403
-3.86647 -0.566616 3.55259 -0.275075 -0.0494446 0.960147
-3.7239 -1.13518 3.55363 -0.268249 -0.0888528 0.959206
-3.54191 -1.66203 3.54133 -0.255065 -0.128327 0.95837
-3.24799 -2.16104 3.545 -0.233618 -0.157246 0.959487
-2.87813 -2.63537 3.54196 -0.199233 -0.192786 0.960792
-2.46762 -3.01108 3.53928 -0.175521 -0.22397 0.95866
-2.05275 -3.30401 3.54037 -0.151541 -0.234498 0.960222
-1.4828 -3.60021 3.53317 -0.0947854 -0.256466 0.961894
-0.933404 -3.79472 3.5278 -0.0731168 -0.268085 0.960614
-0.382458 -3.88112 3.53591 -0.0410148 -0.267396 0.962707
0.210213 -3.88981 3.54493 -0.00383 -0.265395 0.964131
0.741709 -3.8231 3.55423 0.0372945 -0.246257 0.968476
1.28538 -3.67929 3.55548 0.0844979 -0.23035 0.969404
1.75611 -3.48027 3.55111 0.118368 -0.223968 0.967382
2.26527 -3.18014 3.55065 0.14442 -0.223965 0.963834
2.66811 -2.8464 3.55338 0.189319 -0.195425 0.96226
3.05675 -2.42585 3.54917 0.225547 -0.17115 0.959063
3.39931 -1.91308 3.54526 0.240623 -0.129678 0.961911
3.62126 -1.46355 3.54429 0.255062 -0.110357 0.960585
3.79331 -0.964405 3.5406 0.278083 -0.0601389 0.958647
3.89078 -0.375216 3.53213 0.282715 -0.00994265 0.959151
3.90467 0.164971 3.52547 0.27008 0.0196767 0.962631
3.85751 0.676516 3.5235 0.259754 0.038049 0.96492
3.69999 1.25986 3.5339 0.255315 0.0714082 0.964193
3.48167 1.79069 3.5384 0.244097 0.120875 0.962141
3.19333 2.26054 3.53741 0.220952 0.163065 0.961554
2.87686 2.65079 3.53628 0.211139 0.186437 0.959507
2.42335 3.07949 3.53887 0.181406 0.216762 0.959216
1.99014 3.351 3.54778 0.152882 0.248584 0.956462
1.50595 3.58716 3.5548 0.133115 0.271797 0.953093
0.969463 3.78214 3.56028 0.0986165 0.281653 0.954432
0.416978 3.88596 3.56578 0.0329392 0.296198 0.954551
-0.130774 3.91547 3.55921 -0.0161542 0.289383 0.95707
-0.65872 3.86554 3.55448 -0.0548129 0.284987 0.956956
-1.17577 3.73594 3.55514 -0.0891333 0.277409 0.956607
-1.67233 3.53215 3.55812 -0.12296 0.259366 0.957893
-2.18633 3.23013 3.55942 -0.16031 0.231733 0.959478
-2.59309 2.92384 3.55369 -0.186283 0.204252 0.961023
-2.94183 2.56219 3.55383 -0.209275 0.189533 0.959312
-3.31229 2.10202 3.54833 -0.229198 0.142844 0.962811
-3.58206 1.60481 3.54481 -0.257392 0.114626 0.959477
-3.78119 1.06288 3.54596 -0.273051 0.0828577 0.958411
-3.86406 0.52951 3.55362 -0.289318 0.0403029 0.956371
-3.90439 0.0298399 3.55387 -0.29161 0.00516476 0.956513
-3.8778 -0.487968 3.55276 -0.278478 -0.033777 0.959841
-3.87398 -0.527321 3.55239 -0.274281 -0.0415388 0.960733
-4.53053 -0.640202 3.34289 -0.315118 -0.051883 0.947608
-4.42159 -1.18912 3.33697 -0.304999 -0.0861507 0.948441
-4.26483 -1.6973 3.32895 -0.291761 -0.127131 0.947982
-3.9846 -2.25452 3.32494 -0.278688 -0.170875 0.945053
-3.64867 -2.74516 3.32516 -0.267523 -0.204792 0.941532
-3.32531 -3.1353 3.32308 -0.242774 -0.227156 0.943102
-2.9079 -3.50869 3.32692 -0.20686 -0.249727 0.945955
-2.44342 -3.85064 3.33015 -0.180874 -0.261942 0.947958
-1.93815 -4.12556 3.32891 -0.12697 -0.291541 0.948087
-1.44812 -4.34982 3.31499 -0.0998956 -0.306914 0.946477
-0.893862 -4.49555 3.31965 -0.0754303 -0.310824 0.94746
-0.337566 -4.56286 3.32533 -0.0247769 -0.324361 0.945607
0.270042 -4.5695 3.32959 0.00235585 -0.32916 0.94426
0.772271 -4.50512 3.34489 0.0247014 -0.324866 0.945437
1.2642 -4.39548 3.35997 0.0599235 -0.308766 0.949238
1.78683 -4.20059 3.36545 0.126895 -0.269922 0.954475
2.28995 -3.97194 3.3504 0.165259 -0.257015 0.952166
2.83632 -3.58238 3.34927 0.206093 -0.253835 0.945021
3.23827 -3.23881 3.34389 0.235588 -0.218667 0.946933
3.59021 -2.84543 3.33647 0.26388 -0.189035 0.94583
3.87741 -2.42823 3.33219 0.27643 -0.166139 0.946556
4.12442 -1.9754 3.33242 0.290809 -0.139447 0.94656
4.35201 -1.44819 3.32549 0.312601 -0.0969028 0.94492
4.48353 -0.950519 3.32369 0.31838 -0.0599359 0.946061
4.56934 -0.384007 3.32006 0.313443 -0.0261761 0.949246
4.57358 0.300846 3.32632 0.297123 0.00717805 0.9548
4.50916 0.840137 3.33306 0.280996 0.0352831 0.95906
4.37613 1.38871 3.34139 0.268473 0.0704777 0.960701
4.17979 1.90066 3.34512 0.259236 0.11471 0.958966
3.94391 2.3586 3.33947 0.243678 0.159202 0.956699
3.65436 2.77595 3.33399 0.231062 0.195458 0.95308
3.28397 3.19443 3.32852 0.219229 0.224101 0.949578
2.8724 3.58806 3.32225 0.204666 0.248012 0.946878
2.42058 3.8827 3.33095 0.168826 0.270935 0.947656
1.97179 4.10537 3.33584 0.132787 0.297239 0.945515
1.47606 4.32735 3.33116 0.1178 0.313632 0.942202
0.947582 4.48262 3.33371 0.0802219 0.328083 0.941219
0.364028 4.56873 3.34036 0.0399208 0.332062 0.942389
-0.177592 4.58903 3.33884 -0.013637 0.330385 0.943743
-0.736022 4.54442 3.33085 -0.0619974 0.322232 0.944615
-1.2249 4.42281 3.33197 -0.0900438 0.320812 0.94285
-1.84803 4.19643 3.33546 -0.132932 0.307843 0.942093
-2.3698 3.91528 3.34136 -0.166055 0.288326 0.943017
-2.79643 3.62784 3.34163 -0.201045 0.256801 0.945283
-3.18554 3.2932 3.33902 -0.221975 0.228811 0.94782
-3.59169 2.85311 3.33878 -0.252808 0.203659 0.945801
-3.91147 2.40927 3.33742 -0.287195 0.183184 0.940187
-4.16567 1.97117 3.32935 -0.291364 0.13388 0.947192
-4.3696 1.45258 3.33541 -0.293555 0.10572 0.950059
-4.48603 0.962927 3.33755 -0.325639 0.0525702 0.94401
-4.55829 0.443416 3.33622 -0.320915 0.0299089 0.946631
-4.58987 -0.0986668 3.33606 -0.325114 0.00621552 0.945653
-4.55171 -0.510114 3.34201 -0.313298 -0.0414076 0.948738
-5.21397 -0.618648 3.098 -0.367619 -0.0378521 0.929181
-5.24945 -0.0995518 3.09406 -0.372512 0.00264364 0.928007
-5.21431 0.516423 3.09293 -0.367715 0.0371724 0.92917
-5.12323 1.0941 3.09133 -0.364258 0.0712102 0.928571
-4.99277 1.64377 3.08822 -0.364536 0.113342 0.92425
-4.81183 2.13619 3.08075 -0.345297 0.161169 0.924549
-4.52661 2.68044 3.08015 -0.329629 0.191289 0.924526
-4.21525 3.14743 3.08531 -0.315188 0.217179 0.923829
-3.85568 3.56582 3.09434 -0.274575 0.246264 0.929463
-3.39828 4.00293 3.09637 -0.236028 0.281624 0.930007
-2.95123 4.32944 3.09623 -0.20247 0.308179 0.929525
-2.47262 4.62191 3.09141 -0.169483 0.324131 0.9307
-1.97543 4.861 3.08739 -0.134545 0.335582 0.932345
-1.46911 5.04832 3.08479 -0.116112 0.357142 0.926771
-0.965919 5.17382 3.08385 -0.0713006 0.368884 0.926701
-0.367636 5.24047 3.08555 -0.0270346 0.384155 0.922869
0.279214 5.23417 3.08408 0.0226557 0.383698 0.923181
0.884136 5.16744 3.0828 0.0612848 0.363021 0.929746
1.42635 5.042 3.08269 0.0991275 0.355236 0.929499
1.9216 4.86578 3.08469 0.133241 0.342946 0.929849
2.38443 4.64392 3.09306 0.158085 0.334325 0.929101
2.8686 4.39729 3.08665 0.200988 0.306995 0.930211
3.34368 4.05545 3.08398 0.223051 0.274788 0.935274
3.74764 3.68888 3.08873 0.241762 0.25711 0.935643
4.11664 3.28039 3.09577 0.267757 0.231308 0.935292
4.44641 2.8292 3.10564 0.287029 0.212925 0.933951
4.69445 2.36904 3.12313 0.323439 0.167259 0.931336
4.91024 1.91404 3.12086 0.319274 0.12486 0.939397
5.08415 1.33105 3.12221 0.345533 0.0785262 0.935101
5.19479 0.796185 3.10994 0.360891 0.0245658 0.932274
5.23924 0.20987 3.09674 0.366097 -0.00527656 0.930562
5.23772 -0.345351 3.08472 0.355344 -0.0389225 0.933916
5.15099 -1.00805 3.08012 0.356308 -0.0703242 0.931716
5.02893 -1.51474 3.08039 0.347196 -0.0967867 0.93278
4.82621 -2.04642 3.08816 0.333639 -0.13326 0.933225
4.55513 -2.58766 3.09037 0.316894 -0.180637 0.931091
4.18586 -3.1587 3.08747 0.30145 -0.215441 0.928817
3.74437 -3.66 3.09458 0.270633 -0.252572 0.928936
3.24117 -4.11258 3.09888 0.244135 -0.283862 0.927263
2.83783 -4.40811 3.10961 0.224691 -0.295514 0.928534
2.28776 -4.71893 3.12512 0.173453 -0.319633 0.931498
1.79622 -4.92048 3.12571 0.115172 -0.360738 0.92551
1.19886 -5.09467 3.11169 0.0596012 -0.365254 0.928985
0.708627 -5.19494 3.0938 0.0240726 -0.366784 0.929993
0.15212 -5.24253 3.08172 0.000856615 -0.357072 0.934075
-0.36087 -5.23049 3.08175 -0.0188225 -0.360127 0.932707
-0.930675 -5.16645 3.07929 -0.0719243 -0.361005 0.929772
-1.47461 -5.0408 3.07375 -0.107499 -0.345644 0.932175
-1.98324 -4.85422 3.0743 -0.137402 -0.334751 0.932227
-2.46256 -4.60692 3.08283 -0.174673 -0.329948 0.927679
-2.95046 -4.31827 3.07791 -0.21277 -0.307237 0.927538
-3.46148 -3.91472 3.07985 -0.246231 -0.289036 0.9251
-3.85632 -3.53086 3.07831 -0.268595 -0.246919 0.931054
-4.20098 -3.11223 3.07857 -0.290971 -0.216032 0.932022
-4.49362 -2.70592 3.07675 -0.301453 -0.199604 0.93235
-4.76696 -2.24033 3.08084 -0.316895 -0.17505 0.932158
-4.97955 -1.67916 3.09439 -0.334002 -0.126845 0.933996
-5.11763 -1.15436 3.10045 -0.354324 -0.0860804 0.931143
-5.19708 -0.742261 3.09877 -0.365441 -0.0448447 0.929753
-5.84256 -0.841134 2.82421 -0.411167 -0.0500537 0.910171
-5.89389 -0.319068 2.81687 -0.412075 -0.0107774 0.911079
-5.89664 0.195207 2.81366 -0.407256 0.0147348 0.913193
-5.84461 0.741353 2.81712 -0.402934 0.0542665 0.91361
-5.76026 1.29618 2.81099 -0.393624 0.0856204 0.915273
-5.64237 1.7868 2.80631 -0.390284 0.125082 0.912148
-5.46359 2.29114 2.79478 -0.385824 0.178128 0.905195
-5.22225 2.77099 2.79446 -0.374384 0.199937 0.905461
-4.94823 3.22962 2.79734 -0.352757 0.224078 0.90848
-4.61677 3.67994 2.80634 -0.335252 0.244587 0.909826
-4.27821 4.05246 2.82019 -0.30846 0.277139 0.909948
-3.85929 4.4644 2.82104 -0.273185 0.311999 0.909956
-3.45081 4.78506 2.8218 -0.234703 0.331219 0.913861
-3.01995 5.05156 2.82482 -0.206018 0.347411 0.91479
-2.51986 5.33142 2.81522 -0.172408 0.375302 0.910719
-2.03012 5.5474 2.80733 -0.135702 0.395356 0.908441
-1.42338 5.74085 2.801 -0.100685 0.400263 0.910852
-0.897169 5.83633 2.80433 -0.0609072 0.407026 0.911376
-0.307579 5.89257 2.80315 -0.0203219 0.411544 0.911161
0.196996 5.89144 2.8056 0.00410299 0.413271 0.910596
0.804387 5.84027 2.80968 0.0470762 0.394194 0.917809
1.33161 5.73358 2.81509 0.0954285 0.389345 0.916105
1.86175 5.58109 2.81319 0.133652 0.383375 0.91385
2.38834 5.37159 2.81484 0.163716 0.377728 0.911313
2.87413 5.13449 2.81667 0.187848 0.363767 0.912348
3.37385 4.83938 2.81612 0.221076 0.339145 0.914388
3.82636 4.52078 2.81766 0.240278 0.308083 0.920496
4.21882 4.15772 2.82463 0.273326 0.282901 0.919364
4.60151 3.71252 2.83481 0.293769 0.251903 0.922084
4.95474 3.23786 2.83781 0.32005 0.224323 0.920448
5.23448 2.73619 2.84688 0.369013 0.198235 0.907999
5.50888 2.12931 2.84485 0.399047 0.146438 0.90514
5.68799 1.57755 2.83843 0.41849 0.104369 0.902204
5.80186 1.04521 2.83699 0.421459 0.0703776 0.904087
5.87193 0.517803 2.83054 0.410344 0.0243911 0.911604
5.8939 -0.0506534 2.8206 0.408219 -0.0180588 0.912686
5.87869 -0.564736 2.80757 0.407323 -0.0487042 0.911984
5.80865 -1.06987 2.80628 0.40793 -0.0675655 0.910508
5.66075 -1.67993 2.81101 0.385182 -0.111241 0.916067
5.48036 -2.16843 2.81409 0.37397 -0.15486 0.914396
5.17931 -2.79857 2.81542 0.368703 -0.193053 0.909268
4.90069 -3.27265 2.8129 0.343177 -0.230357 0.910556
4.59813 -3.6903 2.81249 0.325417 -0.247201 0.912684
4.24618 -4.08582 2.81563 0.294537 -0.288627 0.910991
3.87682 -4.42638 2.81937 0.272589 -0.304108 0.912801
3.41942 -4.79053 2.82923 0.257037 -0.313533 0.914127
2.95514 -5.10599 2.84064 0.224559 -0.335568 0.914848
2.48124 -5.35776 2.84313 0.168207 -0.376806 0.910868
1.99883 -5.55207 2.83789 0.122281 -0.400797 0.907931
1.46556 -5.70685 2.8277 0.0875987 -0.413094 0.906464
0.909577 -5.81889 2.82397 0.0646589 -0.404216 0.912371
0.337807 -5.88402 2.82015 0.0182753 -0.394606 0.918658
-0.241486 -5.89981 2.81214 -0.0180652 -0.396095 0.918028
-0.881318 -5.84356 2.8059 -0.0650035 -0.387418 0.919598
-1.37292 -5.73552 2.80922 -0.0867382 -0.378385 0.921574
-1.95227 -5.58138 2.80297 -0.139427 -0.366491 0.919852
-2.45818 -5.35399 2.80435 -0.17898 -0.359499 0.915808
-2.94237 -5.07758 2.80766 -0.21402 -0.353046 0.910799
-3.40451 -4.80008 2.79808 -0.250867 -0.336834 0.907523
-3.84379 -4.44994 2.7937 -0.285371 -0.321947 0.902714
-4.27172 -4.03343 2.7985 -0.299186 -0.297882 0.906492
-4.60761 -3.65901 2.79973 -0.319075 -0.26642 0.909511
-4.98178 -3.15975 2.80059 -0.333202 -0.23179 0.913916
-5.25236 -2.70798 2.80706 -0.351781 -0.206112 0.913102
-5.46676 -2.25587 2.81602 -0.369454 -0.163778 0.914665
-5.63305 -1.76757 2.82465 -0.389396 -0.127291 0.91223
-5.76283 -1.27968 2.82607 -0.399261 -0.0933687 0.91206
-5.83988 -0.860431 2.82426 -0.408885 -0.0566064 0.910825
-6.47358 -0.971904 2.51951 -0.439998 -0.063857 0.8957
-6.36217 -1.51955 2.52121 -0.439095 -0.104781 0.892296
-6.21988 -2.01519 2.52177 -0.431237 -0.145624 0.890404
-6.05319 -2.54378 2.50412 -0.414896 -0.181489 0.891584
-5.80935 -3.03221 2.50494 -0.398813 -0.218374 0.890633
-5.50956 -3.5255 2.49892 -0.367598 -0.256143 0.894009
-5.17982 -3.95163 2.49912 -0.346928 -0.292778 0.891011
-4.84155 -4.35753 2.4868 -0.325713 -0.322307 0.888827
-4.48866 -4.73423 2.47245 -0.310349 -0.337498 0.888694
-4.06259 -5.0901 2.47969 -0.300825 -0.354317 0.885417
-3.59962 -5.42487 2.49196 -0.270912 -0.376722 0.8858
-3.174 -5.68969 2.49868 -0.234893 -0.382794 0.893473
-2.72858 -5.94118 2.50185 -0.206143 -0.39514 0.895188
-2.20243 -6.16686 2.5128 -0.17488 -0.41019 0.895035
-1.70494 -6.32465 2.51891 -0.109739 -0.423253 0.899307
-1.14271 -6.45225 2.51611 -0.0735289 -0.435386 0.897212
-0.518186 -6.52861 2.51435 -0.0330799 -0.447423 0.893678
0.0636707 -6.53835 2.51645 0.00716707 -0.448389 0.893802
0.571281 -6.50335 2.51843 0.0481787 -0.446827 0.893311
1.13299 -6.43448 2.51404 0.0744376 -0.44034 0.894738
1.68661 -6.31794 2.51749 0.099088 -0.433913 0.895483
2.18055 -6.15814 2.53196 0.131578 -0.425684 0.895233
2.68403 -5.96266 2.53867 0.174524 -0.423439 0.888945
3.15217 -5.72649 2.54058 0.226494 -0.396642 0.889575
3.58404 -5.45849 2.52948 0.274269 -0.371402 0.887036
4.04778 -5.12121 2.51726 0.287211 -0.343834 0.894021
4.43987 -4.779 2.51465 0.310058 -0.325555 0.893236
4.86209 -4.35414 2.51135 0.332269 -0.299894 0.894228
5.21242 -3.93318 2.51177 0.352471 -0.271451 0.895561
5.53714 -3.46996 2.50736 0.379546 -0.232862 0.895383
5.80019 -3.02037 2.50516 0.39262 -0.205673 0.896406
6.06542 -2.43273 2.51063 0.411811 -0.177493 0.893809
6.2564 -1.92335 2.51224 0.423541 -0.144069 0.894346
6.39504 -1.41577 2.50718 0.434636 -0.0838524 0.896689
6.48437 -0.897239 2.50401 0.438415 -0.0564753 0.896981
6.54471 -0.309392 2.50191 0.446627 -0.0290635 0.894248
6.53084 0.261413 2.5191 0.458971 -0.000340299 0.888424
6.47472 0.87188 2.52222 0.461602 0.0631823 0.88483
6.36552 1.45396 2.52408 0.44892 0.0963053 0.888359
6.23922 1.96004 2.5204 0.44522 0.135482 0.885104
6.05957 2.4491 2.52651 0.433776 0.170139 0.884811
5.80062 3.04148 2.5284 0.417245 0.199498 0.88662
5.54564 3.49751 2.53579 0.399181 0.232774 0.886788
5.24471 3.93711 2.53976 0.352718 0.267538 0.896642
4.91056 4.34752 2.53394 0.330317 0.306204 0.892815
4.56804 4.71918 2.52318 0.309953 0.330996 0.891236
4.12456 5.10023 2.51757 0.266695 0.366393 0.891387
3.6781 5.41013 2.50882 0.233902 0.391764 0.889838
3.20843 5.67432 2.51067 0.212093 0.401046 0.891161
2.7068 5.92262 2.50997 0.190696 0.416876 0.88873
2.20108 6.14218 2.50918 0.17135 0.419639 0.89137
1.65887 6.3134 2.51925 0.125502 0.421703 0.89799
1.12678 6.43668 2.51323 0.0628358 0.438433 0.896557
0.619618 6.50542 2.50564 0.032297 0.45321 0.890809
0.115687 6.53996 2.49703 0.00479899 0.446781 0.894618
-0.43605 6.53123 2.49563 -0.021153 0.451496 0.892008
-0.983004 6.4736 2.49854 -0.0693006 0.453836 0.888377
-1.51215 6.38185 2.49285 -0.106169 0.445568 0.88891
-2.04042 6.2312 2.49219 -0.141882 0.432221 0.890533
-2.60741 5.98923 2.5105 -0.163954 0.420398 0.892402
-3.15664 5.71307 2.52397 -0.197017 0.395728 0.896973
-3.60971 5.44576 2.52712 -0.243801 0.367238 0.897576
-4.04536 5.12939 2.52258 -0.290905 0.343132 0.893095
-4.51155 4.74004 2.51148 -0.309237 0.324244 0.893997
-4.89208 4.33062 2.51213 -0.346378 0.287141 0.89305
-5.25927 3.90887 2.4938 -0.367867 0.254005 0.894499
-5.57839 3.43168 2.4874 -0.384446 0.227722 0.89461
-5.8919 2.86895 2.48301 -0.40221 0.200373 0.893346
-6.16337 2.25921 2.48569 -0.426379 0.173477 0.887735
-6.30812 1.73279 2.50306 -0.451014 0.1235 0.883916
-6.41166 1.22692 2.50597 -0.464499 0.0773827 0.882182
-6.50404 0.649099 2.49896 -0.465782 0.0509263 0.883415
-6.54854 0.135202 2.49905 -0.45571 0.0278967 0.88969
-6.53511 -0.441753 2.51163 -0.444775 -0.0144116 0.895513
-6.49071 -0.880615 2.5169 -0.442335 -0.055084 0.895151
-7.11201 -0.985343 2.18246 -0.48467 -0.0663026 0.872115
-7.16683 -0.371969 2.17624 -0.495684 -0.00894796 0.868433
-7.16534 0.215121 2.16477 -0.491064 0.0419863 0.870102
-7.11157 0.774861 2.15867 -0.485879 0.0637037 0.871701
-7.03567 1.28016 2.16093 -0.488943 0.0783537 0.86878
-6.94034 1.77459 2.15905 -0.485022 0.115179 0.866872
-6.79419 2.31306 2.1583 -0.467204 0.147834 0.871661
-6.61863 2.79578 2.15761 -0.437315 0.18228 0.880639
-6.39402 3.26655 2.15802 -0.41959 0.222006 0.880125
-6.09817 3.79916 2.15557 -0.41198 0.253828 0.875113
-5.76823 4.26928 2.16288 -0.401248 0.289677 0.868945
-5.44072 4.65752 2.17525 -0.381263 0.317346 0.868278
-5.00758 5.13296 2.17553 -0.349907 0.340522 0.872701
-4.5755 5.51562 2.18479 -0.318401 0.367939 0.87362
-4.17789 5.82053 2.19119 -0.291333 0.390249 0.87339
-3.74209 6.11145 2.19295 -0.256999 0.431453 0.864715
-3.14875 6.4261 2.18092 -0.196763 0.455543 0.868194
-2.68803 6.64363 2.16587 -0.18258 0.468662 0.864304
-2.16051 6.84342 2.15832 -0.148784 0.473683 0.868028
-1.63502 6.98949 2.1571 -0.110955 0.484325 0.867815
-1.02794 7.09166 2.16426 -0.0769245 0.483368 0.872025
-0.497294 7.15516 2.16378 -0.0337703 0.48729 0.872555
0.0928573 7.15754 2.16781 0.00926199 0.491722 0.8707
0.766662 7.11353 2.17693 0.0296524 0.485532 0.87371
1.32394 7.04306 2.18267 0.0720534 0.482747 0.872785
1.88524 6.91432 2.18336 0.140006 0.465113 0.874073
2.42679 6.72612 2.1778 0.185692 0.449929 0.873531
2.9606 6.493 2.17677 0.201689 0.443176 0.873441
3.42479 6.26689 2.17712 0.22932 0.436233 0.870102
3.96976 5.96128 2.17103 0.267304 0.423648 0.86548
4.47209 5.61397 2.17445 0.298679 0.409016 0.862233
4.89889 5.25248 2.18061 0.335001 0.376449 0.863733
5.3357 4.79855 2.19456 0.354566 0.344837 0.869111
5.69234 4.3727 2.20051 0.400049 0.312229 0.861662
6.03725 3.89314 2.19232 0.427949 0.261042 0.865258
6.29494 3.45021 2.18705 0.446521 0.226605 0.865586
6.50989 2.98667 2.19003 0.454618 0.199836 0.867967
6.70115 2.48812 2.19384 0.458179 0.165687 0.873272
6.87603 1.97712 2.18691 0.469399 0.127458 0.873723
7.0022 1.42703 2.18792 0.480425 0.096616 0.871693
7.11375 0.746367 2.18441 0.488905 0.0612635 0.870177
7.1716 0.164705 2.17371 0.495725 0.0205541 0.868235
7.17572 -0.357102 2.1687 0.485868 -0.0213942 0.873762
7.13261 -0.856108 2.17142 0.479117 -0.0518387 0.876214
7.04898 -1.35708 2.17993 0.46753 -0.0758761 0.880712
6.91499 -1.91983 2.18424 0.465718 -0.131848 0.875054
6.75198 -2.41386 2.18129 0.448677 -0.173186 0.876751
6.55429 -2.88626 2.18072 0.440355 -0.20016 0.875227
6.28414 -3.43875 2.17671 0.421812 -0.240427 0.874219
6.0067 -3.8886 2.17403 0.41107 -0.275285 0.869044
5.6991 -4.31583 2.17552 0.398401 -0.304608 0.865146
5.36037 -4.73727 2.17301 0.375068 -0.327266 0.867301
4.95768 -5.14735 2.1799 0.352026 -0.354068 0.866437
4.50736 -5.55536 2.17924 0.324031 -0.379258 0.866688
4.03534 -5.91588 2.18491 0.298587 -0.405394 0.863979
3.53246 -6.23588 2.19573 0.263237 -0.418453 0.869219
3.05721 -6.48184 2.19802 0.206867 -0.455558 0.865823
2.57001 -6.69186 2.19438 0.177307 -0.462764 0.86856
2.00824 -6.87364 2.19448 0.124938 -0.470821 0.873317
1.47666 -7.00434 2.18738 0.0932556 -0.478491 0.873118
0.957662 -7.0925 2.1894 0.0779459 -0.485205 0.870919
0.364407 -7.14964 2.18917 0.0151505 -0.490124 0.871493
-0.154747 -7.16649 2.18029 -0.00734605 -0.50427 0.863497
-0.678254 -7.14265 2.18061 -0.0379371 -0.511271 0.858574
-1.19567 -7.07387 2.17753 -0.0901214 -0.4985 0.862181
-1.70633 -6.97141 2.17167 -0.128808 -0.494136 0.859763
-2.27996 -6.80169 2.16997 -0.167148 -0.477616 0.862489
-2.84244 -6.56984 2.16981 -0.212051 -0.447553 0.86873
-3.36633 -6.2953 2.16621 -0.252919 -0.424187 0.869521
-3.84553 -6.00099 2.15821 -0.279635 -0.403804 0.871056
-4.2701 -5.70856 2.14843 -0.300103 -0.386082 0.872283
-4.70305 -5.37752 2.13678 -0.318023 -0.365022 0.874996
-5.07639 -5.04057 2.13576 -0.335709 -0.349234 0.874834
-5.45665 -4.6208 2.14955 -0.360321 -0.330177 0.872421
-5.82321 -4.1724 2.15425 -0.390549 -0.305911 0.868249
-6.13137 -3.72013 2.15672 -0.420853 -0.267068 0.866917
-6.40723 -3.24604 2.1597 -0.442213 -0.249871 0.8614
-6.62667 -2.77473 2.16764 -0.460112 -0.199932 0.865043
-6.83571 -2.21278 2.17243 -0.471033 -0.164161 0.866706
-6.96983 -1.68562 2.18417 -0.477525 -0.121094 0.870232
-7.08667 -1.14939 2.18193 -0.478697 -0.0851081 0.873836
-7.09006 -1.1302 2.18186 -0.481334 -0.0790667 0.872956
-7.68585 -1.24782 1.8273 -0.506138 -0.0766152 0.85902
-7.75559 -0.698995 1.82065 -0.518958 -0.0325814 0.854171
-7.78235 -0.154378 1.81326 -0.519989 0.00648615 0.854148
-7.75978 0.419702 1.80822 -0.513412 0.0425462 0.857083
-7.70628 0.962977 1.80615 -0.504672 0.0637213 0.860953
-7.62046 1.4588 1.81015 -0.498437 0.0955075 0.861649
-7.52409 1.95304 1.80115 -0.499819 0.126576 0.856828
-7.39011 2.48977 1.79433 -0.499858 0.143656 0.854108
-7.19308 3.01909 1.80392 -0.479692 0.191396 0.856306
-6.92628 3.58788 1.80001 -0.458982 0.243741 0.854353
-6.61797 4.11332 1.8007 -0.44243 0.276382 0.853145
-6.32511 4.54027 1.80541 -0.426355 0.297841 0.854112
-5.99569 4.94538 1.81704 -0.400618 0.320225 0.858463
-5.6086 5.40554 1.81064 -0.37534 0.355597 0.855946
-5.22886 5.76939 1.81629 -0.35335 0.379484 0.855051
-4.6899 6.2055 1.82375 -0.326224 0.415521 0.849066
-4.25437 6.50878 1.82655 -0.288749 0.451368 0.844295
-3.8188 6.76372 1.82435 -0.247824 0.477525 0.842931
-3.34509 7.01772 1.80666 -0.21134 0.49231 0.844372
-2.83826 7.23476 1.80108 -0.193109 0.494034 0.847718
-2.34071 7.42096 1.79755 -0.168605 0.499709 0.849624
-1.78663 7.58192 1.79587 -0.121781 0.505758 0.85402
-1.25837 7.66572 1.81011 -0.0897217 0.512695 0.853849
-0.720504 7.74413 1.80623 -0.0563255 0.525288 0.84905
-0.11407 7.76712 1.81319 -0.00247572 0.517253 0.855824
0.390786 7.75005 1.81603 0.0229491 0.516409 0.856028
0.981629 7.70397 1.82111 0.0465108 0.517808 0.854225
1.52232 7.62943 1.82269 0.096991 0.518613 0.84944
2.0489 7.50242 1.82144 0.148968 0.505531 0.849832
2.56973 7.33506 1.81631 0.188802 0.494317 0.848521
3.03624 7.13011 1.82048 0.214337 0.470188 0.85614
3.56693 6.87892 1.81836 0.232207 0.464625 0.854516
4.0763 6.60029 1.81509 0.274935 0.444937 0.852304
4.51799 6.3268 1.8079 0.294465 0.434047 0.851401
4.9648 5.99364 1.81261 0.31962 0.41938 0.84968
5.41225 5.59708 1.82179 0.34978 0.391704 0.850993
5.75976 5.22617 1.83566 0.385109 0.358085 0.850535
6.16878 4.75564 1.82803 0.425319 0.324378 0.844908
6.46439 4.34668 1.82592 0.441986 0.296046 0.84676
6.8196 3.76006 1.82189 0.460271 0.248035 0.852418
7.04139 3.29308 1.82931 0.468733 0.22357 0.854579
7.24028 2.81824 1.83332 0.488683 0.187802 0.851985
7.42474 2.25953 1.83454 0.499836 0.144255 0.854009
7.55718 1.76981 1.83081 0.506878 0.120995 0.853473
7.67873 1.16846 1.82787 0.505187 0.0831737 0.858975
7.74501 0.665232 1.82142 0.513018 0.0408009 0.857405
7.78132 0.103435 1.8186 0.510134 0.01841 0.859897
7.78555 -0.405149 1.81899 0.510196 -0.0170691 0.859842
7.72984 -0.972558 1.82626 0.50755 -0.0586782 0.859609
7.65708 -1.48324 1.82261 0.504304 -0.0934644 0.85845
7.51908 -2.01649 1.83186 0.504684 -0.13892 0.852046
7.35617 -2.53059 1.83353 0.487473 -0.173443 0.855712
7.14342 -3.07784 1.82765 0.469909 -0.216188 0.85582
6.86871 -3.64341 1.81827 0.459168 -0.257777 0.850122
6.59353 -4.10222 1.81604 0.435588 -0.284144 0.854118
6.29438 -4.54559 1.81046 0.416513 -0.306488 0.855905
5.96053 -4.96759 1.81225 0.398078 -0.333879 0.854428
5.606 -5.35921 1.81544 0.381072 -0.357136 0.852776
5.16824 -5.78802 1.81573 0.351811 -0.387452 0.852095
4.75897 -6.13885 1.8149 0.33302 -0.408482 0.849842
4.31116 -6.4685 1.82008 0.307131 -0.428376 0.849793
3.87381 -6.73889 1.82794 0.275776 -0.459816 0.844104
3.3403 -7.01629 1.83175 0.233382 -0.479322 0.846025
2.82162 -7.23926 1.83776 0.200887 -0.482148 0.852744
2.32035 -7.41043 1.84124 0.146657 -0.504745 0.850707
1.70906 -7.57897 1.83036 0.107395 -0.512585 0.851894
1.1089 -7.69015 1.82981 0.0809208 -0.517401 0.851889
0.6055 -7.74536 1.82701 0.0330954 -0.530278 0.847173
0.00251755 -7.77867 1.81099 -0.00767185 -0.53367 0.845655
-0.543905 -7.75849 1.80667 -0.0407252 -0.533917 0.844548
-1.12165 -7.69752 1.80466 -0.0738312 -0.533842 0.842338
-1.68245 -7.59706 1.80215 -0.123351 -0.522387 0.843716
-2.23769 -7.45217 1.79769 -0.156692 -0.514289 0.843176
-2.7922 -7.25168 1.80656 -0.190511 -0.501792 0.843744
-3.32591 -7.00761 1.80788 -0.244167 -0.473329 0.846353
-3.81091 -6.73472 1.80692 -0.268117 -0.445514 0.854183
-4.2479 -6.46964 1.80121 -0.281135 -0.429597 0.858143
-4.67087 -6.18612 1.79254 -0.310492 -0.40357 0.860642
-5.17446 -5.79586 1.78142 -0.327887 -0.383584 0.863332
-5.6252 -5.35952 1.78959 -0.358359 -0.354059 0.863832
-6.00379 -4.92288 1.79634 -0.396283 -0.328646 0.857282
-6.3716 -4.45573 1.79244 -0.425068 -0.303457 0.852763
-6.67538 -3.99717 1.79143 -0.450253 -0.273139 0.85009
-6.95306 -3.50296 1.79536 -0.45802 -0.255343 0.85148
-7.22706 -2.90248 1.80884 -0.471137 -0.214168 0.855654
-7.43107 -2.34379 1.8158 -0.490715 -0.165332 0.855465
-7.56244 -1.81795 1.82961 -0.502508 -0.12693 0.855191
-7.67531 -1.30855 1.82772 -0.502942 -0.0852383 0.860096
-8.27001 -1.39051 1.45411 -0.537899 -0.0884548 0.838338
-8.34427 -0.882239 1.4462 -0.539145 -0.0440034 0.841062
-8.37828 -0.275571 1.43998 -0.540906 -0.00765042 0.841046
-8.37284 0.275607 1.43399 -0.539221 0.0289027 0.841657
-8.33917 0.794728 1.42744 -0.539408 0.052998 0.840373
-8.25647 1.31624 1.43919 -0.535691 0.0801131 0.840597
-8.15757 1.88178 1.43384 -0.523593 0.119519 0.843542
-8.00632 2.5024 1.42401 -0.513539 0.148894 0.845049
-7.82658 3.0682 1.42014 -0.516684 0.187529 0.835383
-7.6119 3.55442 1.42181 -0.496795 0.235751 0.835223
-7.37306 4.00456 1.42525 -0.477075 0.264584 0.838089
-7.11766 4.44637 1.42418 -0.462446 0.282606 0.840403
-6.77433 4.93942 1.43322 -0.441006 0.310574 0.842052
-6.44271 5.35496 1.44233 -0.421646 0.343469 0.839188
-6.02755 5.82197 1.44245 -0.390031 0.374857 0.841028
-5.66069 6.18894 1.43602 -0.364868 0.404066 0.838801
-5.25894 6.51491 1.44186 -0.339308 0.429353 0.836974
-4.72762 6.90402 1.44071 -0.307983 0.460489 0.832511
-4.2702 7.18134 1.44185 -0.273753 0.485167 0.830457
-3.77004 7.46427 1.42901 -0.239181 0.493694 0.836083
-3.21918 7.7237 1.41994 -0.21117 0.505099 0.836828
-2.71667 7.92 1.42128 -0.190448 0.510049 0.838794
-2.17439 8.09477 1.42549 -0.148009 0.519119 0.841759
-1.56132 8.23823 1.42437 -0.0991356 0.536515 0.838021
-0.972121 8.32948 1.42093 -0.0637169 0.53687 0.841253
-0.421503 8.3699 1.42497 -0.0293889 0.541239 0.840339
0.209501 8.35904 1.43952 0.00726823 0.538539 0.842562
0.765856 8.3345 1.44132 0.0362185 0.536397 0.84318
1.27599 8.27054 1.44768 0.076655 0.538096 0.839367
1.89722 8.15429 1.44612 0.123656 0.529065 0.839506
2.38805 8.01969 1.4445 0.167817 0.513499 0.841488
2.92602 7.83454 1.43623 0.205704 0.505974 0.837657
3.42552 7.61706 1.43866 0.225602 0.497447 0.837637
3.90033 7.38205 1.43997 0.254529 0.482392 0.838149
4.42598 7.08321 1.43915 0.288631 0.467158 0.835719
4.95105 6.74779 1.42857 0.319442 0.444374 0.836947
5.37247 6.43579 1.424 0.344319 0.429879 0.834653
5.74669 6.09683 1.43645 0.368211 0.414409 0.832267
6.10521 5.73649 1.44444 0.398085 0.391855 0.829444
6.45215 5.35337 1.44238 0.430923 0.353964 0.830064
6.79718 4.90635 1.44366 0.441172 0.327739 0.835434
7.10207 4.46701 1.44134 0.458061 0.290243 0.840177
7.35617 4.03571 1.44168 0.472424 0.260529 0.841968
7.61651 3.49215 1.44928 0.493787 0.227945 0.839175
7.83519 2.96432 1.44565 0.521176 0.184248 0.833309
7.99745 2.45503 1.44579 0.53551 0.159097 0.829404
8.16314 1.81868 1.44437 0.540979 0.124598 0.831742
8.27788 1.24073 1.4449 0.552249 0.0935979 0.828375
8.34213 0.661059 1.44821 0.545669 0.0511606 0.836437
8.38522 0.140255 1.4472 0.542034 0.0326197 0.839713
8.3852 -0.402541 1.45069 0.542055 -0.0210245 0.840066
8.33879 -0.955917 1.45589 0.536489 -0.0520276 0.84229
8.26737 -1.49244 1.45129 0.523942 -0.10424 0.845346
8.12395 -2.07381 1.45439 0.521019 -0.139572 0.842056
7.97501 -2.56134 1.45589 0.518803 -0.173588 0.837078
7.79619 -3.05259 1.45322 0.509029 -0.209954 0.834726
7.57359 -3.57146 1.44276 0.493445 -0.248367 0.833559
7.27455 -4.12866 1.43885 0.476834 -0.276411 0.834399
6.99742 -4.57131 1.44125 0.458616 -0.303691 0.83512
6.71223 -4.9936 1.43128 0.437495 -0.33711 0.833636
6.36831 -5.40903 1.43651 0.416194 -0.351023 0.838783
6.02752 -5.77887 1.44288 0.3989 -0.367438 0.840155
5.64513 -6.16532 1.44159 0.36418 -0.400191 0.840955
5.19628 -6.55808 1.43542 0.34055 -0.424884 0.838742
4.67338 -6.94803 1.43618 0.319789 -0.453357 0.831967
4.23624 -7.21105 1.44385 0.278239 -0.482505 0.830519
3.74271 -7.48066 1.44353 0.254474 -0.495555 0.830457
3.23605 -7.71696 1.44601 0.221627 -0.509474 0.83144
2.74314 -7.90756 1.44755 0.185665 -0.526691 0.829507
2.13607 -8.09314 1.44694 0.145744 -0.532974 0.833484
1.62444 -8.21734 1.44671 0.114724 -0.52936 0.840601
1.05218 -8.30178 1.4495 0.0566572 -0.544225 0.836985
0.538211 -8.34695 1.44107 0.0197251 -0.549297 0.835394
-0.0656542 -8.36995 1.42823 -0.0106919 -0.548446 0.836108
-0.595204 -8.34842 1.4244 -0.0461171 -0.545581 0.836787
-1.12122 -8.29626 1.42341 -0.0664843 -0.544362 0.836203
-1.67196 -8.1955 1.42728 -0.111503 -0.534411 0.83782
-2.19901 -8.0788 1.41997 -0.148036 -0.521785 0.840115
-2.72391 -7.90929 1.42013 -0.180335 -0.514714 0.83818
-3.25154 -7.69838 1.42401 -0.218205 -0.508077 0.833186
-3.74129 -7.45697 1.43033 -0.248004 -0.484741 0.838752
-4.29437 -7.15705 1.42664 -0.276941 -0.459868 0.843685
-4.75214 -6.86598 1.42505 -0.303396 -0.443948 0.843126
-5.24049 -6.51274 1.41941 -0.329803 -0.416611 0.847142
-5.65677 -6.17389 1.41519 -0.353229 -0.395122 0.847979
-6.02452 -5.80995 1.42008 -0.382036 -0.374848 0.844706
-6.37741 -5.41252 1.42479 -0.407981 -0.348358 0.843916
-6.72138 -4.99315 1.41996 -0.430816 -0.320396 0.843643
-7.04403 -4.53162 1.41793 -0.448403 -0.287871 0.846187
-7.34273 -4.06679 1.41008 -0.460052 -0.271277 0.845433
-7.56564 -3.60956 1.42628 -0.477614 -0.250058 0.842229
-7.8055 -3.06703 1.43597 -0.496062 -0.21335 0.841649
-8.00393 -2.53153 1.43987 -0.516996 -0.172835 0.838338
-8.14297 -2.00726 1.44781 -0.520939 -0.137907 0.842376
-8.25938 -1.46133 1.45323 -0.53361 -0.0983028 0.839961
-8.8314 -1.59232 1.06353 -0.550077 -0.0969663 0.829444
-8.91292 -1.09124 1.05681 -0.557153 -0.0621105 0.828062
-8.95841 -0.536193 1.05429 -0.560746 -0.0259606 0.827577
-8.96465 0.0523092 1.05162 -0.553649 0.0159924 0.832583
-8.94245 0.718015 1.03998 -0.548497 0.0458217 0.834892
-8.83867 1.39026 1.057 -0.545587 0.0737734 0.8348
-8.72728 2.01943 1.05556 -0.537681 0.119818 0.834576
-8.59762 2.60502 1.03609 -0.526904 0.163465 0.834044
-8.42213 3.16868 1.02428 -0.523614 0.196138 0.829064
-8.18618 3.71392 1.02942 -0.507438 0.231205 0.830082
-7.95657 4.16418 1.03575 -0.491733 0.257239 0.831882
-7.71156 4.60588 1.03713 -0.478549 0.277411 0.833078
-7.43874 5.04098 1.03714 -0.46307 0.310728 0.830065
-7.07633 5.51649 1.04537 -0.443211 0.346329 0.826799
-6.70908 5.95736 1.04763 -0.423491 0.366962 0.828244
-6.26452 6.43347 1.04633 -0.396112 0.401716 0.825647
-5.78208 6.86026 1.04553 -0.355161 0.433281 0.828319
-5.30827 7.21314 1.04911 -0.327974 0.454306 0.828272
-4.89097 7.49391 1.04873 -0.298754 0.471846 0.829516
-4.42585 7.78013 1.03983 -0.26751 0.490935 0.8291
-3.98762 8.0214 1.02992 -0.241434 0.504499 0.828969
-3.40104 8.29643 1.02302 -0.21813 0.512641 0.830433
-2.83063 8.5089 1.0288 -0.188611 0.525496 0.829623
-2.2361 8.69017 1.03255 -0.155033 0.542473 0.825644
-1.56516 8.83462 1.0342 -0.102604 0.550715 0.82836
-0.99413 8.91162 1.03809 -0.0639028 0.554207 0.829913
-0.479002 8.96452 1.03257 -0.0349561 0.555132 0.831027
0.192865 8.95861 1.05011 -0.00193719 0.558201 0.829701
0.77645 8.9279 1.0527 0.0470535 0.554178 0.831059
1.34029 8.85535 1.05762 0.0754201 0.555555 0.828052
1.91425 8.75378 1.05714 0.116886 0.54687 0.829017
2.40431 8.63853 1.05215 0.16268 0.539591 0.826034
2.91818 8.4699 1.04724 0.200227 0.524201 0.827701
3.44778 8.26166 1.04051 0.226231 0.513839 0.827515
3.97695 8.01139 1.04273 0.24968 0.504205 0.826693
4.41888 7.76929 1.04848 0.2716 0.488383 0.829278
4.90285 7.49045 1.04114 0.306269 0.465478 0.830369
5.38671 7.16498 1.03252 0.334399 0.449 0.828595
5.901 6.74502 1.03843 0.360669 0.4291 0.828125
6.29214 6.37106 1.04779 0.395157 0.405857 0.824079
6.67867 5.97475 1.04656 0.418512 0.381965 0.823985
7.06194 5.53194 1.05037 0.428621 0.356284 0.830247
7.4123 5.07515 1.05023 0.452492 0.323086 0.831171
7.71594 4.6132 1.05083 0.47146 0.292267 0.832043
7.97975 4.10602 1.05888 0.502149 0.2467 0.828837
8.24841 3.49987 1.0565 0.530557 0.207114 0.821944
8.45476 2.97452 1.04375 0.541053 0.179203 0.821671
8.61062 2.4389 1.04633 0.544787 0.148383 0.825338
8.74484 1.93822 1.0406 0.551151 0.1225 0.825364
8.84491 1.40057 1.04626 0.555052 0.0962797 0.826214
8.91208 0.890074 1.05109 0.558744 0.065602 0.826732
8.96149 0.382929 1.05209 0.563282 0.0425031 0.825167
8.97367 -0.180681 1.05987 0.567096 -0.00102101 0.823651
8.94992 -0.717848 1.06388 0.562315 -0.0370355 0.82608
8.90311 -1.23854 1.06328 0.562641 -0.0674283 0.823945
8.81859 -1.75886 1.06139 0.548151 -0.117283 0.828098
8.69688 -2.24837 1.06085 0.541237 -0.155669 0.826324
8.53985 -2.72713 1.06421 0.530664 -0.182345 0.827731
8.34064 -3.25877 1.06344 0.518409 -0.212252 0.82836
8.14746 -3.75711 1.04412 0.501073 -0.248589 0.82893
7.90668 -4.21784 1.04212 0.487459 -0.275419 0.828566
7.64162 -4.65801 1.04428 0.476276 -0.299292 0.826782
7.33623 -5.13082 1.03675 0.459657 -0.329704 0.824627
6.95931 -5.61253 1.04214 0.438328 -0.355871 0.825354
6.60285 -6.01359 1.04887 0.419511 -0.380915 0.82395
6.24315 -6.39674 1.04544 0.398521 -0.404711 0.823029
5.86901 -6.75474 1.04085 0.375989 -0.426345 0.822699
5.45462 -7.09826 1.04108 0.348294 -0.44845 0.823135
4.97467 -7.45205 1.03546 0.31575 -0.474682 0.821537
4.49222 -7.7466 1.03713 0.286908 -0.495666 0.819743
4.05099 -7.98479 1.04035 0.266413 -0.506113 0.820282
3.55321 -8.22069 1.04523 0.235291 -0.513877 0.824958
2.97548 -8.44574 1.05212 0.192094 -0.529328 0.826373
2.47791 -8.60687 1.05409 0.159484 -0.538149 0.827616
1.88228 -8.76517 1.05451 0.129505 -0.548844 0.82582
1.29341 -8.86771 1.05867 0.0718397 -0.558019 0.826675
0.778082 -8.91626 1.05707 0.032302 -0.55665 0.830095
0.267646 -8.94735 1.0465 0.0069365 -0.55629 0.830958
-0.344404 -8.95387 1.03722 -0.0186523 -0.554059 0.832269
-0.847201 -8.91468 1.04127 -0.0531038 -0.545765 0.836236
-1.47302 -8.84842 1.03108 -0.0885959 -0.540894 0.8364
-2.05032 -8.72601 1.03402 -0.127711 -0.536695 0.834039
-2.55323 -8.58945 1.03129 -0.168603 -0.530039 0.831025
-3.06373 -8.41398 1.02819 -0.199634 -0.520333 0.830301
-3.66135 -8.15697 1.03498 -0.226641 -0.510528 0.829451
-4.13176 -7.92396 1.0409 -0.251898 -0.491704 0.833521
-4.58131 -7.67424 1.04234 -0.279566 -0.476467 0.833553
-5.03317 -7.39916 1.03699 -0.309527 -0.458865 0.83284
-5.48637 -7.08641 1.0322 -0.331089 -0.436538 0.836545
-5.963 -6.68987 1.03568 -0.360585 -0.41775 0.833944
-6.4398 -6.24675 1.02923 -0.396424 -0.389522 0.831329
-6.83194 -5.79977 1.03879 -0.42271 -0.359701 0.8318
-7.18131 -5.35604 1.0424 -0.440499 -0.335038 0.832878
-7.49615 -4.9429 1.02925 -0.462363 -0.304254 0.832848
-7.81881 -4.43571 1.02433 -0.473458 -0.279044 0.835437
-8.05774 -3.97357 1.03421 -0.491814 -0.254099 0.832779
-8.26302 -3.51439 1.04306 -0.502938 -0.228341 0.833614
-8.4563 -2.99749 1.05538 -0.520819 -0.201332 0.82958
-8.63795 -2.47015 1.05455 -0.529205 -0.161418 0.83299
-8.76018 -1.96769 1.06122 -0.543416 -0.120235 0.830788
-8.81316 -1.69678 1.06268 -0.548884 -0.102995 0.829529
-9.39008 -1.79285 0.659696 -0.565175 -0.105746 0.818141
-9.28156 -2.28934 0.660671 -0.562821 -0.13875 0.814824
-9.12753 -2.87421 0.649297 -0.546716 -0.180764 0.81756
-8.94965 -3.37113 0.648275 -0.534194 -0.205336 0.820037
-8.76962 -3.84394 0.637833 -0.517897 -0.234765 0.822594
-8.546 -4.3236 0.633173 -0.503401 -0.257869 0.824672
-8.24808 -4.87873 0.623092 -0.482318 -0.291671 0.826013
-7.96225 -5.29683 0.634231 -0.472319 -0.316154 0.82277
-7.60585 -5.76377 0.644547 -0.450059 -0.347768 0.822491
-7.29459 -6.1624 0.638065 -0.433751 -0.371008 0.821088
-6.8909 -6.62255 0.630482 -0.408792 -0.39443 0.822977
-6.48419 -7.01549 0.6332 -0.383584 -0.413663 0.825677
-6.09452 -7.35915 0.633463 -0.361209 -0.433473 0.825597
-5.64889 -7.69111 0.638386 -0.331703 -0.461612 0.822729
-5.13268 -8.02996 0.642685 -0.300368 -0.478771 0.824947
-4.66916 -8.30074 0.643153 -0.273479 -0.495192 0.824616
-4.15112 -8.5762 0.639208 -0.248003 -0.506671 0.825699
-3.60852 -8.82908 0.632666 -0.214839 -0.518288 0.827774
-3.11983 -9.02381 0.629255 -0.192576 -0.526024 0.828377
-2.63398 -9.17521 0.637696 -0.164566 -0.53598 0.828036
-2.13099 -9.31393 0.639383 -0.138651 -0.543923 0.827596
-1.63777 -9.42405 0.637521 -0.100367 -0.554769 0.825917
-1.08266 -9.49655 0.642092 -0.0595963 -0.558267 0.827516
-0.538842 -9.52152 0.650876 -0.0245553 -0.56064 0.827695
0.0283972 -9.53785 0.647803 -0.00195147 -0.564193 0.82564
0.56931 -9.52579 0.649048 0.0202323 -0.566087 0.824097
1.12854 -9.47696 0.654532 0.0585646 -0.568637 0.820501
1.71153 -9.39595 0.649584 0.107735 -0.566654 0.816875
2.23789 -9.27501 0.654077 0.134857 -0.562012 0.816054
2.73671 -9.13268 0.655855 0.170873 -0.551008 0.816806
3.22061 -8.98185 0.645836 0.205142 -0.536163 0.818807
3.72556 -8.7803 0.642585 0.233882 -0.523813 0.819096
4.22307 -8.54305 0.63997 0.261521 -0.508535 0.820365
4.75349 -8.26023 0.635333 0.283438 -0.495534 0.821041
5.19734 -7.99689 0.633356 0.306989 -0.479002 0.822383
5.75986 -7.60144 0.63598 0.340587 -0.453692 0.823494
6.1489 -7.28016 0.639994 0.368878 -0.429257 0.824387
6.61321 -6.857 0.63866 0.396146 -0.408035 0.82252
6.97191 -6.47784 0.645161 0.414582 -0.388954 0.822691
7.37896 -6.03554 0.636453 0.432163 -0.365327 0.824482
7.69326 -5.62447 0.641296 0.448437 -0.338499 0.827238
8.04084 -5.13665 0.639653 0.466066 -0.314942 0.826796
8.33312 -4.66422 0.641756 0.487295 -0.282381 0.826302
8.57854 -4.20836 0.642096 0.511024 -0.25654 0.820374
8.78664 -3.72574 0.652993 0.527377 -0.229044 0.818174
9.00711 -3.1715 0.655482 0.539045 -0.202757 0.817508
9.18632 -2.62598 0.658589 0.55398 -0.165525 0.815905
9.3429 -2.06762 0.653884 0.567591 -0.132734 0.812533
9.44556 -1.51712 0.658511 0.578053 -0.0924012 0.810727
9.52386 -0.979089 0.650031 0.579645 -0.0545668 0.813032
9.55514 -0.4274 0.653471 0.574783 -0.0223502 0.817963
9.55116 0.127516 0.656327 0.572835 0.0190193 0.819426
9.51496 0.683971 0.654557 0.568706 0.0561276 0.820608
9.46417 1.20611 0.645624 0.566049 0.0810502 0.820377
9.36799 1.80907 0.64087 0.556131 0.112651 0.823404
9.22334 2.38693 0.647098 0.552117 0.143043 0.821391
9.10119 2.87289 0.637987 0.546751 0.165976 0.820666
8.93526 3.36736 0.639831 0.539631 0.186322 0.821024
8.72867 3.88374 0.648107 0.529212 0.215082 0.820776
8.50258 4.38502 0.652866 0.515916 0.246314 0.820421
8.24466 4.85976 0.655485 0.4958 0.285029 0.820329
7.90815 5.36726 0.662383 0.468966 0.320819 0.822888
7.60301 5.78916 0.654209 0.43938 0.362565 0.821866
7.26277 6.19934 0.644923 0.421457 0.383046 0.821978
6.88698 6.60176 0.642076 0.4092 0.395861 0.8221
6.51211 6.96124 0.646162 0.39041 0.41122 0.823695
6.13142 7.32628 0.633366 0.360699 0.433917 0.825584
5.71584 7.65046 0.635103 0.336282 0.45017 0.827188
5.25051 7.9681 0.643355 0.320905 0.468561 0.823076
4.73522 8.27258 0.646828 0.270831 0.496131 0.824918
4.20052 8.55047 0.645193 0.245949 0.507644 0.825706
3.65299 8.81218 0.636771 0.221987 0.525841 0.821095
3.17394 8.98948 0.646672 0.205917 0.535016 0.819362
2.58788 9.19293 0.64673 0.172 0.551269 0.816386
2.04003 9.31764 0.657149 0.119639 0.565429 0.816058
1.46825 9.41848 0.659589 0.0904936 0.567824 0.81816
0.966322 9.49422 0.65273 0.0588529 0.569388 0.819952
0.466925 9.53059 0.652692 0.0250901 0.570282 0.821064
-0.0407715 9.54825 0.646682 -0.00649685 0.566226 0.824222
-0.570964 9.54195 0.639278 -0.0328723 0.55918 0.828373
-1.10594 9.49144 0.642229 -0.062375 0.555874 0.828919
-1.63813 9.41411 0.640207 -0.0987224 0.550479 0.82899
-2.16876 9.31194 0.632771 -0.132797 0.54616 0.827074
-2.65944 9.17223 0.635828 -0.16084 0.538899 0.82687
-3.18765 8.99665 0.635169 -0.192574 0.525709 0.82858
-3.67535 8.8159 0.628375 -0.21634 0.515585 0.829076
-4.16711 8.58046 0.638458 -0.241081 0.504055 0.829335
-4.64693 8.32632 0.642992 -0.265963 0.494824 0.827292
-5.12739 8.02838 0.654725 -0.299536 0.482825 0.822883
-5.56464 7.74699 0.651705 -0.320642 0.467785 0.823626
-5.99887 7.43944 0.642988 -0.352351 0.446848 0.82229
-6.45445 7.06737 0.637244 -0.379945 0.429092 0.819459
-6.86344 6.65968 0.642803 -0.409656 0.397945 0.820848
-7.2619 6.2044 0.649657 -0.4306 0.367417 0.824368
-7.58378 5.8047 0.650519 -0.448961 0.344577 0.824432
-7.93277 5.35429 0.638497 -0.46653 0.321633 0.823951
-8.24002 4.86371 0.640519 -0.487381 0.287955 0.824342
-8.49279 4.39426 0.6438 -0.500041 0.256413 0.827169
-8.73676 3.92 0.634096 -0.511596 0.228134 0.828368
-8.96944 3.3601 0.631853 -0.525822 0.200088 0.826718
-9.16087 2.77157 0.639796 -0.537458 0.168744 0.826224
-9.28641 2.21952 0.658357 -0.554484 0.131453 0.821704
-9.39158 1.67927 0.658523 -0.562504 0.0940959 0.82142
-9.48297 1.15208 0.646083 -0.564712 0.0688565 0.82241
-9.54929 0.511771 0.641908 -0.565671 0.0407457 0.823616
-9.55158 -0.0696658 0.65561 -0.56766 0.00675602 0.823233
-9.54715 -0.597233 0.649534 -0.568166 -0.0325322 0.822259
-9.4946 -1.15811 0.653768 -0.571754 -0.0650825 0.817826
-9.40665 -1.7069 0.658742 -0.567837 -0.0975903 0.81733
-9.98181 -1.81468 0.245491 -0.566035 -0.105149 0.817635
-10.0682 -1.2874 0.244201 -0.564513 -0.0759097 0.821921
-10.1171 -0.778177 0.247443 -0.564841 -0.0402757 0.824188
-10.1388 -0.224717 0.24794 -0.567498 -0.0118888 0.823288
-10.1364 0.366693 0.243316 -0.568238 0.0264251 0.82243
-10.0928 0.907588 0.244753 -0.566388 0.0602022 0.821936
-10.0245 1.45643 0.2439 -0.568277 0.0822271 0.818717
-9.93157 1.96451 0.252212 -0.564851 0.105186 0.818455
-9.81857 2.50217 0.250919 -0.554935 0.13645 0.820597
-9.69033 3.01917 0.24002 -0.542656 0.167203 0.823137
-9.51541 3.54041 0.239664 -0.52751 0.193538 0.827192
-9.32869 4.03735 0.233421 -0.515308 0.221073 0.827951
-9.10332 4.50057 0.239139 -0.502561 0.25257 0.826822
-8.85804 4.93937 0.24592 -0.489839 0.283164 0.824542
-8.56504 5.44107 0.240655 -0.480034 0.304347 0.822753
-8.25689 5.91041 0.236733 -0.461413 0.328701 0.824032
-7.92175 6.32112 0.249544 -0.440593 0.354629 0.82469
-7.58495 6.73811 0.240834 -0.422239 0.375255 0.825163
-7.18939 7.16425 0.237547 -0.397601 0.393856 0.828725
-6.78347 7.55577 0.231855 -0.374492 0.423274 0.824978
-6.37289 7.88889 0.236432 -0.354477 0.443214 0.823351
-5.95279 8.19556 0.242229 -0.331673 0.462432 0.822282
-5.5287 8.47804 0.24507 -0.304481 0.47672 0.824621
-4.98007 8.8111 0.241773 -0.278964 0.489294 0.826289
-4.43595 9.09528 0.24438 -0.247367 0.502057 0.828702
-3.90281 9.35092 0.236163 -0.217815 0.513978 0.829685
-3.42045 9.54456 0.233646 -0.194305 0.524821 0.828739
-2.91934 9.70407 0.241754 -0.162748 0.53222 0.830813
-2.36887 9.86466 0.23617 -0.134396 0.542741 0.829066
-1.82223 9.97404 0.243944 -0.105437 0.549518 0.828787
-1.28937 10.0611 0.243588 -0.0736198 0.558702 0.826078
-0.709635 10.121 0.238814 -0.0324991 0.563018 0.825802
-0.0764534 10.1348 0.240236 -0.00273547 0.569803 0.821775
0.466722 10.1091 0.248394 0.0274599 0.574985 0.817696
0.974468 10.074 0.245931 0.0594513 0.573867 0.816782
1.48535 10.0043 0.247277 0.0875487 0.572934 0.8149
1.98594 9.91664 0.247626 0.114432 0.566848 0.815832
2.51881 9.813 0.236752 0.139526 0.554923 0.820118
3.08696 9.63613 0.244732 0.176386 0.539429 0.823329
3.67637 9.42872 0.237203 0.210354 0.523947 0.82536
4.15961 9.21202 0.244807 0.229956 0.51674 0.824681
4.67316 8.97071 0.240621 0.261917 0.504394 0.822779
5.19097 8.67608 0.246176 0.284839 0.492619 0.822309
5.66093 8.38945 0.241241 0.314917 0.475128 0.821627
6.19121 8.01825 0.239229 0.337113 0.446246 0.828979
6.58733 7.70134 0.236155 0.367502 0.424242 0.827597
6.9602 7.34864 0.242448 0.388235 0.403987 0.828277
7.3621 6.95347 0.23921 0.40679 0.390414 0.825893
7.71584 6.57197 0.239444 0.426051 0.374711 0.823446
8.08476 6.12508 0.244553 0.448108 0.357674 0.81931
8.44051 5.63106 0.250904 0.473803 0.324306 0.818734
8.76643 5.11075 0.248442 0.499711 0.284708 0.818054
9.05939 4.56317 0.244398 0.51429 0.249377 0.820545
9.29781 4.01532 0.246508 0.525079 0.21649 0.823057
9.53408 3.42898 0.235915 0.528492 0.188655 0.827711
9.68807 2.94473 0.237832 0.534716 0.161463 0.829457
9.81819 2.42455 0.244677 0.544591 0.134116 0.827901
9.93583 1.88298 0.245692 0.551396 0.110114 0.826944
10.0306 1.37624 0.23978 0.561839 0.0783688 0.823523
10.0872 0.815448 0.246632 0.568179 0.0593993 0.820758
10.1299 0.30308 0.244556 0.569378 0.0321873 0.821438
10.1375 -0.20673 0.247556 0.573325 -0.00777675 0.819226
10.1158 -0.721614 0.244457 0.574364 -0.0453825 0.81734
10.0611 -1.22581 0.245654 0.576505 -0.073899 0.813745
9.96332 -1.81984 0.251782 0.572843 -0.100501 0.813453
9.872 -2.35185 0.238119 0.560863 -0.13403 0.816986
9.72077 -2.8488 0.24799 0.553362 -0.171265 0.815138
9.53508 -3.40603 0.245966 0.542312 -0.202101 0.815497
9.32703 -3.91582 0.249573 0.52798 -0.224859 0.818924
9.12639 -4.39566 0.238362 0.51416 -0.245514 0.821802
8.87376 -4.87512 0.24119 0.502236 -0.278287 0.818722
8.60079 -5.33869 0.241237 0.482309 -0.300998 0.822664
8.32931 -5.7639 0.23559 0.460102 -0.321979 0.827423
8.03014 -6.16871 0.234578 0.441034 -0.348689 0.826985
7.65324 -6.61417 0.237621 0.422423 -0.36844 0.828136
7.2898 -7.00653 0.238844 0.404323 -0.389713 0.827433
6.83436 -7.46798 0.233723 0.384518 -0.404815 0.829619
6.44662 -7.8063 0.235585 0.353011 -0.433456 0.829154
5.9857 -8.146 0.245563 0.331161 -0.451481 0.828536
5.56765 -8.44813 0.23532 0.303636 -0.47224 0.827512
5.1276 -8.70955 0.238696 0.279831 -0.490334 0.825378
4.57257 -9.00802 0.241565 0.259872 -0.501792 0.825016
4.09348 -9.24959 0.237953 0.239249 -0.51714 0.821775
3.57915 -9.47856 0.233276 0.213113 -0.524723 0.824163
3.07218 -9.64942 0.237939 0.175597 -0.540058 0.82309
2.46652 -9.80704 0.249202 0.143932 -0.551672 0.821523
1.8858 -9.95505 0.239565 0.11285 -0.561301 0.819876
1.36428 -10.046 0.238604 0.0786826 -0.567056 0.81991
0.742767 -10.1005 0.244697 0.0385442 -0.570267 0.820537
0.125176 -10.1229 0.246228 0.0106383 -0.56588 0.824415
-0.405749 -10.1203 0.244507 -0.0156489 -0.565111 0.824865
-0.917916 -10.094 0.243292 -0.0505483 -0.568464 0.821153
-1.44599 -10.0319 0.245619 -0.0824451 -0.564171 0.821501
-2.00109 -9.9415 0.240648 -0.113798 -0.549809 0.8275
-2.53691 -9.81615 0.239689 -0.144516 -0.53945 0.829509
-3.158 -9.62971 0.235619 -0.182762 -0.527728 0.829516
-3.63059 -9.44972 0.236654 -0.2067 -0.519984 0.828789
-4.11305 -9.24761 0.234021 -0.231481 -0.510334 0.828235
-4.61184 -8.99297 0.243316 -0.255496 -0.500758 0.827021
-5.08937 -8.73934 0.241425 -0.27458 -0.488708 0.828111
-5.58641 -8.43924 0.238553 -0.309446 -0.471773 0.825633
-6.02906 -8.1441 0.233052 -0.325527 -0.457014 0.827725
-6.48622 -7.80208 0.2285 -0.352565 -0.432439 0.829838
-6.87396 -7.4568 0.233793 -0.372352 -0.406972 0.834067
-7.24161 -7.10229 0.233277 -0.395192 -0.386536 0.833303
-7.64251 -6.65616 0.23776 -0.41894 -0.363897 0.831895
-8.00355 -6.2074 0.241785 -0.443136 -0.345052 0.827376
-8.32842 -5.78108 0.237206 -0.459533 -0.328327 0.825244
-8.63184 -5.35658 0.228414 -0.470991 -0.308815 0.826309
-8.91046 -4.88593 0.228612 -0.49316 -0.27734 0.824527
-9.1404 -4.40431 0.242142 -0.511193 -0.245325 0.823675
-9.34697 -3.93978 0.24301 -0.524136 -0.221502 0.822324
-9.53487 -3.47038 0.240587 -0.536437 -0.193434 0.821473
-9.73356 -2.85661 0.242675 -0.550703 -0.164606 0.818307
-9.8684 -2.32993 0.247228 -0.563566 -0.136215 0.814752
-9.94504 -2.00612 0.24466 -0.565831 -0.117217 0.816136
-9.9728 -1.86708 0.244686 -0.566313 -0.111587 0.816598
