-0.346744 0.0350321 0.501284 -0.0302789 0.00131803 0.999529 0 1 1
0.127011 0.345839 0.499525 -0.02764 -0.00276034 0.999614 0.284971 0 1
0.356075 -0.0495602 0.50504 -0.0244529 -0.00700641 0.999676 0.42865 0 1
-0.0556401 -0.360748 0.503947 -0.0202625 -0.011 0.999734 0.533808 0 1
-0.317739 -0.0887704 0.501731 -0.0148656 -0.013948 0.999792 0.70215 0 1
-0.899093 -0.253556 0.479194 -0.00855642 -0.01496 0.999851 0.870671 0 1
-0.560159 -0.755088 0.480828 -0.00214772 -0.0134478 0.999907 1.0299 0 1
-0.0235154 -0.952896 0.481287 0.00324472 -0.00945536 0.99995 1.18124 0 1
0.499194 -0.80366 0.48595 0.00654283 -0.00373148 0.999972 1.32639 0 1
0.842124 -0.410933 0.487961 0.00701537 0.00251879 0.999972 1.4647 0 1
0.942007 0.0757128 0.484373 0.00445207 0.00809872 0.999957 1.62967 0 1
0.708504 0.620262 0.476367 -0.000805495 0.0122818 0.999924 1.79545 0 1
0.190882 0.914623 0.472962 -0.00793164 0.0150546 0.999855 1.94448 0 1
-0.341345 0.857378 0.475765 -0.0157494 0.0170404 0.999731 2.09637 0 1
-0.759505 0.506953 0.478806 -0.0229197 0.0191635 0.999554 2.26067 0 1
-0.925221 -0.0594566 0.479555 -0.0281676 0.0222249 0.999356 2.27603 0 1
-0.921955 -0.114528 0.479445 -0.0304956 0.026565 0.999182 2.43798 0 1
-1.50242 -0.108058 0.442084 -0.0293287 0.0319109 0.99906 2.60157 0 1
-1.4257 0.474522 0.446244 -0.0245704 0.0374185 0.998998 2.76046 0 1
-1.13452 0.965374 0.444918 -0.0165934 0.0418708 0.998985 2.90716 0 1
-0.732583 1.30605 0.438921 -0.00619589 0.0439744 0.999013 3.07482 0 1
-0.162638 1.50053 0.433524 0.00546646 0.0426832 0.999074 3.22116 0 1
0.362285 1.47289 0.43046 0.0169922 0.0374669 0.999153 3.36431 0 1
0.833303 1.26673 0.433131 0.0269069 0.0284614 0.999233 3.51494 0 1
1.22373 0.892207 0.439572 0.0338806 0.0164807 0.99929 3.67734 0 1
1.47643 0.366479 0.444938 0.0369336 0.00289457 0.999314 3.84126 0 1
1.50581 -0.221613 0.445594 0.0355763 -0.0106173 0.999311 3.98921 0 1
1.32663 -0.721917 0.444452 0.0298517 -0.0223997 0.999303 4.1304 0 1
1.0206 -1.12632 0.444948 0.0202892 -0.0311488 0.999309 4.27358 0 1
0.585379 -1.40031 0.443913 0.00780506 -0.0361013 0.999318 4.43195 0 1
0.0318345 -1.53135 0.440688 -0.00641237 -0.0370247 0.999294 4.57924 0 1
-0.491092 -1.45108 0.442132 -0.0210135 -0.0340689 0.999199 4.76375 0 1
-1.05061 -1.09589 0.448735 -0.0346022 -0.0276087 0.99902 4.92814 0 1
-1.39436 -0.615806 0.445323 -0.0458648 -0.0181729 0.998782 5.02749 0 1
-1.49162 -0.272458 0.441969 -0.0537102 -0.00645052 0.998536 5.18732 0 1
-2.05979 -0.337514 0.391578 -0.0573956 0.00669186 0.998329 5.3624 0 1
-2.06406 0.29136 0.391484 -0.056603 0.0202455 0.998191 5.50745 0 1
-1.91563 0.790761 0.396615 -0.0514439 0.0331514 0.998125 5.67149 0 1
-1.61531 1.29767 0.394704 -0.0423928 0.0444076 0.998114 5.83487 0 1
-1.19321 1.70539 0.389608 -0.0301842 0.0531501 0.99813 5.99468 0 1
-0.679046 1.9606 0.388085 -0.0157166 0.0586937 0.998152 6.15935 0 1
-0.102125 2.09092 0.38298 1.10402e-05 0.0605541 0.998165 6.3061 0 1
0.423507 2.0516 0.38106 0.0159373 0.0584739 0.998162 6.46171 0 1
0.948557 1.85985 0.381678 0.0309764 0.0524599 0.998142 6.61382 0 1
1.39874 1.5503 0.384531 0.0440763 0.0428122 0.99811 6.75291 0 1
1.73202 1.1781 0.387328 0.054295 0.0301264 0.99807 6.893 0 1
1.95475 0.726899 0.391284 0.0608848 0.0152562 0.998028 7.04533 0 1
2.09209 0.197243 0.391409 0.0633646 -0.000762012 0.99799 7.2008 0 1
2.07028 -0.360782 0.390532 0.0615579 -0.0168088 0.997962 7.3465 0 1
1.8929 -0.853136 0.390862 0.0555911 -0.0317788 0.997948 7.50876 0 1
1.58351 -1.34705 0.390512 0.0458644 -0.0446628 0.997949 7.6554 0 1
1.20908 -1.71752 0.389754 0.0330212 -0.0546271 0.997961 7.81632 0 1
0.692666 -1.97719 0.389081 0.0179145 -0.0611032 0.997971 7.96323 0 1
0.176248 -2.08564 0.390292 0.00154802 -0.0638648 0.997957 8.11106 0 1
-0.354641 -2.07426 0.389386 -0.0150263 -0.0630369 0.997898 8.26601 0 1
-0.888408 -1.91654 0.391261 -0.0308351 -0.0590086 0.997781 8.41315 0 1
-1.32796 -1.62309 0.395771 -0.0450816 -0.0522848 0.997614 8.57121 0 1
-1.71665 -1.2093 0.394289 -0.0571742 -0.0433537 0.997422 8.72993 0 1
-1.97175 -0.699444 0.393103 -0.0666903 -0.0326316 0.99724 8.79268 0 1
-2.03447 -0.482958 0.391914 -0.0733271 -0.0204922 0.997097 8.95318 0 1
-2.58294 -0.651438 0.335677 -0.0768782 -0.00734053 0.997013 9.11026 0 1
-2.67053 -0.0940687 0.333317 -0.0772429 0.00632656 0.996992 9.27373 0 1
-2.5973 0.488526 0.335893 -0.074449 0.0199112 0.997026 9.41919 0 1
-2.46279 0.993394 0.336719 -0.0686625 0.0327619 0.997102 9.56786 0 1
-2.21444 1.46616 0.335661 -0.0601755 0.0442513 0.997206 9.75314 0 1
-1.79016 1.97888 0.333407 -0.0493746 0.0538466 0.997328 9.90507 0 1
-1.34872 2.29975 0.331537 -0.0367066 0.0611445 0.997454 10.0579 0 1
-0.843366 2.5143 0.332887 -0.0226584 0.0658652 0.997571 10.2026 0 1
-0.340408 2.64445 0.331612 -0.00775938 0.0678258 0.997667 10.3699 0 1
0.260264 2.66226 0.330037 0.00740449 0.0669212 0.997731 10.5342 0 1
0.83868 2.54437 0.329019 0.0221897 0.0631288 0.997759 10.6824 0 1
1.3169 2.31066 0.331214 0.0359219 0.0565354 0.997754 10.8651 0 1
1.83985 1.9143 0.332964 0.0479475 0.0473683 0.997726 11.026 0 1
2.22011 1.47899 0.333036 0.0576905 0.0360068 0.997685 11.185 0 1
2.47156 0.96618 0.33548 0.0647038 0.0229629 0.99764 11.3264 0 1
2.62482 0.481915 0.335025 0.0687024 0.00883468 0.997598 11.4822 0 1
2.67889 -0.0751614 0.333956 0.0695732 -0.00574543 0.99756 11.6447 0 1
2.60404 -0.653873 0.332623 0.0673587 -0.0201506 0.997525 11.8082 0 1
2.37487 -1.19462 0.334164 0.0622188 -0.0337833 0.997491 11.9622 0 1
2.08536 -1.66592 0.332416 0.0543917 -0.046086 0.997456 12.1115 0 1
1.71383 -2.05288 0.332614 0.0441758 -0.0565485 0.997422 12.2562 0 1
1.28298 -2.34353 0.332487 0.031942 -0.0647217 0.997392 12.4049 0 1
0.791209 -2.55157 0.332675 0.0181621 -0.0702536 0.997364 12.5538 0 1
0.265461 -2.65029 0.334104 0.00341953 -0.0729457 0.99733 12.7108 0 1
-0.298347 -2.66112 0.333585 -0.0116237 -0.0728062 0.997278 12.8645 0 1
-0.839216 -2.55035 0.335118 -0.02631 -0.0700637 0.997196 13.0398 0 1
-1.40643 -2.27686 0.336925 -0.040099 -0.0651183 0.997072 13.1903 0 1
-1.83453 -1.94676 0.336068 -0.0526695 -0.0584529 0.9969 13.3392 0 1
-2.18189 -1.54 0.335903 -0.0639737 -0.0505441 0.996671 13.4829 0 1
-2.4461 -1.0968 0.335036 -0.074224 -0.0418136 0.996365 13.5773 0 1
-2.55572 -0.775704 0.335542 -0.083819 -0.0326272 0.995947 13.5835 0 1
-2.56163 -0.754184 0.335551 -0.0932351 -0.0233238 0.995366 13.5835 0 1
