-0.437179 0.0279815 1.17913 -0.0523862 0.00920323 0.998575 0 1 1
-0.114124 0.434663 1.18202 -0.0474946 0.00492766 0.998859 0.269336 0 1
0.409292 0.237029 1.19522 -0.0434439 0.000230283 0.999056 0.399425 0 1
0.360618 -0.269245 1.19139 -0.0397875 -0.00518824 0.999195 0.532827 0 1
-0.154383 -0.393173 1.1846 -0.0356339 -0.0113659 0.9993 0.654527 0 1
-0.434072 0.0134533 1.17936 -0.0300999 -0.017826 0.999388 0.842735 0 1
-1.16613 -0.189919 1.13373 -0.0227149 -0.0235121 0.999465 0.975876 0 1
-0.936682 -0.70291 1.1461 -0.0136499 -0.0270095 0.999542 1.11183 0 1
-0.504015 -1.07038 1.1511 -0.00374273 -0.0270182 0.999628 1.23907 0 1
0.00517079 -1.18811 1.14975 0.00565849 -0.0228904 0.999722 1.3818 0 1
0.571658 -1.04373 1.15338 0.0129915 -0.0149743 0.999803 1.51567 0 1
0.992314 -0.694932 1.15647 0.0168453 -0.00458537 0.999848 1.64151 0 1
1.19273 -0.226941 1.16581 0.0162859 0.00637837 0.999847 1.77293 0 1
1.16928 0.30023 1.16984 0.0110453 0.0159686 0.999811 1.90507 0 1
0.946351 0.782261 1.15324 0.00156332 0.022609 0.999743 2.06275 0 1
0.413522 1.13303 1.14228 -0.0110637 0.0252685 0.999619 2.21059 0 1
-0.190856 1.18261 1.14069 -0.0251945 0.0234356 0.999408 2.36672 0 1
-0.77161 0.915006 1.13464 -0.0388411 0.0170436 0.9991 2.52933 0 1
-1.15019 0.368223 1.12811 -0.0499669 0.00645418 0.99873 2.63232 0 1
-1.19127 -0.0592993 1.13095 -0.0568244 -0.00752138 0.998356 2.81308 0 1
-1.95024 -0.110633 1.05911 -0.0582297 -0.0236462 0.998023 2.94667 0 1
-1.80629 -0.667285 1.07205 -0.0537057 -0.0403741 0.99774 3.07648 0 1
-1.54192 -1.14443 1.08327 -0.0434796 -0.0560141 0.997483 3.22681 0 1
-1.10027 -1.59281 1.09078 -0.0283783 -0.0688705 0.997222 3.36066 0 1
-0.608228 -1.83563 1.08042 -0.00968316 -0.0773488 0.996957 3.48819 0 1
-0.0856918 -1.93102 1.07355 0.0110091 -0.0800954 0.996726 3.6112 0 1
0.429405 -1.89357 1.07388 0.031925 -0.0762255 0.996579 3.74829 0 1
0.968657 -1.68154 1.06852 0.0512739 -0.0655845 0.996529 3.87125 0 1
1.39078 -1.35423 1.06882 0.0674219 -0.0489068 0.996525 3.99817 0 1
1.72446 -0.925672 1.07728 0.079041 -0.0277641 0.996485 4.12474 0 1
1.91565 -0.433094 1.08423 0.085202 -0.00429755 0.996354 4.26687 0 1
1.95567 0.156396 1.08769 0.0854154 0.0191691 0.996161 4.39032 0 1
1.84325 0.656476 1.08128 0.0796502 0.0405072 0.996 4.51379 0 1
1.61308 1.1246 1.06147 0.0683394 0.0580455 0.995972 4.63705 0 1
1.24826 1.50675 1.05282 0.0523293 0.0706923 0.996125 4.76202 0 1
0.780466 1.77113 1.05577 0.0327359 0.0779718 0.996418 4.89719 0 1
0.220701 1.92828 1.06122 0.010757 0.0800517 0.996733 5.01861 0 1
-0.303725 1.92107 1.06835 -0.0124502 0.0777746 0.996893 5.14797 0 1
-0.830222 1.76818 1.06839 -0.0357755 0.0726206 0.996718 5.2697 0 1
-1.25215 1.48365 1.06333 -0.0581034 0.0665128 0.996092 5.38942 0 1
-1.59195 1.11202 1.05997 -0.0782929 0.0614687 0.995034 5.51811 0 1
-1.84705 0.624441 1.05942 -0.0952187 0.0592057 0.993694 5.65063 0 1
-1.95063 0.0513703 1.0579 -0.107841 0.0608319 0.992305 5.82671 0 1
-2.70534 -0.00925072 0.950433 -0.115279 0.0666827 0.991092 5.94075 0 1
-2.65941 0.509004 0.9531 -0.116899 0.0763012 0.990208 6.06316 0 1
-2.49524 1.03215 0.951316 -0.112411 0.0885551 0.989708 6.1745 0 1
-2.25088 1.47307 0.951097 -0.101954 0.101888 0.989558 6.29863 0 1
-1.87942 1.91265 0.950452 -0.086125 0.11466 0.989664 6.41557 0 1
-1.47057 2.25897 0.955313 -0.0658955 0.125452 0.989909 6.52751 0 1
-1.02068 2.49642 0.960568 -0.0424376 0.133235 0.990176 6.65249 0 1
-0.473506 2.64075 0.958155 -0.016919 0.137343 0.990379 6.77616 0 1
0.0813497 2.67832 0.951076 0.00962896 0.137349 0.990476 6.89084 0 1
0.600435 2.60408 0.9478 0.0362994 0.132941 0.990459 7.00085 0 1
1.08943 2.45229 0.941031 0.0621798 0.123897 0.990345 7.11498 0 1
1.5614 2.20407 0.92962 0.0862177 0.110132 0.99017 7.22029 0 1
1.94154 1.87586 0.935477 0.10721 0.0917972 0.98999 7.32711 0 1
2.25235 1.48247 0.945764 0.123953 0.0693458 0.989862 7.45803 0 1
2.52594 0.943343 0.953781 0.135465 0.043549 0.989825 7.56799 0 1
2.65957 0.452837 0.956734 0.141143 0.0154395 0.989869 7.70335 0 1
2.69939 -0.154594 0.954489 0.140792 -0.0137877 0.989943 7.82059 0 1
2.61839 -0.674046 0.955995 0.134567 -0.0428818 0.989976 7.95669 0 1
2.39711 -1.25054 0.957973 0.122875 -0.070614 0.989907 8.07704 0 1
2.08304 -1.70155 0.952923 0.106288 -0.0958119 0.989709 8.20502 0 1
1.65969 -2.1012 0.946477 0.0854751 -0.117365 0.989404 8.32032 0 1
1.21693 -2.39892 0.943708 0.0611984 -0.134243 0.989057 8.42916 0 1
0.739849 -2.587 0.946862 0.0343504 -0.145568 0.988752 8.56492 0 1
0.124432 -2.67362 0.949043 0.00598675 -0.150739 0.988555 8.68326 0 1
-0.411458 -2.63408 0.950819 -0.022731 -0.149593 0.988486 8.79395 0 1
-0.903694 -2.50653 0.96036 -0.0507019 -0.142553 0.988488 8.90516 0 1
-1.36988 -2.29831 0.968969 -0.0770783 -0.13072 0.988419 9.0182 0 1
-1.77574 -1.99966 0.968373 -0.101355 -0.115835 0.988084 9.14031 0 1
-2.13147 -1.58819 0.964936 -0.123299 -0.100083 0.98731 9.25278 0 1
-2.40057 -1.15318 0.961858 -0.142765 -0.0857744 0.986033 9.38912 0 1
-2.61789 -0.575047 0.955375 -0.159523 -0.0749755 0.984343 9.51045 0 1
-2.70464 -0.0249064 0.950471 -0.17316 -0.0692091 0.982459 9.5127 0 1
-2.70535 -0.0146601 0.950405 -0.183075 -0.0692819 0.980655 9.67785 0 1
-3.44269 -0.0236136 0.79442 -0.188577 -0.0752488 0.979171 9.82551 0 1
-3.37606 -0.568688 0.795022 -0.189036 -0.0864836 0.978154 9.9411 0 1
-3.22807 -1.06563 0.800032 -0.184053 -0.101823 0.977628 10.0605 0 1
-3.01726 -1.5499 0.803703 -0.17358 -0.119763 0.977511 10.1751 0 1
-2.76099 -1.9807 0.805649 -0.157923 -0.138666 0.977667 10.2903 0 1
-2.43466 -2.38195 0.802855 -0.13767 -0.156957 0.977963 10.4243 0 1
-2.0337 -2.7341 0.803174 -0.113565 -0.173266 0.978306 10.5779 0 1
-1.5367 -3.04336 0.797413 -0.0863982 -0.1865 0.978649 10.7033 0 1
-1.06772 -3.22885 0.789996 -0.0569341 -0.195865 0.978977 10.8472 0 1
-0.434384 -3.37614 0.785227 -0.0258855 -0.200815 0.979287 10.9824 0 1
0.0825105 -3.4014 0.786513 0.00605416 -0.200984 0.979576 11.1254 0 1
0.60408 -3.36645 0.784697 0.0381408 -0.196141 0.979834 11.2638 0 1
1.09683 -3.24806 0.783028 0.0695142 -0.186193 0.980051 11.4367 0 1
1.70867 -2.96543 0.787174 0.0991902 -0.171231 0.980225 11.5548 0 1
2.146 -2.66514 0.788764 0.126134 -0.151546 0.980369 11.6954 0 1
2.55221 -2.28552 0.793624 0.149379 -0.127629 0.980508 11.8657 0 1
2.93419 -1.77362 0.796338 0.168139 -0.100137 0.980664 12.0131 0 1
3.20116 -1.25349 0.795518 0.181873 -0.069886 0.980835 12.1626 0 1
3.38535 -0.635476 0.787788 0.190295 -0.0378452 0.980997 12.3287 0 1
3.43987 -0.0320284 0.788909 0.193335 -0.0050994 0.98112 12.4859 0 1
3.38664 0.537961 0.798787 0.191072 0.0272658 0.981197 12.6272 0 1
3.26327 1.03445 0.80019 0.183693 0.0583025 0.981253 12.7681 0 1
3.04329 1.56778 0.799345 0.17148 0.0872815 0.981314 12.8997 0 1
2.76348 2.04791 0.792162 0.154826 0.113665 0.981381 13.0303 0 1
2.43586 2.4399 0.785274 0.134226 0.136996 0.981435 13.1591 0 1
2.04328 2.76994 0.783583 0.110226 0.15679 0.981462 13.3032 0 1
1.49281 3.08752 0.795929 0.083394 0.172502 0.981473 13.4342 0 1
0.978127 3.27231 0.805582 0.0543235 0.183614 0.981496 13.5561 0 1
0.467305 3.37609 0.800514 0.0236861 0.189765 0.981544 13.6902 0 1
-0.105475 3.41472 0.796827 -0.00773682 0.190838 0.981591 13.839 0 1
-0.664836 3.35979 0.799459 -0.0390768 0.186945 0.981593 13.9791 0 1
-1.15939 3.23359 0.804591 -0.0694633 0.178383 0.981506 14.1374 0 1
-1.70428 2.9801 0.807298 -0.0981369 0.165651 0.981289 14.2819 0 1
-2.17061 2.64304 0.801203 -0.124532 0.149582 0.980876 14.4147 0 1
-2.5514 2.28176 0.794868 -0.14828 0.131489 0.980165 14.5498 0 1
-2.90536 1.83528 0.791169 -0.169138 0.113181 0.979072 14.6712 0 1
-3.14585 1.39576 0.794499 -0.186887 0.0967471 0.977606 14.8264 0 1
-3.32565 0.86381 0.800209 -0.201269 0.0841708 0.975913 14.9748 0 1
-3.42695 0.3407 0.797807 -0.211995 0.0769392 0.974237 15.0356 0 1
-3.44922 0.122981 0.793853 -0.218782 0.0758058 0.972825 15.2401 0 1
-4.16545 0.15727 0.609829 -0.221401 0.0807617 0.971833 15.3696 0 1
-4.09461 0.763508 0.611806 -0.219703 0.0911657 0.971298 15.4873 0 1
-3.95985 1.29949 0.610827 -0.213629 0.105943 0.971153 15.6017 0 1
-3.75785 1.79817 0.608877 -0.203236 0.123778 0.971274 15.7444 0 1
-3.41198 2.37596 0.611593 -0.188724 0.143275 0.971522 15.8526 0 1
-3.08503 2.7652 0.618275 -0.170441 0.16308 0.971779 15.9662 0 1
-2.70971 3.13668 0.619812 -0.148852 0.181983 0.97197 16.0886 0 1
-2.26182 3.48508 0.623209 -0.124469 0.198961 0.972071 16.198 0 1
-1.82789 3.74286 0.62019 -0.0978075 0.213191 0.972103 16.3132 0 1
-1.33529 3.94753 0.612462 -0.0693786 0.224034 0.972109 16.4276 0 1
-0.815128 4.08022 0.609392 -0.0397087 0.231035 0.972135 16.5514 0 1
-0.233319 4.13157 0.611957 -0.00934043 0.233933 0.972208 16.6668 0 1
0.308216 4.12405 0.614356 0.0211934 0.232664 0.972326 16.7974 0 1
0.912885 4.03833 0.616898 0.0513972 0.227324 0.972462 16.9098 0 1
1.41708 3.89677 0.617083 0.0808085 0.218105 0.972574 17.0234 0 1
1.90417 3.69014 0.612651 0.108963 0.205221 0.972631 17.1437 0 1
2.39316 3.40835 0.605005 0.135362 0.188862 0.972629 17.2532 0 1
2.8083 3.09534 0.600664 0.159474 0.169218 0.972591 17.375 0 1
3.20411 2.668 0.603156 0.180773 0.146527 0.972549 17.5025 0 1
3.54018 2.1618 0.609428 0.198787 0.12112 0.97253 17.6201 0 1
3.79886 1.67136 0.612506 0.21313 0.0934289 0.972546 17.7298 0 1
3.97927 1.18916 0.615117 0.223517 0.0639653 0.972599 17.8389 0 1
4.10221 0.694587 0.61347 0.229756 0.033307 0.972678 17.9673 0 1
4.1668 0.0966688 0.606662 0.231731 0.00208717 0.972778 18.0977 0 1
4.14302 -0.520177 0.599867 0.229397 -0.0290304 0.9729 18.2071 0 1
4.03168 -1.03248 0.603891 0.222764 -0.0593988 0.973061 18.3296 0 1
3.84151 -1.58361 0.607498 0.211918 -0.0884364 0.973278 18.4679 0 1
3.54264 -2.16538 0.607741 0.197043 -0.115648 0.97355 18.5749 0 1
3.24613 -2.57523 0.608153 0.178449 -0.140612 0.97385 18.6908 0 1
2.88059 -2.98337 0.606472 0.156563 -0.162961 0.974131 18.8059 0 1
2.47254 -3.34514 0.60592 0.131897 -0.182362 0.974345 18.9166 0 1
2.03085 -3.62862 0.607286 0.104975 -0.198513 0.97446 19.0419 0 1
1.49014 -3.87143 0.606741 0.0762808 -0.211142 0.974474 19.1627 0 1
0.945838 -4.04877 0.601021 0.0462499 -0.219998 0.974403 19.2842 0 1
0.36941 -4.12094 0.602697 0.0153035 -0.224854 0.974272 19.4192 0 1
-0.273912 -4.12695 0.59944 -0.016097 -0.225518 0.974106 19.524 0 1
-0.771986 -4.06148 0.600556 -0.0474149 -0.221857 0.973926 19.6549 0 1
-1.37398 -3.88884 0.607729 -0.0780398 -0.213833 0.973748 19.7745 0 1
-1.89336 -3.66493 0.612143 -0.107321 -0.201558 0.973579 19.8993 0 1
-2.40125 -3.37257 0.610602 -0.134621 -0.185362 0.973405 20.0152 0 1
-2.82099 -3.02422 0.610543 -0.159371 -0.16583 0.973191 20.1282 0 1
-3.17498 -2.6277 0.612618 -0.181126 -0.143737 0.972899 20.2763 0 1
-3.57148 -2.05694 0.612963 -0.199596 -0.119909 0.972514 20.4165 0 1
-3.84896 -1.46132 0.615367 -0.214645 -0.0950562 0.972055 20.5304 0 1
-4.02585 -0.959701 0.611393 -0.22626 -0.0696736 0.971572 20.6692 0 1
-4.14966 -0.319329 0.610214 -0.2345 -0.0440378 0.971118 20.7413 0 1
-4.16191 0.0200527 0.61144 -0.239458 -0.0182753 0.970735 20.9008 0 1
-4.8808 -0.0608527 0.415393 -0.241238 0.00754866 0.970437 20.9832 0 1
-4.86851 0.509014 0.413012 -0.239937 0.0333553 0.970215 21.0717 0 1
-4.75776 1.11496 0.415368 -0.235638 0.0590024 0.970048 21.1485 0 1
-4.61363 1.62627 0.412991 -0.228396 0.0842593 0.969915 21.227 0 1
-4.3976 2.12837 0.414496 -0.218247 0.108804 0.969809 21.3151 0 1
-4.11574 2.66975 0.409759 -0.205232 0.132243 0.969738 21.3866 0 1
-3.79654 3.05642 0.419799 -0.189443 0.154156 0.969715 21.4601 0 1
-3.45989 3.43036 0.420471 -0.171066 0.174153 0.969746 21.5506 0 1
-2.99535 3.8392 0.421256 -0.150402 0.191923 0.969817 21.624 0 1
-2.59284 4.13614 0.419949 -0.127837 0.207248 0.9699 21.7038 0 1
-2.11481 4.40034 0.418964 -0.103794 0.219985 0.969966 21.7836 0 1
-1.60954 4.61046 0.417869 -0.0786785 0.230022 0.97 21.863 0 1
-1.08709 4.7685 0.41295 -0.0528426 0.237236 0.970014 21.9468 0 1
-0.507649 4.8373 0.416388 -0.0265789 0.241485 0.97004 22.0218 0 1
0.0094228 4.86102 0.416411 -0.000133562 0.242622 0.970121 22.0945 0 1
0.510486 4.83479 0.417058 0.0262692 0.240531 0.970286 22.1713 0 1
1.03201 4.74647 0.420051 0.0524012 0.235179 0.970539 22.2454 0 1
1.52263 4.61979 0.41829 0.0780105 0.226635 0.970851 22.3244 0 1
2.03079 4.42891 0.417452 0.10281 0.215075 0.971171 22.4103 0 1
2.56226 4.16999 0.412497 0.126476 0.200729 0.971448 22.5077 0 1
3.10989 3.76862 0.414231 0.148648 0.183837 0.971652 22.5912 0 1
3.5495 3.39186 0.409113 0.168941 0.164611 0.971783 22.6659 0 1
3.8899 2.99277 0.408577 0.186965 0.143247 0.971866 22.7424 0 1
4.16624 2.53084 0.413759 0.202359 0.119963 0.971936 22.8235 0 1
4.42571 2.03058 0.414779 0.214827 0.0950221 0.972019 22.9119 0 1
4.64588 1.45967 0.416134 0.224161 0.068737 0.972125 22.9953 0 1
4.78938 0.901483 0.415986 0.230244 0.0414677 0.972249 23.081 0 1
4.88055 0.316388 0.412045 0.23304 0.0136115 0.972372 23.1765 0 1
4.87071 -0.349391 0.412209 0.232577 -0.01441 0.972471 23.2521 0 1
4.81104 -0.872648 0.410115 0.228916 -0.0421744 0.972532 23.343 0 1
4.64813 -1.48885 0.413385 0.22213 -0.0692792 0.972553 23.4167 0 1
4.47918 -1.97233 0.410198 0.212298 -0.0953464 0.972542 23.4969 0 1
4.21514 -2.46836 0.411857 0.19952 -0.12001 0.972517 23.5877 0 1
3.85025 -2.98589 0.412698 0.183958 -0.142904 0.972491 23.668 0 1
3.48654 -3.4106 0.411069 0.165864 -0.163675 0.972471 23.7603 0 1
3.00282 -3.83773 0.416096 0.14558 -0.182008 0.972461 23.8339 0 1
2.60098 -4.14933 0.41225 0.123492 -0.197667 0.972459 23.9202 0 1
2.06362 -4.41965 0.418019 0.0999772 -0.210523 0.972463 23.9962 0 1
1.58629 -4.63192 0.411085 0.0753708 -0.220546 0.97246 24.0707 0 1
1.08486 -4.77146 0.407652 0.0499639 -0.227765 0.972433 24.148 0 1
0.54491 -4.84324 0.409904 0.0240117 -0.232213 0.972369 24.2232 0 1
0.0179424 -4.86886 0.410011 -0.00225112 -0.233886 0.972261 24.2977 0 1
-0.503819 -4.84978 0.408676 -0.0285908 -0.23274 0.972119 24.3863 0 1
-1.11298 -4.72126 0.41503 -0.05475 -0.228725 0.97195 24.4624 0 1
-1.6198 -4.57629 0.41428 -0.0804287 -0.221833 0.971762 24.5367 0 1
-2.0941 -4.37431 0.415454 -0.105286 -0.212123 0.971555 24.611 0 1
-2.54708 -4.13144 0.416328 -0.128961 -0.199728 0.971328 24.6928 0 1
-3.01249 -3.81249 0.416751 -0.151102 -0.184862 0.971079 24.7778 0 1
-3.44623 -3.41836 0.416864 -0.17139 -0.167848 0.9708 24.8562 0 1
-3.79056 -3.0014 0.418278 -0.189559 -0.149155 0.970474 24.9354 0 1
-4.11719 -2.56612 0.41287 -0.205425 -0.129382 0.970083 25.0145 0 1
-4.36763 -2.07647 0.417856 -0.218926 -0.109164 0.969616 25.0877 0 1
-4.57137 -1.61621 0.416972 -0.23017 -0.0890366 0.969069 25.1742 0 1
-4.74111 -1.04427 0.417107 -0.239451 -0.0693149 0.968431 25.2587 0 1
-4.8592 -0.474411 0.412643 -0.24723 -0.0500537 0.967663 25.2956 0 1
-4.86764 -0.217681 0.416784 -0.254083 -0.0311049 0.966682 25.2998 0 1
-4.86983 -0.188728 0.41651 -0.260625 -0.0122305 0.965356 25.2998 0 1
