-0.392781 0.00640577 1.94111 -0.0209903 -0.00673069 0.999746 0 1 1
-0.0785493 -0.382342 1.93898 -0.0213186 -0.00639476 0.999752 0.277973 0 1
0.373179 -0.169763 1.93625 -0.0223467 -0.00761902 0.999721 0.431904 0 1
0.183877 0.349726 1.94282 -0.0234027 -0.0109808 0.999666 0.566637 0 1
-0.292341 0.279534 1.94229 -0.0232808 -0.0164862 0.999593 0.6378 0 1
-0.38476 0.041392 1.94134 -0.0208041 -0.0234379 0.999509 0.838551 0 1
-1.10127 0.120783 1.90726 -0.0153695 -0.0305036 0.999416 1.00119 0 1
-0.979163 -0.456135 1.90664 -0.0072581 -0.0359931 0.999326 1.1385 0 1
-0.647737 -0.854449 1.89936 0.00238454 -0.0382954 0.999264 1.27448 0 1
-0.198816 -1.07466 1.89094 0.0118412 -0.036358 0.999269 1.43981 0 1
0.401604 -1.02455 1.88419 0.0192471 -0.0300412 0.999363 1.57768 0 1
0.827018 -0.74446 1.87964 0.0229991 -0.0201865 0.999532 1.71764 0 1
1.09151 -0.280405 1.88809 0.0220582 -0.00833432 0.999722 1.85323 0 1
1.0908 0.234028 1.90319 0.0161238 0.00381798 0.999863 1.99384 0 1
0.855431 0.691166 1.90773 0.00570327 0.0149934 0.999871 2.13443 0 1
0.44812 0.999213 1.90405 -0.00791157 0.0246977 0.999664 2.29188 0 1
-0.12889 1.1012 1.90379 -0.0227888 0.033227 0.999188 2.4389 0 1
-0.64177 0.91697 1.90576 -0.036655 0.0413508 0.998472 2.58407 0 1
-0.977835 0.518481 1.90672 -0.0473099 0.0498294 0.997637 2.67978 0 1
-1.09295 0.195987 1.90698 -0.0530284 0.0589639 0.996851 2.8767 0 1
-1.78556 0.337278 1.82579 -0.0528055 0.0683357 0.996264 3.02296 0 1
-1.59467 0.833794 1.82602 -0.0464071 0.076816 0.995965 3.19596 0 1
-1.21134 1.34722 1.82727 -0.0343095 0.0828313 0.995973 3.35073 0 1
-0.735741 1.66485 1.82887 -0.0176131 0.0847824 0.996244 3.4877 0 1
-0.248599 1.78428 1.828 0.00205797 0.0814682 0.996674 3.66242 0 1
0.399772 1.74969 1.82628 0.022706 0.0723743 0.997119 3.80086 0 1
0.88182 1.55753 1.83354 0.0421741 0.0577564 0.997439 3.94306 0 1
1.30558 1.24656 1.84474 0.0583959 0.0385474 0.997549 4.09996 0 1
1.63817 0.776635 1.83833 0.0696393 0.0161787 0.997441 4.23697 0 1
1.79557 0.293419 1.82524 0.0747031 -0.00759526 0.997177 4.37158 0 1
1.81275 -0.217502 1.81154 0.0730321 -0.0308411 0.996853 4.5468 0 1
1.60302 -0.8616 1.79722 0.0647351 -0.0515814 0.996568 4.68615 0 1
1.2487 -1.30463 1.79547 0.0505137 -0.0679681 0.996408 4.82654 0 1
0.793275 -1.6136 1.80233 0.0315234 -0.0785105 0.996415 4.95924 0 1
0.308692 -1.76565 1.80631 0.00920697 -0.082302 0.996565 5.10563 0 1
-0.249671 -1.77736 1.80647 -0.0148532 -0.079138 0.996753 5.25114 0 1
-0.776619 -1.6061 1.81499 -0.0390299 -0.0694558 0.996821 5.41516 0 1
-1.26716 -1.23793 1.82813 -0.0616986 -0.054131 0.996626 5.5541 0 1
-1.56815 -0.826142 1.83441 -0.0812767 -0.0342457 0.996103 5.72107 0 1
-1.78051 -0.25058 1.83227 -0.0962907 -0.0109384 0.995293 5.85438 0 1
-1.80299 0.235959 1.82675 -0.105496 0.0146238 0.994312 6.04918 0 1
-2.47883 0.413658 1.71887 -0.108033 0.0412009 0.993293 6.18739 0 1
-2.3318 0.903922 1.71826 -0.103553 0.067439 0.992335 6.32374 0 1
-2.09553 1.35916 1.71904 -0.0922516 0.0918709 0.991488 6.49148 0 1
-1.68299 1.86151 1.71717 -0.0747986 0.112954 0.990781 6.63744 0 1
-1.23063 2.19494 1.71505 -0.0522254 0.129151 0.990249 6.77168 0 1
-0.763188 2.39062 1.71649 -0.0258457 0.139067 0.989946 6.93985 0 1
-0.135887 2.48232 1.70944 0.00278911 0.141658 0.989912 7.08666 0 1
0.423412 2.44895 1.70498 0.0319429 0.13643 0.990135 7.24839 0 1
1.01424 2.27771 1.71153 0.0598033 0.123549 0.990535 7.39199 0 1
1.49112 2.00118 1.72254 0.0846484 0.103828 0.990987 7.55173 0 1
1.93639 1.5945 1.73373 0.105023 0.0785759 0.991361 7.72205 0 1
2.28056 1.05518 1.72194 0.119857 0.0494014 0.991561 7.87891 0 1
2.46547 0.477998 1.71296 0.1285 0.0180116 0.991546 8.02245 0 1
2.51112 -0.0673208 1.7042 0.130696 -0.0139278 0.991325 8.17292 0 1
2.4426 -0.639389 1.68861 0.126527 -0.0448663 0.990948 8.32778 0 1
2.20963 -1.19303 1.68299 0.116344 -0.0733897 0.990494 8.47051 0 1
1.88301 -1.65573 1.67767 0.100693 -0.0982235 0.990057 8.60426 0 1
1.48714 -2.00024 1.67822 0.0802506 -0.118251 0.989736 8.73638 0 1
1.03754 -2.25868 1.6833 0.0558417 -0.132558 0.989601 8.86795 0 1
0.553892 -2.42014 1.68481 0.0284859 -0.140507 0.98967 9.00114 0 1
0.0345588 -2.48538 1.68341 -0.000586104 -0.141836 0.98989 9.13899 0 1
-0.52782 -2.4402 1.68772 -0.0300509 -0.136783 0.990145 9.29184 0 1
-1.1031 -2.21667 1.70657 -0.0587223 -0.126203 0.990265 9.43133 0 1
-1.54616 -1.92036 1.71937 -0.0857378 -0.111634 0.990044 9.57045 0 1
-1.91695 -1.5565 1.72139 -0.110559 -0.0952149 0.989298 9.71645 0 1
-2.20999 -1.09177 1.72639 -0.1328 -0.0794294 0.987955 9.85551 0 1
-2.4046 -0.616785 1.72143 -0.152017 -0.0666946 0.986125 9.99738 0 1
-2.50841 -0.099098 1.71712 -0.167605 -0.0589346 0.984091 10.1051 0 1
-2.49911 0.302787 1.71791 -0.178831 -0.0572875 0.982211 10.2932 0 1
-3.16975 0.428766 1.57665 -0.18497 -0.06202 0.980785 10.4461 0 1
-3.19344 -0.157757 1.57082 -0.185478 -0.0726146 0.979962 10.5732 0 1
-3.11985 -0.6639 1.57421 -0.180125 -0.0879505 0.979704 10.7324 0 1
-2.90048 -1.25387 1.58159 -0.169057 -0.106514 0.979834 10.8707 0 1
-2.64399 -1.72599 1.57767 -0.152745 -0.126606 0.980122 11.0003 0 1
-2.32845 -2.12846 1.57833 -0.131878 -0.146533 0.980375 11.1323 0 1
-1.9429 -2.49236 1.5757 -0.107251 -0.164757 0.980486 11.2712 0 1
-1.49042 -2.79149 1.56194 -0.0797008 -0.179989 0.980434 11.4027 0 1
-1.03095 -3.02186 1.54171 -0.0500922 -0.191223 0.980268 11.5328 0 1
-0.522505 -3.14476 1.53103 -0.0192989 -0.197721 0.980068 11.677 0 1
0.069407 -3.16618 1.53321 0.0118333 -0.198986 0.979931 11.8107 0 1
0.620894 -3.10952 1.53173 0.0425422 -0.194758 0.979928 11.9363 0 1
1.11412 -2.97273 1.53135 0.0721769 -0.18502 0.980081 12.063 0 1
1.58916 -2.75864 1.52676 0.100165 -0.169997 0.980341 12.1997 0 1
2.05066 -2.43418 1.52795 0.125925 -0.150124 0.980615 12.3537 0 1
2.50379 -2.00854 1.53369 0.148772 -0.125975 0.980814 12.4865 0 1
2.79585 -1.56917 1.54527 0.167889 -0.0982071 0.980902 12.6168 0 1
3.0168 -1.09845 1.54625 0.182385 -0.0675443 0.980904 12.7456 0 1
3.15048 -0.613224 1.54824 0.191434 -0.0348235 0.980888 12.9087 0 1
3.1945 0.0240375 1.55782 0.194427 -0.00103761 0.980916 13.0483 0 1
3.1392 0.5815 1.56439 0.191103 0.032687 0.981026 13.1791 0 1
2.99871 1.07933 1.57301 0.181599 0.0652028 0.981209 13.3094 0 1
2.79785 1.54146 1.58042 0.16643 0.0954841 0.981419 13.4394 0 1
2.52181 1.96092 1.57926 0.146374 0.122715 0.981588 13.6006 0 1
2.09642 2.41419 1.57062 0.122315 0.146278 0.981653 13.7431 0 1
1.64046 2.72707 1.56686 0.095106 0.165677 0.981583 13.8768 0 1
1.16145 2.9604 1.56528 0.0655179 0.180453 0.981399 14.0149 0 1
0.634729 3.11474 1.56011 0.0342812 0.190152 0.981156 14.146 0 1
0.123443 3.17207 1.55593 0.00215687 0.194383 0.980923 14.286 0 1
-0.431872 3.13817 1.55964 -0.0300437 0.192935 0.980752 14.4259 0 1
-0.995215 3.03454 1.56025 -0.0615279 0.185914 0.980638 14.5629 0 1
-1.51048 2.82641 1.56521 -0.0916357 0.173815 0.980506 14.6986 0 1
-1.95456 2.53654 1.56858 -0.119907 0.157442 0.980222 14.8294 0 1
-2.3195 2.1828 1.57266 -0.146045 0.137712 0.979646 14.9921 0 1
-2.70641 1.67907 1.57609 -0.1698 0.115442 0.978693 15.1303 0 1
-2.93911 1.19113 1.57947 -0.19085 0.0912139 0.977372 15.2629 0 1
-3.11713 0.716445 1.57881 -0.208736 0.0653685 0.975785 15.3107 0 1
-3.14989 0.538346 1.57909 -0.222881 0.038084 0.974102 15.4961 0 1
-3.83123 0.600935 1.39955 -0.232658 0.00948297 0.972512 15.6361 0 1
-3.88695 0.0478644 1.39069 -0.237471 -0.0202609 0.971183 15.7631 0 1
-3.83877 -0.469516 1.39035 -0.236845 -0.0508203 0.970217 15.9043 0 1
-3.71524 -1.0334 1.39139 -0.230535 -0.0816381 0.969633 16.0525 0 1
-3.50102 -1.59062 1.39622 -0.218622 -0.111915 0.969371 16.1971 0 1
-3.21914 -2.09232 1.39582 -0.201541 -0.14068 0.969325 16.3273 0 1
-2.89652 -2.51291 1.40044 -0.179989 -0.166933 0.9694 16.4583 0 1
-2.51829 -2.89445 1.40303 -0.154776 -0.189784 0.96955 16.6057 0 1
-2.03947 -3.25243 1.39338 -0.126681 -0.20857 0.969768 16.7296 0 1
-1.60938 -3.51051 1.37382 -0.0964159 -0.222896 0.970063 16.8529 0 1
-1.13404 -3.70996 1.35917 -0.064641 -0.232611 0.970419 16.9804 0 1
-0.607512 -3.82398 1.35145 -0.0320071 -0.237745 0.9708 17.1061 0 1
-0.0780711 -3.85279 1.35653 0.000848604 -0.238404 0.971166 17.239 0 1
0.486464 -3.82918 1.35767 0.0333367 -0.234678 0.971501 17.3755 0 1
1.05494 -3.71498 1.35256 0.0649484 -0.226592 0.971822 17.5173 0 1
1.61893 -3.50426 1.3494 0.0952576 -0.21414 0.972147 17.6453 0 1
2.10724 -3.23492 1.34895 0.12389 -0.197397 0.972464 17.7669 0 1
2.53234 -2.92589 1.35102 0.150479 -0.176608 0.972711 17.9038 0 1
2.95829 -2.53801 1.3528 0.174628 -0.152221 0.972797 18.0634 0 1
3.33809 -1.9887 1.37093 0.195887 -0.124826 0.972649 18.1824 0 1
3.57346 -1.54101 1.37773 0.213737 -0.0950491 0.972256 18.3163 0 1
3.75067 -1.02507 1.38031 0.227614 -0.063479 0.97168 18.4435 0 1
3.85055 -0.52596 1.37496 0.236971 -0.0306636 0.971033 18.5783 0 1
3.87768 0.0223457 1.37299 0.241363 0.00283322 0.970431 18.6974 0 1
3.837 0.526151 1.37543 0.240517 0.036361 0.969964 18.8385 0 1
3.71224 1.10464 1.3832 0.234343 0.0691601 0.969691 18.9687 0 1
3.52579 1.59778 1.38982 0.222904 0.100415 0.969655 19.0946 0 1
3.29296 2.04919 1.39315 0.206408 0.129361 0.969877 19.2283 0 1
2.96999 2.49492 1.39275 0.185243 0.15538 0.970331 19.3592 0 1
2.59594 2.87278 1.39058 0.160005 0.178035 0.970928 19.4913 0 1
2.17714 3.19485 1.38888 0.131443 0.197036 0.971545 19.636 0 1
1.66949 3.48171 1.39326 0.100348 0.212171 0.972067 19.7747 0 1
1.1578 3.69388 1.3944 0.0674526 0.223254 0.972424 19.926 0 1
0.568112 3.82434 1.39633 0.0334132 0.230111 0.972591 20.0722 0 1
-0.0204672 3.85338 1.39002 -0.00115059 0.232583 0.972576 20.2117 0 1
-0.593219 3.80383 1.38465 -0.0356107 0.230546 0.97241 20.3349 0 1
-1.09437 3.70451 1.3872 -0.0693295 0.223966 0.972128 20.4594 0 1
-1.58505 3.54047 1.38935 -0.101714 0.212996 0.971744 20.6197 0 1
-2.16394 3.23672 1.38519 -0.132288 0.198052 0.971224 20.7515 0 1
-2.58062 2.88988 1.38526 -0.160711 0.1798 0.970486 20.8764 0 1
-2.93743 2.52151 1.38958 -0.186736 0.159007 0.969457 21.0352 0 1
-3.30596 1.99891 1.39687 -0.210129 0.136354 0.968118 21.1836 0 1
-3.57628 1.46266 1.3998 -0.23063 0.112302 0.966539 21.3202 0 1
-3.75993 0.940821 1.40157 -0.247963 0.0870714 0.964849 21.3674 0 1
-3.80383 0.759095 1.40064 -0.261873 0.0607157 0.963191 21.5461 0 1
-4.45727 0.935511 1.1962 -0.272142 0.033238 0.961683 21.6659 0 1
-4.5428 0.442419 1.18841 -0.278587 0.00469455 0.9604 21.793 0 1
-4.56159 -0.0979037 1.18411 -0.281031 -0.0247428 0.95938 21.9097 0 1
-4.50943 -0.598487 1.18211 -0.27929 -0.0547655 0.958644 22.0481 0 1
-4.3852 -1.16899 1.17938 -0.273202 -0.0849281 0.9582 22.1686 0 1
-4.21315 -1.64695 1.18412 -0.262697 -0.114649 0.958043 22.3035 0 1
-3.96033 -2.15938 1.1872 -0.247887 -0.143225 0.958143 22.4239 0 1
-3.68445 -2.59347 1.18703 -0.229094 -0.169881 0.958466 22.553 0 1
-3.34083 -3.01799 1.18813 -0.206808 -0.193883 0.958979 22.6913 0 1
-2.92138 -3.4269 1.18885 -0.181568 -0.214659 0.959664 22.8084 0 1
-2.52617 -3.74659 1.18139 -0.153871 -0.231888 0.960495 22.9395 0 1
-2.05053 -4.04998 1.1686 -0.12417 -0.245495 0.961413 23.0682 0 1
-1.53833 -4.2759 1.15815 -0.092934 -0.255564 0.962315 23.1826 0 1
-1.05423 -4.42498 1.15454 -0.0607135 -0.262237 0.963092 23.3078 0 1
-0.50634 -4.52269 1.15636 -0.0281367 -0.265629 0.963665 23.4298 0 1
0.0300561 -4.53413 1.1671 0.0041671 -0.265812 0.964016 23.568 0 1
0.628138 -4.4813 1.16922 0.0356804 -0.262807 0.964188 23.7021 0 1
1.20765 -4.37627 1.15886 0.0660892 -0.256593 0.964257 23.8186 0 1
1.69702 -4.21495 1.15351 0.0952906 -0.247109 0.964291 23.9325 0 1
2.1592 -3.99451 1.15473 0.123293 -0.23427 0.964322 24.0496 0 1
2.60988 -3.72084 1.15689 0.150055 -0.21802 0.96434 24.1686 0 1
3.02751 -3.39926 1.15862 0.175371 -0.198387 0.964307 24.2904 0 1
3.4131 -3.03828 1.15988 0.198868 -0.175554 0.964174 24.4223 0 1
3.76236 -2.59214 1.17477 0.220083 -0.149873 0.963899 24.5492 0 1
4.03765 -2.12118 1.18327 0.238562 -0.121824 0.963456 24.6859 0 1
4.2749 -1.58648 1.18318 0.253891 -0.0919272 0.962855 24.8114 0 1
4.44235 -1.08926 1.1756 0.26568 -0.0606499 0.962152 24.9319 0 1
4.52535 -0.59159 1.17401 0.273541 -0.0283662 0.961442 25.0576 0 1
4.55441 -0.0557391 1.17066 0.277108 0.00460158 0.960828 25.1947 0 1
4.5135 0.543223 1.16836 0.276106 0.0378934 0.96038 25.3224 0 1
4.41153 1.08665 1.17187 0.270402 0.0710346 0.960123 25.4478 0 1
4.24748 1.60787 1.17594 0.260014 0.103429 0.96005 25.5734 0 1
4.02677 2.10153 1.18153 0.245061 0.134423 0.960144 25.7294 0 1
3.67333 2.6775 1.18749 0.225728 0.163398 0.96039 25.8682 0 1
3.29652 3.13697 1.18478 0.202292 0.189832 0.960751 26.0236 0 1
2.80468 3.57674 1.1823 0.1752 0.213319 0.961145 26.1439 0 1
2.37889 3.86055 1.18946 0.145094 0.233557 0.961457 26.295 0 1
1.8113 4.15589 1.19781 0.11275 0.250315 0.961577 26.4206 0 1
1.33384 4.35021 1.19586 0.0789628 0.263384 0.961454 26.5656 0 1
0.751882 4.4862 1.19913 0.0444645 0.272524 0.961121 26.714 0 1
0.125764 4.52153 1.19867 0.00989504 0.27746 0.960686 26.843 0 1
-0.417494 4.50795 1.18297 -0.0242105 0.277934 0.960295 26.9731 0 1
-0.964616 4.42713 1.18034 -0.0574407 0.273806 0.960068 27.0904 0 1
-1.45744 4.30801 1.18205 -0.0895108 0.265148 0.960044 27.2111 0 1
-1.94374 4.12078 1.18778 -0.120235 0.252297 0.960151 27.3409 0 1
-2.43534 3.87156 1.17951 -0.149478 0.235845 0.960226 27.4777 0 1
-2.91573 3.51997 1.17776 -0.177107 0.216567 0.960069 27.6049 0 1
-3.30582 3.11942 1.19347 -0.202948 0.195275 0.959521 27.7333 0 1
-3.65001 2.69843 1.19708 -0.22675 0.172642 0.95853 27.8766 0 1
-3.98109 2.19418 1.19023 -0.248189 0.149058 0.957175 28.0045 0 1
-4.21034 1.69688 1.19447 -0.266899 0.124603 0.955635 28.1312 0 1
-4.39723 1.18327 1.19472 -0.282532 0.0991441 0.954121 28.1842 0 1
-4.45084 0.96703 1.19633 -0.294805 0.0724945 0.952803 28.3537 0 1
-5.10549 1.10354 0.963374 -0.303541 0.0445563 0.951776 28.4795 0 1
-5.20237 0.53449 0.959308 -0.308667 0.0153898 0.951046 28.5995 0 1
-5.22888 -0.00910851 0.959765 -0.310208 -0.0147813 0.950554 28.7325 0 1
-5.17703 -0.616956 0.96103 -0.308246 -0.0455962 0.950213 28.8486 0 1
-5.07913 -1.14041 0.959364 -0.302881 -0.0765874 0.949946 28.9618 0 1
-4.93701 -1.63136 0.956766 -0.294188 -0.10721 0.949715 29.0983 0 1
-4.69793 -2.20291 0.954166 -0.282219 -0.136882 0.949535 29.208 0 1
-4.44494 -2.6503 0.957215 -0.267032 -0.165045 0.949449 29.3365 0 1
-4.11496 -3.13348 0.957595 -0.248745 -0.191237 0.949502 29.4595 0 1
-3.75612 -3.55006 0.957407 -0.227563 -0.215139 0.9497 29.573 0 1
-3.39325 -3.91089 0.955695 -0.203764 -0.236578 0.950006 29.6911 0 1
-2.96366 -4.25087 0.955123 -0.177659 -0.255462 0.950356 29.7985 0 1
-2.54218 -4.53146 0.952581 -0.149565 -0.271691 0.950692 29.9135 0 1
-2.07916 -4.77733 0.943866 -0.11981 -0.285095 0.950982 30.0521 0 1
-1.49014 -5.00266 0.937776 -0.0887749 -0.29543 0.951231 30.1728 0 1
-0.942825 -5.13862 0.93722 -0.0569044 -0.302429 0.951472 30.2853 0 1
-0.408308 -5.20027 0.942328 -0.0246735 -0.305888 0.951748 30.3977 0 1
0.106265 -5.19741 0.950415 0.00749052 -0.305724 0.952091 30.5153 0 1
0.632995 -5.15397 0.952924 0.03928 -0.302 0.952498 30.646 0 1
1.21578 -5.05112 0.948024 0.0705283 -0.294885 0.952926 30.7817 0 1
1.83354 -4.87518 0.941385 0.101162 -0.284584 0.953299 30.9008 0 1
2.35505 -4.64666 0.94062 0.131101 -0.27128 0.95353 31.0198 0 1
2.84842 -4.36614 0.946813 0.160156 -0.255105 0.953557 31.1241 0 1
3.26018 -4.08219 0.950211 0.18798 -0.236136 0.953364 31.2601 0 1
3.73235 -3.6731 0.949028 0.214088 -0.214409 0.952993 31.3907 0 1
4.12715 -3.24015 0.950225 0.237933 -0.189958 0.952525 31.5022 0 1
4.41376 -2.82826 0.958252 0.258979 -0.162899 0.952047 31.6319 0 1
4.69635 -2.30474 0.95847 0.276772 -0.133484 0.951619 31.7423 0 1
4.89269 -1.84246 0.955309 0.290974 -0.102112 0.951266 31.8573 0 1
5.06021 -1.35448 0.950873 0.301377 -0.0692669 0.950986 31.995 0 1
5.1755 -0.746296 0.953775 0.307878 -0.0354473 0.950765 32.1428 0 1
5.2199 -0.0655632 0.949202 0.310442 -0.00111982 0.950592 32.2707 0 1
5.18486 0.526196 0.944848 0.309079 0.0332807 0.950454 32.4075 0 1
5.08659 1.14595 0.940986 0.303846 0.0673351 0.950339 32.5399 0 1
4.90747 1.73552 0.947185 0.294881 0.100634 0.95022 32.662 0 1
4.69173 2.27579 0.948281 0.282395 0.132789 0.950063 32.7898 0 1
4.39395 2.80074 0.954488 0.266607 0.163451 0.949845 32.9056 0 1
4.07864 3.24324 0.95946 0.247677 0.192297 0.949567 33.0165 0 1
3.75268 3.62495 0.957059 0.225697 0.218988 0.949265 33.1526 0 1
3.29212 4.03147 0.960296 0.200777 0.243129 0.948987 33.2796 0 1
2.81948 4.37968 0.95892 0.173149 0.264283 0.948775 33.3908 0 1
2.37003 4.63448 0.962961 0.143217 0.282048 0.94865 33.5204 0 1
1.84264 4.87159 0.970166 0.111501 0.296152 0.94861 33.6578 0 1
1.2743 5.05389 0.977345 0.0785515 0.306503 0.948623 33.7782 0 1
0.7629 5.16436 0.968716 0.044903 0.313168 0.948636 33.9069 0 1
0.179596 5.19542 0.967528 0.0110537 0.316285 0.9486 34.0364 0 1
-0.404228 5.17852 0.960253 -0.0225585 0.315962 0.948504 34.1493 0 1
-0.910663 5.12157 0.95708 -0.0555981 0.312204 0.948387 34.2712 0 1
-1.45174 4.98883 0.962244 -0.0878397 0.304934 0.948314 34.3885 0 1
-1.97712 4.8181 0.959533 -0.119115 0.294091 0.948326 34.5039 0 1
-2.47033 4.6088 0.949794 -0.149236 0.279752 0.948402 34.6118 0 1
-2.91321 4.36644 0.941423 -0.177948 0.262267 0.948446 34.7282 0 1
-3.35803 4.02974 0.952467 -0.204928 0.242367 0.948295 34.8564 0 1
-3.76806 3.60252 0.975295 -0.22978 0.221246 0.947761 34.9936 0 1
-4.16571 3.11987 0.977283 -0.252046 0.200518 0.946713 35.114 0 1
-4.47783 2.67492 0.964319 -0.271231 0.18203 0.945145 35.2454 0 1
-4.74966 2.15212 0.961236 -0.286856 0.167549 0.943208 35.3666 0 1
-4.93865 1.63672 0.970444 -0.298508 0.158452 0.941162 35.4606 0 1
-5.07331 1.2229 0.96571 -0.305864 0.155492 0.939292 35.6159 0 1
-5.7302 1.3484 0.711955 -0.308704 0.15871 0.937824 35.7632 0 1
-5.54447 1.9134 0.718425 -0.306952 0.16749 0.936871 35.8995 0 1
-5.35906 2.42579 0.710388 -0.300714 0.180754 0.936429 36.0232 0 1
-5.12539 2.86818 0.715908 -0.290292 0.19721 0.936397 36.1827 0 1
-4.7814 3.40824 0.72267 -0.276134 0.215594 0.936627 36.3112 0 1
-4.46619 3.81029 0.722838 -0.258754 0.234805 0.93697 36.438 0 1
-4.12785 4.18421 0.718932 -0.238661 0.253956 0.937308 36.5734 0 1
-3.75031 4.5712 0.700088 -0.216321 0.272349 0.937567 36.7032 0 1
-3.32226 4.88846 0.693789 -0.192127 0.289452 0.937713 36.8239 0 1
-2.88408 5.12889 0.702937 -0.166381 0.304878 0.937746 36.9526 0 1
-2.41209 5.36125 0.708862 -0.139279 0.31835 0.937686 37.0887 0 1
-1.89701 5.55917 0.708885 -0.110938 0.329646 0.937564 37.2228 0 1
-1.37326 5.70449 0.707365 -0.0814525 0.338549 0.937417 37.3548 0 1
-0.847003 5.80877 0.706353 -0.0509789 0.344835 0.937278 37.4808 0 1
-0.336398 5.84967 0.713293 -0.0197799 0.348301 0.937174 37.6103 0 1
0.18514 5.86431 0.714236 0.0117873 0.348818 0.937116 37.7471 0 1
0.734645 5.83366 0.712826 0.0433334 0.346346 0.937106 37.8728 0 1
1.2334 5.74326 0.718299 0.0744981 0.340918 0.937136 38.0102 0 1
1.76475 5.60308 0.716255 0.104973 0.332612 0.937203 38.1397 0 1
2.25068 5.41947 0.714415 0.134484 0.321512 0.937307 38.2747 0 1
2.73933 5.18214 0.714923 0.162773 0.307684 0.937462 38.4047 0 1
3.19163 4.92078 0.713846 0.18958 0.291175 0.937697 38.5312 0 1
3.60632 4.62545 0.717649 0.214662 0.272053 0.938034 38.6612 0 1
4.00748 4.29363 0.714568 0.237803 0.250443 0.938471 38.787 0 1
4.363 3.9335 0.709564 0.258835 0.226558 0.938976 38.9242 0 1
4.7098 3.49972 0.709127 0.27764 0.200675 0.939492 39.0795 0 1
5.06444 2.97962 0.708478 0.294136 0.173089 0.93996 39.2014 0 1
5.30472 2.53892 0.705537 0.308253 0.144077 0.940331 39.3402 0 1
5.52016 2.01634 0.703999 0.31991 0.113897 0.940577 39.4849 0 1
5.69599 1.45282 0.698763 0.329011 0.0828172 0.940687 39.6267 0 1
5.79884 0.878823 0.703671 0.335441 0.0511239 0.940673 39.7819 0 1
5.87645 0.249438 0.700913 0.339062 0.0191101 0.94057 39.9276 0 1
5.87888 -0.347827 0.703506 0.339713 -0.0129564 0.94044 40.0535 0 1
5.83166 -0.859716 0.704299 0.337219 -0.0448561 0.940357 40.182 0 1
5.73232 -1.37463 0.704688 0.331419 -0.0764129 0.940384 40.3215 0 1
5.56768 -1.91929 0.706887 0.322203 -0.107461 0.940552 40.4608 0 1
5.35865 -2.44513 0.709804 0.309567 -0.137797 0.94084 40.5896 0 1
5.13132 -2.9148 0.711791 0.293639 -0.167146 0.94119 40.7217 0 1
4.86192 -3.37483 0.708756 0.274684 -0.195153 0.941522 40.8695 0 1
4.48085 -3.83724 0.714877 0.253058 -0.22141 0.941774 41.0164 0 1
4.07841 -4.26954 0.711828 0.229144 -0.245495 0.941926 41.1591 0 1
3.63258 -4.63407 0.711866 0.203294 -0.267021 0.942004 41.3081 0 1
3.12558 -4.95753 0.715409 0.175802 -0.28568 0.942062 41.4565 0 1
2.60679 -5.25148 0.707173 0.146901 -0.301271 0.942155 41.6168 0 1
2.01108 -5.51511 0.700321 0.116765 -0.313711 0.942312 41.7686 0 1
1.4098 -5.67746 0.708025 0.0855181 -0.323001 0.942527 41.8998 0 1
0.889695 -5.79046 0.706875 0.0532655 -0.329183 0.942763 42.0326 0 1
0.352415 -5.84267 0.7106 0.0201446 -0.33229 0.942962 42.1625 0 1
-0.172565 -5.86779 0.704741 -0.0136136 -0.332328 0.943066 42.3161 0 1
-0.797651 -5.83158 0.700405 -0.0476435 -0.329296 0.943024 42.4436 0 1
-1.31182 -5.73516 0.702704 -0.0814535 -0.323211 0.942815 42.6095 0 1
-1.95919 -5.53255 0.704989 -0.114485 -0.314127 0.942453 42.7581 0 1
-2.51899 -5.30161 0.702295 -0.146195 -0.302145 0.941985 42.9015 0 1
-3.02485 -5.00418 0.708818 -0.176132 -0.287413 0.941473 43.0558 0 1
-3.53689 -4.64499 0.708552 -0.20397 -0.270109 0.940977 43.2173 0 1
-4.02431 -4.20749 0.711816 -0.229512 -0.250434 0.940535 43.3465 0 1
-4.3868 -3.83238 0.711029 -0.252657 -0.22858 0.940168 43.474 0 1
-4.71655 -3.43641 0.710334 -0.273345 -0.204714 0.93988 43.605 0 1
-5.01242 -2.99662 0.712757 -0.291529 -0.17899 0.939667 43.7358 0 1
-5.26946 -2.53643 0.710316 -0.307154 -0.15162 0.939504 43.8704 0 1
-5.49004 -2.03508 0.711213 -0.320193 -0.122969 0.939338 44.0099 0 1
-5.65575 -1.49631 0.715192 -0.330673 -0.0936004 0.939092 44.1365 0 1
-5.77493 -1.00201 0.713772 -0.338693 -0.0641944 0.938705 44.278 0 1
-5.85687 -0.438225 0.716679 -0.344395 -0.0353741 0.938158 44.4089 0 1
-5.89864 0.0848851 0.711416 -0.34792 -0.00753258 0.937494 44.5336 0 1
-5.85839 0.587089 0.714877 -0.349358 0.0192398 0.936792 44.6626 0 1
-5.78431 1.10017 0.711732 -0.348732 0.0451009 0.936137 44.7111 0 1
-5.74492 1.29189 0.711439 -0.346008 0.0703182 0.935593 44.8876 0 1
-6.40213 1.38359 0.450484 -0.341112 0.0951253 0.935197 44.9963 0 1
-6.19298 2.04486 0.460354 -0.333953 0.11963 0.934968 45.0766 0 1
-6.0365 2.52109 0.451648 -0.324439 0.143793 0.934913 45.1575 0 1
-5.82723 2.99122 0.449443 -0.312512 0.167459 0.935037 45.2487 0 1
-5.52513 3.48959 0.456182 -0.298171 0.190416 0.935327 45.3301 0 1
-5.22938 3.90835 0.459103 -0.281485 0.212449 0.935752 45.4114 0 1
-4.90169 4.29813 0.462492 -0.262593 0.233381 0.936258 45.4938 0 1
-4.56378 4.68286 0.457622 -0.241688 0.253077 0.93677 45.585 0 1
-4.15076 5.07886 0.450362 -0.219015 0.271423 0.93721 45.6679 0 1
-3.7279 5.3968 0.446615 -0.194846 0.288299 0.937507 45.7505 0 1
-3.26582 5.65964 0.45326 -0.169455 0.303557 0.937624 45.8446 0 1
-2.74135 5.9435 0.449458 -0.143072 0.317026 0.937563 45.9334 0 1
-2.21123 6.1465 0.450898 -0.115851 0.328513 0.937367 46.0244 0 1
-1.65503 6.3114 0.450343 -0.0878848 0.337825 0.937097 46.1126 0 1
-1.10502 6.4313 0.449797 -0.0592482 0.344782 0.936811 46.2011 0 1
-0.543407 6.49601 0.453219 -0.0300582 0.349247 0.936549 46.2807 0 1
-0.0390493 6.51495 0.456312 -0.000503124 0.351141 0.936323 46.3681 0 1
0.511426 6.50681 0.454027 0.0291652 0.350441 0.936131 46.455 0 1
1.05858 6.45125 0.451244 0.0586663 0.347153 0.935972 46.5518 0 1
1.66015 6.31668 0.454249 0.0877237 0.34128 0.935859 46.6335 0 1
2.1529 6.16104 0.455458 0.116084 0.332818 0.935819 46.7166 0 1
2.63763 5.96151 0.455877 0.143527 0.321763 0.935878 46.8065 0 1
3.1449 5.70896 0.455952 0.169867 0.308124 0.936058 46.8923 0 1
3.60982 5.43258 0.453943 0.194946 0.291942 0.936358 46.9738 0 1
4.02745 5.13004 0.456638 0.218606 0.273313 0.936756 47.0614 0 1
4.44608 4.77142 0.456834 0.240666 0.252412 0.937213 47.1607 0 1
4.88377 4.32564 0.453095 0.260914 0.229504 0.937684 47.2656 0 1
5.29973 3.80686 0.451514 0.279143 0.204918 0.93813 47.3456 0 1
5.57742 3.38004 0.455253 0.295198 0.178993 0.93852 47.4472 0 1
5.90096 2.82636 0.448499 0.308989 0.152022 0.938837 47.5399 0 1
6.11852 2.27347 0.453304 0.320484 0.124227 0.939073 47.6238 0 1
6.29064 1.77013 0.446881 0.329675 0.0957636 0.939225 47.7077 0 1
6.40522 1.24291 0.451781 0.33656 0.066767 0.939292 47.7963 0 1
6.50823 0.688799 0.44643 0.341135 0.0373846 0.939271 47.8841 0 1
6.54043 0.124615 0.448135 0.343386 0.00778836 0.939162 47.9741 0 1
6.52341 -0.451744 0.451876 0.343288 -0.0218454 0.938976 48.0712 0 1
6.45098 -1.06493 0.456237 0.340795 -0.0513642 0.938733 48.1562 0 1
6.35802 -1.59243 0.451278 0.335848 -0.0806434 0.938458 48.2349 0 1
6.20518 -2.06948 0.454753 0.328383 -0.109554 0.93817 48.3339 0 1
5.98819 -2.65622 0.45107 0.318359 -0.13791 0.937885 48.4154 0 1
5.76132 -3.12323 0.453888 0.305782 -0.16543 0.93762 48.4985 0 1
5.51538 -3.58879 0.447724 0.290733 -0.191747 0.937394 48.5836 0 1
5.19296 -4.02946 0.454023 0.273376 -0.216463 0.937235 48.6718 0 1
4.82525 -4.44963 0.454251 0.253949 -0.239233 0.937164 48.7653 0 1
4.40069 -4.86101 0.451923 0.232744 -0.259832 0.937186 48.8535 0 1
3.95545 -5.20159 0.456052 0.210067 -0.278175 0.937278 48.9476 0 1
3.46127 -5.52927 0.45645 0.1862 -0.294287 0.937403 49.0279 0 1
3.01888 -5.77468 0.455449 0.161352 -0.308239 0.937526 49.109 0 1
2.56054 -6.00168 0.449045 0.135639 -0.320076 0.937632 49.2003 0 1
2.0139 -6.20805 0.447628 0.109089 -0.329786 0.937732 49.2793 0 1
1.52023 -6.32282 0.457101 0.0816829 -0.337296 0.937848 49.3588 0 1
1.03336 -6.43567 0.451515 0.053425 -0.342506 0.937995 49.4434 0 1
0.497829 -6.49366 0.455066 0.0244024 -0.345324 0.938166 49.5272 0 1
-0.0308634 -6.5147 0.455935 -0.00518468 -0.345706 0.938329 49.6274 0 1
-0.662614 -6.50685 0.449469 -0.035036 -0.343659 0.938441 49.7086 0 1
-1.17763 -6.44263 0.446572 -0.064795 -0.33924 0.938466 49.8006 0 1
-1.75094 -6.29467 0.452924 -0.0941003 -0.332523 0.938389 49.8993 0 1
-2.34181 -6.08838 0.452587 -0.122629 -0.323586 0.938219 49.9804 0 1
-2.81537 -5.88634 0.448527 -0.150119 -0.312481 0.937987 50.0598 0 1
-3.25726 -5.63394 0.453172 -0.176378 -0.299244 0.937733 50.1387 0 1
-3.68051 -5.36763 0.449184 -0.201266 -0.283897 0.937494 50.2241 0 1
-4.10191 -5.01978 0.455758 -0.224677 -0.266484 0.937287 50.3219 0 1
-4.55419 -4.6004 0.456715 -0.24652 -0.247083 0.937111 50.4172 0 1
-4.96831 -4.16672 0.4541 -0.266704 -0.225822 0.936949 50.5047 0 1
-5.31483 -3.73518 0.45318 -0.285135 -0.202862 0.936774 50.5862 0 1
-5.59897 -3.30327 0.454304 -0.301711 -0.178394 0.936561 50.6792 0 1
-5.8797 -2.78679 0.453529 -0.316306 -0.152648 0.936295 50.7654 0 1
-6.10072 -2.28681 0.452451 -0.328781 -0.125932 0.935972 50.8553 0 1
-6.27727 -1.74415 0.453667 -0.339012 -0.0986719 0.935593 50.9425 0 1
-6.40001 -1.20541 0.456517 -0.346944 -0.0713911 0.935165 51.0284 0 1
-6.46944 -0.66959 0.464342 -0.35264 -0.0446204 0.934695 51.1115 0 1
-6.53709 -0.15978 0.45238 -0.356299 -0.0187568 0.934184 51.1984 0 1
-6.52561 0.392433 0.454886 -0.358247 0.00604815 0.933607 51.2776 0 1
-6.47998 0.89056 0.453785 -0.358901 0.0299171 0.932896 51.3373 0 1
-6.41931 1.26329 0.453441 -0.358728 0.0531835 0.931926 51.3498 0 1
-6.40771 1.34216 0.452047 -0.358196 0.0762696 0.930498 51.3498 0 1
