-0.40007 -0.00229819 2.78526 -0.00709398 -0.0333498 0.999389 0 1 1
-0.0211594 -0.397381 2.76498 -0.0111974 -0.0295025 0.999502 0.309727 0 1
0.380619 -0.155924 2.76851 -0.0159161 -0.0273472 0.999499 0.483994 0 1
0.169839 0.365834 2.78898 -0.0204317 -0.0276665 0.999408 0.637574 0 1
-0.304194 0.255423 2.79021 -0.0234044 -0.0306937 0.999255 0.721191 0 1
-0.3985 0.00278396 2.7854 -0.0235578 -0.0358882 0.999078 0.944007 0 1
-1.1086 0.152607 2.74037 -0.0201708 -0.0419236 0.998917 1.09719 0 1
-1.06324 -0.34622 2.73618 -0.0133465 -0.0469239 0.998809 1.27305 0 1
-0.727066 -0.826478 2.72522 -0.00406495 -0.0489171 0.998795 1.42316 0 1
-0.275804 -1.07145 2.71219 0.00594823 -0.0464045 0.998905 1.58939 0 1
0.282092 -1.0786 2.69869 0.0145344 -0.0388558 0.999139 1.74098 0 1
0.732174 -0.850074 2.70189 0.019562 -0.0269205 0.999446 1.89945 0 1
1.03864 -0.418056 2.72039 0.0194141 -0.0122494 0.999736 2.05974 0 1
1.12221 0.109441 2.73948 0.0133493 0.00297088 0.999906 2.21347 0 1
0.963697 0.578628 2.74714 0.0016527 0.0165151 0.999862 2.40258 0 1
0.53017 0.994929 2.74933 -0.0144175 0.0264469 0.999546 2.56484 0 1
0.0170526 1.11263 2.74782 -0.0328428 0.0312652 0.998971 2.74645 0 1
-0.564032 0.961767 2.74349 -0.0511715 0.0299998 0.998239 2.93636 0 1
-0.981503 0.51285 2.74107 -0.0669081 0.0223539 0.997509 2.99983 0 1
-1.05974 0.323376 2.74097 -0.0778949 0.00884606 0.996922 3.22245 0 1
-1.72883 0.57822 2.6405 -0.0826153 -0.00917242 0.996539 3.38295 0 1
-1.8345 0.0482534 2.6412 -0.0803637 -0.0296882 0.996323 3.56107 0 1
-1.75845 -0.539393 2.64749 -0.0712546 -0.0503224 0.996188 3.74629 0 1
-1.45056 -1.07867 2.64599 -0.0560796 -0.0686356 0.996064 3.91639 0 1
-1.04057 -1.47059 2.63312 -0.0360962 -0.0823783 0.995947 4.08126 0 1
-0.544586 -1.72828 2.62064 -0.0128653 -0.0896972 0.995886 4.28246 0 1
0.12356 -1.82681 2.60795 0.0118035 -0.089335 0.995932 4.44149 0 1
0.651955 -1.70226 2.61015 0.0358573 -0.0808249 0.996083 4.60418 0 1
1.12733 -1.42607 2.61685 0.0570814 -0.0646255 0.996276 4.77538 0 1
1.52477 -1.0076 2.62874 0.0733173 -0.0421266 0.996419 4.92305 0 1
1.74439 -0.559479 2.64514 0.0827673 -0.0154909 0.996448 5.10029 0 1
1.83669 0.0317909 2.65041 0.0842768 0.0126478 0.996362 5.26829 0 1
1.74221 0.578277 2.64975 0.0775057 0.0395706 0.996206 5.4674 0 1
1.4316 1.15552 2.64705 0.0629531 0.0628712 0.996034 5.62208 0 1
1.04871 1.49725 2.65182 0.041849 0.0807667 0.995854 5.77601 0 1
0.581936 1.72412 2.65093 0.0159518 0.0922228 0.995611 5.93001 0 1
0.0679453 1.81481 2.64969 -0.0126982 0.0968611 0.995217 6.10663 0 1
-0.529828 1.74255 2.64949 -0.0420104 0.0947242 0.994617 6.26456 0 1
-1.00653 1.52124 2.64703 -0.070005 0.0860613 0.993827 6.4175 0 1
-1.38204 1.17097 2.64327 -0.0948873 0.0712669 0.992934 6.61011 0 1
-1.71733 0.609402 2.64048 -0.115081 0.0509733 0.992047 6.8211 0 1
-2.37331 0.855054 2.51636 -0.129282 0.0261754 0.991262 6.97628 0 1
-2.50782 0.332816 2.51769 -0.136553 -0.00174745 0.990631 7.13197 0 1
-2.52985 -0.200951 2.52249 -0.13642 -0.0311504 0.990161 7.29218 0 1
-2.43474 -0.747394 2.52458 -0.128917 -0.0603178 0.989819 7.44579 0 1
-2.20444 -1.2356 2.52153 -0.114567 -0.0876397 0.989542 7.63412 0 1
-1.79787 -1.73682 2.51113 -0.0943073 -0.111712 0.989256 7.78785 0 1
-1.38869 -2.07285 2.50348 -0.0693848 -0.131349 0.988905 7.9574 0 1
-0.860444 -2.35152 2.49736 -0.0412055 -0.145547 0.988493 8.11003 0 1
-0.354403 -2.50355 2.48477 -0.0111668 -0.153455 0.988093 8.261 0 1
0.171883 -2.52958 2.4796 0.019452 -0.154416 0.987814 8.4372 0 1
0.790833 -2.42187 2.47438 0.049491 -0.148093 0.987734 8.59525 0 1
1.29631 -2.17715 2.4807 0.0778328 -0.134606 0.987838 8.75109 0 1
1.72192 -1.85069 2.4869 0.103333 -0.114605 0.988022 8.90153 0 1
2.06637 -1.47007 2.50133 0.12482 -0.0892227 0.98816 9.05025 0 1
2.32567 -1.03393 2.51951 0.141162 -0.059922 0.988171 9.21601 0 1
2.49746 -0.512572 2.5214 0.151377 -0.0282855 0.988071 9.37017 0 1
2.54955 0.00157846 2.51363 0.154735 0.00415802 0.987947 9.51831 0 1
2.49087 0.498729 2.511 0.150862 0.0360167 0.987898 9.68013 0 1
2.31532 1.02351 2.50985 0.139792 0.0660209 0.987978 9.82287 0 1
2.07924 1.46939 2.50667 0.121985 0.0929641 0.988169 9.96334 0 1
1.74373 1.85214 2.51189 0.0983194 0.115691 0.988407 10.1228 0 1
1.29306 2.17771 2.52135 0.0700262 0.1332 0.988612 10.2978 0 1
0.748689 2.40963 2.52249 0.0385592 0.144844 0.988703 10.4676 0 1
0.180129 2.51026 2.52136 0.00540325 0.150483 0.988598 10.6196 0 1
-0.330446 2.49154 2.51867 -0.0281011 0.150462 0.988216 10.8146 0 1
-0.970727 2.32795 2.51702 -0.0608458 0.145377 0.987504 10.9655 0 1
-1.41862 2.08534 2.51421 -0.091936 0.135775 0.986465 11.1329 0 1
-1.84852 1.70552 2.51252 -0.1206 0.121968 0.98518 11.3003 0 1
-2.20379 1.22646 2.51383 -0.146091 0.10406 0.983783 11.3646 0 1
-2.30501 1.02027 2.51559 -0.167632 0.0821521 0.982421 11.5686 0 1
-2.92731 1.33914 2.36096 -0.184425 0.0565863 0.981216 11.7277 0 1
-3.12083 0.806538 2.36477 -0.195711 0.0280621 0.98026 11.8962 0 1
-3.23495 0.224626 2.3606 -0.200882 -0.0024108 0.979613 12.049 0 1
-3.21641 -0.313 2.36699 -0.1996 -0.0336716 0.979299 12.1915 0 1
-3.13965 -0.807526 2.36285 -0.191871 -0.0645685 0.979294 12.3381 0 1
-2.96412 -1.30247 2.35281 -0.178045 -0.0940533 0.979517 12.5012 0 1
-2.66438 -1.80033 2.35088 -0.158759 -0.121207 0.979849 12.6477 0 1
-2.32649 -2.19 2.35119 -0.134843 -0.145239 0.980165 12.8399 0 1
-1.80859 -2.63171 2.35183 -0.107238 -0.165493 0.980363 12.9908 0 1
-1.32721 -2.90865 2.34696 -0.0769186 -0.181462 0.980385 13.1311 0 1
-0.85404 -3.09032 2.33986 -0.0448118 -0.192768 0.980221 13.2855 0 1
-0.323875 -3.20517 2.33071 -0.0117249 -0.199102 0.979909 13.4328 0 1
0.190677 -3.23004 2.32489 0.021675 -0.200157 0.979524 13.5862 0 1
0.730509 -3.15501 2.31593 0.0547921 -0.195635 0.979145 13.7553 0 1
1.30104 -2.96385 2.31364 0.0869719 -0.18534 0.978818 13.9148 0 1
1.7888 -2.6808 2.31745 0.117394 -0.169322 0.978544 14.0805 0 1
2.246 -2.31546 2.32441 0.145065 -0.14797 0.978295 14.2375 0 1
2.62857 -1.89987 2.3385 0.168935 -0.122014 0.978046 14.3868 0 1
2.89639 -1.44579 2.35687 0.188052 -0.092431 0.9778 14.5478 0 1
3.11259 -0.939886 2.35334 0.201691 -0.06031 0.977591 14.6972 0 1
3.21798 -0.436131 2.34543 0.209371 -0.0267205 0.977471 14.8536 0 1
3.24118 0.122275 2.34098 0.210819 0.00736347 0.977497 15.004 0 1
3.16477 0.661939 2.34574 0.205937 0.0410719 0.977703 15.1528 0 1
3.00389 1.16646 2.3495 0.194818 0.0735986 0.978074 15.2962 0 1
2.79531 1.6372 2.34449 0.177792 0.104146 0.978542 15.4506 0 1
2.47033 2.10855 2.34783 0.155453 0.131892 0.978999 15.5965 0 1
2.09206 2.47766 2.35715 0.128625 0.155995 0.979347 15.7834 0 1
1.53675 2.82706 2.37301 0.098283 0.175654 0.979534 15.9402 0 1
1.04238 3.05441 2.36834 0.0654578 0.190202 0.97956 16.0852 0 1
0.549904 3.17567 2.36276 0.0311467 0.199227 0.979458 16.2477 0 1
-0.0110661 3.20858 2.362 -0.0037475 0.202684 0.979237 16.3951 0 1
-0.515001 3.16004 2.35759 -0.0384508 0.200938 0.978849 16.5491 0 1
-1.03855 3.03513 2.3539 -0.0723255 0.194661 0.9782 16.7249 0 1
-1.61512 2.78746 2.35434 -0.104846 0.184602 0.977205 16.8811 0 1
-2.06801 2.47878 2.34999 -0.135552 0.171311 0.975847 17.0435 0 1
-2.46661 2.07213 2.35599 -0.163987 0.154987 0.974211 17.2205 0 1
-2.8159 1.5488 2.36116 -0.189652 0.135515 0.972455 17.2793 0 1
-2.91524 1.36616 2.36053 -0.211983 0.112672 0.970756 17.4779 0 1
-3.52807 1.66136 2.16904 -0.230379 0.0863896 0.969259 17.6163 0 1
-3.71803 1.19243 2.17139 -0.244255 0.0569325 0.968038 17.7515 0 1
-3.85656 0.702508 2.16883 -0.253099 0.0249441 0.967119 17.9101 0 1
-3.92677 0.118434 2.16594 -0.256512 -0.0086482 0.966502 18.0696 0 1
-3.89892 -0.454309 2.16534 -0.254223 -0.0427914 0.966199 18.2385 0 1
-3.77448 -1.04692 2.16226 -0.246126 -0.0764562 0.966218 18.413 0 1
-3.55822 -1.64652 2.15512 -0.232328 -0.108731 0.966541 18.5712 0 1
-3.27086 -2.13777 2.15269 -0.213181 -0.138857 0.967095 18.727 0 1
-2.91407 -2.5821 2.16089 -0.189281 -0.166209 0.967754 18.8803 0 1
-2.50843 -2.96837 2.17227 -0.161425 -0.190269 0.96837 19.0468 0 1
-2.03183 -3.33284 2.17097 -0.130547 -0.210589 0.968819 19.1913 0 1
-1.57277 -3.56641 2.16814 -0.097627 -0.22679 0.969038 19.3445 0 1
-1.06423 -3.75779 2.15709 -0.0635909 -0.238599 0.969034 19.5013 0 1
-0.522327 -3.87759 2.15049 -0.0292144 -0.245884 0.968859 19.6513 0 1
0.0130026 -3.92296 2.14618 0.0049397 -0.248662 0.968578 19.8062 0 1
0.568302 -3.87876 2.13886 0.0385144 -0.247041 0.968239 19.9625 0 1
1.11332 -3.77987 2.12838 0.0712681 -0.241137 0.967871 20.1071 0 1
1.59426 -3.59331 2.13186 0.102934 -0.231003 0.967493 20.2465 0 1
2.03289 -3.34516 2.13478 0.133103 -0.216626 0.967138 20.3885 0 1
2.4493 -3.04726 2.1376 0.161205 -0.198005 0.966854 20.5419 0 1
2.86674 -2.68036 2.14037 0.186573 -0.175262 0.966682 20.6792 0 1
3.19381 -2.29722 2.14663 0.208559 -0.148714 0.966637 20.8179 0 1
3.45967 -1.87199 2.15279 0.226619 -0.118863 0.966703 20.9695 0 1
3.67941 -1.37303 2.15605 0.24036 -0.0863387 0.966837 21.1254 0 1
3.84903 -0.839629 2.15129 0.249539 -0.0518279 0.966977 21.2643 0 1
3.91831 -0.332675 2.15181 0.254034 -0.0160281 0.967062 21.445 0 1
3.91163 0.331345 2.15018 0.253766 0.0203701 0.967051 21.5963 0 1
3.81996 0.874973 2.15369 0.248639 0.0566743 0.966937 21.7537 0 1
3.64489 1.41928 2.16072 0.238537 0.0921547 0.966751 21.8942 0 1
3.44066 1.89095 2.1605 0.223397 0.126005 0.966549 22.0478 0 1
3.14789 2.37022 2.15284 0.203341 0.157348 0.966382 22.2044 0 1
2.76682 2.79306 2.1563 0.178761 0.185299 0.966286 22.3567 0 1
2.33792 3.14254 2.16727 0.150321 0.209076 0.966277 22.5255 0 1
1.82766 3.46105 2.1759 0.118852 0.228092 0.966358 22.6863 0 1
1.30255 3.70012 2.17431 0.0852125 0.241987 0.966531 22.8597 0 1
0.681005 3.85914 2.16458 0.0501763 0.250611 0.966787 23.0005 0 1
0.173372 3.90775 2.16682 0.0144055 0.254005 0.967096 23.1432 0 1
-0.332407 3.88897 2.16636 -0.0215057 0.252447 0.967372 23.2936 0 1
-0.860425 3.79368 2.16765 -0.0569251 0.246591 0.967446 23.4383 0 1
-1.37498 3.66242 2.16459 -0.0910585 0.237611 0.967083 23.5921 0 1
-1.89238 3.42979 2.16685 -0.122879 0.2272 0.966065 23.7526 0 1
-2.37413 3.11037 2.16699 -0.151169 0.217381 0.96431 23.9106 0 1
-2.79767 2.73179 2.16737 -0.174676 0.21012 0.961945 24.0829 0 1
-3.19666 2.24641 2.16687 -0.192299 0.206914 0.959275 24.2358 0 1
-3.47642 1.77028 2.16804 -0.203231 0.208501 0.956674 24.4331 0 1
-4.05679 2.13436 1.95257 -0.207023 0.214792 0.954466 24.5947 0 1
-3.75774 2.65317 1.94722 -0.203588 0.225015 0.952848 24.7388 0 1
-3.42284 3.07081 1.94671 -0.193169 0.237983 0.951867 24.8922 0 1
-3.00275 3.4793 1.94812 -0.176297 0.252362 0.951437 25.031 0 1
-2.59635 3.80867 1.94466 -0.153733 0.266869 0.951392 25.1726 0 1
-2.14918 4.07355 1.94433 -0.12639 0.28037 0.951535 25.3153 0 1
-1.67041 4.28364 1.94884 -0.0952507 0.291891 0.951697 25.4822 0 1
-1.078 4.44561 1.9535 -0.0613084 0.300602 0.951777 25.6405 0 1
-0.505868 4.54737 1.94896 -0.0255276 0.305809 0.951751 25.8152 0 1
0.14538 4.59727 1.93747 0.0111727 0.306977 0.951651 25.9687 0 1
0.716287 4.54238 1.9367 0.0479366 0.303766 0.95154 26.1039 0 1
1.2107 4.4437 1.93602 0.0839907 0.296027 0.95148 26.2525 0 1
1.73891 4.25305 1.94403 0.11866 0.28379 0.951516 26.3975 0 1
2.2211 4.00696 1.94459 0.151372 0.267232 0.951669 26.5551 0 1
2.71896 3.70316 1.93704 0.181656 0.246651 0.951927 26.7131 0 1
3.19163 3.34063 1.92931 0.209139 0.222423 0.952255 26.8441 0 1
3.53606 2.97221 1.92658 0.233537 0.194957 0.952603 26.9951 0 1
3.87226 2.51006 1.93028 0.254631 0.164684 0.952912 27.1546 0 1
4.14435 1.97699 1.94321 0.272216 0.132066 0.95313 27.2953 0 1
4.3455 1.47991 1.93884 0.286049 0.0976228 0.953229 27.4392 0 1
4.4934 0.950824 1.93739 0.295821 0.0619171 0.953235 27.6024 0 1
4.59642 0.349412 1.93609 0.301177 0.0255311 0.953226 27.7405 0 1
4.61376 -0.16523 1.93635 0.301795 -0.0109576 0.95331 27.8872 0 1
4.5645 -0.708187 1.93272 0.297487 -0.0469944 0.953569 28.0242 0 1
4.45639 -1.20627 1.92886 0.288278 -0.0820646 0.954024 28.1573 0 1
4.29377 -1.68781 1.9284 0.274432 -0.115711 0.954619 28.3038 0 1
4.04231 -2.19987 1.93261 0.256404 -0.147537 0.955243 28.4714 0 1
3.70531 -2.72971 1.92984 0.234753 -0.177195 0.955768 28.646 0 1
3.28687 -3.22595 1.92593 0.210053 -0.204359 0.956094 28.8085 0 1
2.82228 -3.62332 1.92779 0.182835 -0.2287 0.956174 28.9591 0 1
2.36426 -3.94045 1.92523 0.153561 -0.249881 0.956022 29.1104 0 1
1.87369 -4.21997 1.91998 0.122602 -0.267581 0.955703 29.2483 0 1
1.38848 -4.40796 1.91235 0.0902015 -0.281523 0.955305 29.3944 0 1
0.861 -4.52325 1.91893 0.0564901 -0.2915 0.954901 29.544 0 1
0.317493 -4.58544 1.92842 0.0215811 -0.297382 0.954515 29.696 0 1
-0.241687 -4.58845 1.93055 -0.0142748 -0.29912 0.954109 29.8355 0 1
-0.761676 -4.52526 1.93391 -0.0505741 -0.296746 0.953616 29.9734 0 1
-1.25705 -4.4155 1.94116 -0.0865658 -0.290361 0.952994 30.1232 0 1
-1.76603 -4.22497 1.95564 -0.121377 -0.280097 0.952267 30.2626 0 1
-2.22132 -4.0062 1.95143 -0.154184 -0.266075 0.951542 30.4201 0 1
-2.70268 -3.69242 1.9432 -0.184335 -0.248399 0.950957 30.5566 0 1
-3.08671 -3.37064 1.93824 -0.211388 -0.227179 0.950634 30.6944 0 1
-3.45507 -3.00543 1.92587 -0.235075 -0.202569 0.950634 30.8234 0 1
-3.77013 -2.60628 1.92224 -0.255232 -0.174805 0.950947 30.9745 0 1
-4.08124 -2.11386 1.92592 -0.27177 -0.144241 0.951491 31.1209 0 1
-4.30703 -1.61335 1.93336 -0.284735 -0.111426 0.952108 31.271 0 1
-4.46833 -1.07368 1.93759 -0.294424 -0.0772246 0.95255 31.4002 0 1
-4.56986 -0.58233 1.93854 -0.301461 -0.0429429 0.952511 31.5537 0 1
-4.61588 -0.00805963 1.94098 -0.306749 -0.0103547 0.951734 31.7151 0 1
-4.56446 0.583973 1.94658 -0.311269 0.018471 0.950142 31.8561 0 1
-4.45217 1.09919 1.9541 -0.31582 0.0415036 0.947911 32.0157 0 1
-4.26719 1.67512 1.95519 -0.320818 0.0571059 0.945418 32.1028 0 1
-4.13153 1.97428 1.95503 -0.326233 0.0642727 0.943102 32.2975 0 1
-4.73071 2.29459 1.706 -0.33168 0.0627038 0.941306 32.43 0 1
-4.92401 1.81289 1.71256 -0.33657 0.052747 0.94018 32.5868 0 1
-5.10835 1.23945 1.70567 -0.340257 0.0352711 0.939671 32.7401 0 1
-5.23367 0.659493 1.6947 -0.342151 0.0115139 0.939574 32.8719 0 1
-5.29875 0.142223 1.68895 -0.341776 -0.0170717 0.939627 33.0254 0 1
-5.26906 -0.451092 1.69451 -0.338784 -0.0489631 0.939589 33.1707 0 1
-5.17641 -0.996683 1.69662 -0.332938 -0.0826987 0.939315 33.3145 0 1
-5.03134 -1.53628 1.68918 -0.324048 -0.116986 0.93878 33.4939 0 1
-4.78293 -2.18694 1.67926 -0.311909 -0.150772 0.938073 33.6382 0 1
-4.52529 -2.68962 1.66978 -0.296274 -0.183257 0.937357 33.809 0 1
-4.12848 -3.23886 1.6694 -0.276913 -0.213847 0.936797 33.956 0 1
-3.73138 -3.67297 1.6748 -0.253743 -0.242074 0.936491 34.085 0 1
-3.35516 -4.02139 1.68206 -0.226939 -0.26753 0.936443 34.2365 0 1
-2.88478 -4.38196 1.68518 -0.196957 -0.28984 0.93659 34.3715 0 1
-2.43374 -4.64515 1.69826 -0.164469 -0.308665 0.936844 34.5237 0 1
-1.90494 -4.91228 1.69898 -0.130242 -0.323727 0.937144 34.6559 0 1
-1.42144 -5.06769 1.69695 -0.0950046 -0.334829 0.937477 34.8046 0 1
-0.87225 -5.18304 1.6893 -0.0593483 -0.341874 0.93787 34.9472 0 1
-0.332686 -5.24961 1.68233 -0.0236853 -0.34487 0.938352 35.0918 0 1
0.227971 -5.26379 1.6777 0.0117267 -0.343906 0.938931 35.2383 0 1
0.786621 -5.21525 1.67781 0.0467191 -0.339116 0.939584 35.3743 0 1
1.30436 -5.12654 1.66884 0.0811374 -0.330643 0.940262 35.5085 0 1
1.80373 -4.97481 1.67126 0.114784 -0.31862 0.940907 35.6554 0 1
2.32394 -4.74662 1.68003 0.147387 -0.303189 0.941464 35.8222 0 1
2.87172 -4.41132 1.68824 0.178592 -0.284532 0.941885 35.9543 0 1
3.28931 -4.12071 1.68724 0.207982 -0.262881 0.942145 36.1005 0 1
3.71328 -3.74533 1.68555 0.235111 -0.238492 0.942255 36.2443 0 1
4.10704 -3.3249 1.68229 0.25956 -0.211593 0.942262 36.3876 0 1
4.42227 -2.85872 1.68871 0.280972 -0.182373 0.942229 36.5382 0 1
4.71952 -2.35424 1.68613 0.299084 -0.151008 0.942203 36.6773 0 1
4.9521 -1.85675 1.67847 0.31372 -0.117711 0.942191 36.8242 0 1
5.12541 -1.29658 1.67784 0.324771 -0.0827698 0.942164 36.9636 0 1
5.23599 -0.752569 1.68378 0.332171 -0.0465581 0.942069 37.1161 0 1
5.27977 -0.16296 1.693 0.33588 -0.00954011 0.941856 37.2637 0 1
5.25851 0.409541 1.6943 0.335879 0.0277424 0.941496 37.417 0 1
5.1668 1.00318 1.69488 0.332159 0.0647014 0.941002 37.5639 0 1
5.02824 1.55099 1.69423 0.32472 0.100753 0.940429 37.6981 0 1
4.85831 2.04139 1.69344 0.313586 0.135371 0.939861 37.8521 0 1
4.59746 2.58196 1.69055 0.298833 0.168114 0.939381 37.9883 0 1
4.33252 3.04105 1.67601 0.280597 0.198634 0.939047 38.1194 0 1
4.01607 3.44799 1.67302 0.259078 0.226657 0.938885 38.2494 0 1
3.65411 3.82075 1.67925 0.234507 0.251967 0.938892 38.385 0 1
3.22618 4.15277 1.68937 0.20713 0.274399 0.939043 38.5412 0 1
2.71807 4.49911 1.68801 0.177191 0.293821 0.939294 38.6699 0 1
2.27592 4.73597 1.68969 0.144955 0.310097 0.939589 38.8263 0 1
1.71555 4.97792 1.68797 0.110739 0.323055 0.939879 38.97 0 1
1.1777 5.13756 1.68844 0.0749555 0.332475 0.940129 39.1106 0 1
0.631019 5.22755 1.69111 0.0381177 0.338141 0.940323 39.2804 0 1
-0.0292715 5.27 1.69011 0.000810796 0.339899 0.940462 39.4357 0 1
-0.643666 5.21016 1.70177 -0.0363778 0.337697 0.940552 39.5949 0 1
-1.2565 5.10039 1.70393 -0.0729201 0.3316 0.940598 39.7305 0 1
-1.74994 4.94951 1.70651 -0.108369 0.321822 0.940578 39.8765 0 1
-2.27098 4.75851 1.69718 -0.142333 0.308807 0.940415 40.0107 0 1
-2.73689 4.52102 1.69039 -0.174417 0.293353 0.939959 40.1521 0 1
-3.17994 4.19733 1.69668 -0.204136 0.276709 0.939021 40.2885 0 1
-3.57985 3.85727 1.69927 -0.230847 0.260525 0.937463 40.443 0 1
-4.00293 3.42766 1.70323 -0.253747 0.246632 0.935299 40.5834 0 1
-4.33525 2.99763 1.70024 -0.271969 0.236694 0.932743 40.7418 0 1
-4.64829 2.47097 1.70211 -0.284736 0.231878 0.930139 40.7894 0 1
-4.72717 2.30237 1.70583 -0.291515 0.232671 0.927838 40.9716 0 1
-5.32076 2.58934 1.43359 -0.292109 0.238873 0.926073 41.1201 0 1
-5.0277 3.13134 1.43283 -0.286681 0.249739 0.924903 41.251 0 1
-4.72728 3.57413 1.42804 -0.2757 0.264167 0.924232 41.4117 0 1
-4.30721 4.07961 1.42524 -0.259841 0.280888 0.923896 41.5564 0 1
-3.86188 4.49263 1.42789 -0.239854 0.298606 0.923745 41.6809 0 1
-3.46565 4.81195 1.42728 -0.216461 0.316111 0.923698 41.8155 0 1
-3.01867 5.11952 1.42088 -0.190282 0.332366 0.923756 41.942 0 1
-2.55941 5.35617 1.41917 -0.161817 0.346578 0.923958 42.0654 0 1
-2.07802 5.54025 1.42527 -0.131473 0.358227 0.924331 42.192 0 1
-1.58295 5.68751 1.43042 -0.0996029 0.367051 0.924853 42.3293 0 1
-1.04217 5.81426 1.4285 -0.0665522 0.372983 0.925448 42.4592 0 1
-0.516435 5.89454 1.4242 -0.0326701 0.376059 0.92602 42.5909 0 1
0.0221426 5.93214 1.42061 0.00169951 0.376327 0.926485 42.7205 0 1
0.552358 5.91112 1.41967 0.0362278 0.373803 0.9268 42.8481 0 1
1.06836 5.82518 1.42312 0.0705878 0.368476 0.926953 42.9776 0 1
1.60199 5.70759 1.41739 0.104431 0.360342 0.926956 43.1057 0 1
2.11097 5.53035 1.41575 0.137387 0.349429 0.926835 43.2398 0 1
2.62716 5.30183 1.41658 0.169096 0.335798 0.926632 43.3758 0 1
3.12474 5.02019 1.42001 0.19925 0.319512 0.926397 43.502 0 1
3.55055 4.7331 1.41927 0.227613 0.300622 0.926185 43.6441 0 1
4.00704 4.38278 1.40588 0.254023 0.279164 0.926034 43.7663 0 1
4.37321 4.02969 1.39796 0.278362 0.255171 0.92596 43.8936 0 1
4.71866 3.62757 1.4002 0.300519 0.228704 0.92595 44.0187 0 1
5.01595 3.19244 1.40773 0.320348 0.199875 0.925974 44.1523 0 1
5.27838 2.70354 1.41636 0.337646 0.168876 0.926 44.3004 0 1
5.51438 2.1458 1.42308 0.352156 0.136 0.926008 44.4277 0 1
5.69114 1.64953 1.42231 0.363611 0.101645 0.925989 44.5863 0 1
5.84093 1.02288 1.42234 0.371779 0.0662884 0.925952 44.7287 0 1
5.91159 0.459671 1.42618 0.376504 0.0304378 0.925915 44.8608 0 1
5.93516 -0.0711917 1.42328 0.377732 -0.00544119 0.925899 44.9882 0 1
5.92195 -0.586879 1.41584 0.37551 -0.040984 0.925912 45.1495 0 1
5.81956 -1.23536 1.40894 0.369959 -0.0759459 0.925939 45.281 0 1
5.67394 -1.77069 1.41088 0.361234 -0.110169 0.925944 45.4183 0 1
5.48357 -2.30378 1.40849 0.349476 -0.143516 0.925888 45.541 0 1
5.25772 -2.75814 1.41498 0.334799 -0.17581 0.925743 45.6676 0 1
4.99443 -3.22298 1.41232 0.317304 -0.206789 0.925503 45.7887 0 1
4.69692 -3.6284 1.41705 0.297106 -0.236102 0.925194 45.9308 0 1
4.32612 -4.07192 1.41561 0.274354 -0.263341 0.924869 46.075 0 1
3.89516 -4.47383 1.41587 0.249218 -0.288106 0.9246 46.2015 0 1
3.48149 -4.7887 1.42217 0.221878 -0.310083 0.924456 46.3288 0 1
3.05283 -5.0882 1.41487 0.192514 -0.329096 0.924464 46.4648 0 1
2.56069 -5.37421 1.4025 0.161309 -0.345116 0.924594 46.5916 0 1
2.08014 -5.57188 1.40175 0.128448 -0.358208 0.924764 46.7171 0 1
1.59011 -5.7252 1.40154 0.0941147 -0.36842 0.924883 46.8584 0 1
1.01372 -5.84583 1.40326 0.0585333 -0.375703 0.92489 47.022 0 1
0.338434 -5.91044 1.4093 0.0220237 -0.379884 0.924772 47.1634 0 1
-0.236763 -5.91446 1.40905 -0.0149565 -0.380743 0.92456 47.2995 0 1
-0.795078 -5.85766 1.41278 -0.0518247 -0.378115 0.924307 47.4206 0 1
-1.29335 -5.77849 1.41263 -0.087943 -0.371966 0.924071 47.5741 0 1
-1.89588 -5.61925 1.41485 -0.122717 -0.362411 0.923904 47.7076 0 1
-2.39195 -5.41334 1.41412 -0.155685 -0.349658 0.923851 47.8327 0 1
-2.84729 -5.17389 1.41022 -0.186576 -0.333955 0.923939 47.9596 0 1
-3.28863 -4.89997 1.40395 -0.215289 -0.315544 0.924166 48.0798 0 1
-3.69079 -4.60053 1.40111 -0.241825 -0.294649 0.924501 48.2083 0 1
-4.09622 -4.23567 1.39955 -0.266195 -0.271451 0.924908 48.3563 0 1
-4.52147 -3.7918 1.39507 -0.288355 -0.246052 0.92537 48.4985 0 1
-4.89093 -3.33302 1.39391 -0.308203 -0.21847 0.925895 48.6545 0 1
-5.23959 -2.77428 1.39989 -0.325616 -0.188707 0.926479 48.7841 0 1
-5.46518 -2.28229 1.40743 -0.340493 -0.156866 0.927069 48.9134 0 1
-5.64693 -1.78789 1.41431 -0.352781 -0.123246 0.927554 49.0386 0 1
-5.78066 -1.29738 1.42543 -0.362505 -0.0883554 0.927784 49.1624 0 1
-5.88788 -0.800195 1.42937 -0.369774 -0.0528438 0.927618 49.3031 0 1
-5.95788 -0.240332 1.42684 -0.374754 -0.0173668 0.926962 49.4613 0 1
-5.94964 0.384305 1.42241 -0.377592 0.0175498 0.925806 49.5951 0 1
-5.85938 0.918899 1.42482 -0.378333 0.0515877 0.924231 49.7223 0 1
-5.74267 1.43604 1.43057 -0.376885 0.0846221 0.922386 49.8476 0 1
-5.59323 1.92313 1.43581 -0.373044 0.116642 0.920452 49.9822 0 1
-5.39274 2.42705 1.43436 -0.366562 0.147662 0.918601 50.1576 0 1
-5.96977 2.73934 1.13539 -0.357215 0.177669 0.916969 50.2771 0 1
-5.73573 3.20614 1.14105 -0.344854 0.2066 0.915638 50.4043 0 1
-5.46406 3.68346 1.13011 -0.329444 0.23434 0.914632 50.5425 0 1
-5.10139 4.16795 1.12724 -0.311077 0.260734 0.91392 50.6587 0 1
-4.75248 4.5461 1.13261 -0.289965 0.285599 0.913429 50.7814 0 1
-4.36592 4.92221 1.13093 -0.26642 0.308722 0.913078 50.8971 0 1
-3.96956 5.25184 1.13166 -0.240791 0.329855 0.912806 51.0392 0 1
-3.46457 5.61158 1.12654 -0.213394 0.348729 0.912607 51.1555 0 1
-3.02394 5.85204 1.12457 -0.184444 0.365092 0.912518 51.2784 0 1
-2.53181 6.06743 1.12832 -0.154042 0.378758 0.912586 51.4028 0 1
-2.01412 6.2551 1.12701 -0.122222 0.389645 0.912819 51.5284 0 1
-1.48144 6.38654 1.13071 -0.0890521 0.397769 0.913154 51.6741 0 1
-0.85063 6.50317 1.13076 -0.0547214 0.4032 0.913474 51.8004 0 1
-0.299646 6.57386 1.12982 -0.0195795 0.406008 0.91366 51.9231 0 1
0.230559 6.59735 1.12806 0.0159064 0.406199 0.913646 52.0385 0 1
0.728048 6.54815 1.1319 0.0512378 0.403693 0.913458 52.1809 0 1
1.33851 6.43257 1.13525 0.0859734 0.398341 0.913199 52.3226 0 1
1.93293 6.27962 1.12946 0.119786 0.389991 0.912994 52.4359 0 1
2.40643 6.10788 1.12471 0.15247 0.378561 0.912932 52.5635 0 1
2.92854 5.87386 1.12033 0.183906 0.364084 0.913029 52.7033 0 1
3.46224 5.57425 1.12457 0.213995 0.346711 0.913235 52.8322 0 1
3.92404 5.26473 1.12608 0.242607 0.326691 0.913463 52.9602 0 1
4.36007 4.92191 1.1217 0.269551 0.304336 0.913631 53.0918 0 1
4.79236 4.53139 1.11119 0.294583 0.279984 0.91369 53.234 0 1
5.20538 4.059 1.1116 0.317427 0.253945 0.913648 53.3668 0 1
5.5496 3.57883 1.11259 0.337821 0.22646 0.91356 53.4923 0 1
5.82384 3.10534 1.11496 0.355557 0.197688 0.913509 53.6157 0 1
6.02909 2.6175 1.12971 0.370508 0.167731 0.913559 53.7386 0 1
6.21347 2.12218 1.13368 0.382626 0.136678 0.913738 53.8533 0 1
6.36488 1.63753 1.13054 0.391925 0.104657 0.914025 53.9711 0 1
6.4869 1.14572 1.1269 0.398451 0.071849 0.914371 54.0982 0 1
6.56769 0.613078 1.12902 0.402261 0.038483 0.914716 54.2165 0 1
6.59647 0.110716 1.12825 0.403402 0.00479749 0.91501 54.3314 0 1
6.58333 -0.389246 1.12739 0.401891 -0.0289919 0.915229 54.4649 0 1
6.536 -0.966972 1.11821 0.397704 -0.0627015 0.915369 54.6091 0 1
6.40158 -1.58091 1.11824 0.390803 -0.0961581 0.915438 54.7312 0 1
6.25244 -2.11016 1.11727 0.381181 -0.129165 0.915433 54.8572 0 1
6.055 -2.63161 1.11608 0.368895 -0.161479 0.915337 54.9737 0 1
5.82811 -3.09643 1.11982 0.354084 -0.192814 0.915122 55.1059 0 1
5.52608 -3.6064 1.12208 0.336939 -0.222855 0.914772 55.2383 0 1
5.18338 -4.07375 1.12291 0.317654 -0.251296 0.914301 55.3754 0 1
4.79521 -4.51559 1.12341 0.296375 -0.277876 0.913754 55.4959 0 1
4.42297 -4.88138 1.11849 0.27318 -0.302404 0.913195 55.6181 0 1
3.9962 -5.22067 1.12106 0.248088 -0.324756 0.912681 55.7341 0 1
3.57234 -5.51696 1.1212 0.2211 -0.344838 0.912251 55.8498 0 1
3.1438 -5.79346 1.10914 0.192253 -0.362545 0.911921 55.965 0 1
2.68831 -6.03409 1.09931 0.161674 -0.377727 0.911693 56.0815 0 1
2.20079 -6.21528 1.10617 0.129599 -0.390197 0.911565 56.2257 0 1
1.59141 -6.39569 1.10659 0.0963429 -0.399758 0.911544 56.3532 0 1
1.04342 -6.49648 1.10931 0.0622495 -0.406241 0.911643 56.4899 0 1
0.435469 -6.56602 1.11096 0.0276519 -0.409538 0.911874 56.6296 0 1
-0.182048 -6.56537 1.11846 -0.00713928 -0.409608 0.912234 56.7517 0 1
-0.722384 -6.5233 1.119 -0.0418205 -0.40647 0.912706 56.8694 0 1
-1.24764 -6.45118 1.11583 -0.0760744 -0.400205 0.913263 56.9923 0 1
-1.77467 -6.33513 1.11561 -0.109561 -0.390956 0.913865 57.1292 0 1
-2.3426 -6.1502 1.11452 -0.141942 -0.378927 0.914476 57.2441 0 1
-2.80699 -5.94378 1.11461 -0.172937 -0.364344 0.915066 57.362 0 1
-3.25991 -5.69655 1.11367 -0.202369 -0.347406 0.915618 57.4982 0 1
-3.75631 -5.3684 1.11536 -0.230178 -0.328256 0.916115 57.64 0 1
-4.25687 -4.97465 1.11387 -0.256377 -0.306996 0.916528 57.7717 0 1
-4.67816 -4.58019 1.11125 -0.281002 -0.283706 0.916815 57.8966 0 1
-5.05391 -4.17928 1.10594 -0.304075 -0.25843 0.916926 58.0127 0 1
-5.37558 -3.77816 1.10824 -0.325562 -0.23115 0.916831 58.148 0 1
-5.71438 -3.27361 1.11191 -0.345335 -0.201803 0.916526 58.3066 0 1
-6.02734 -2.65012 1.11747 -0.363149 -0.17037 0.916022 58.4236 0 1
-6.21532 -2.17513 1.11881 -0.378667 -0.137006 0.915336 58.5567 0 1
-6.3803 -1.61903 1.12823 -0.391544 -0.102134 0.914474 58.6908 0 1
-6.50548 -1.04827 1.13452 -0.401561 -0.0664925 0.913415 58.8343 0 1
-6.5921 -0.440166 1.13429 -0.408756 -0.0311316 0.912112 58.975 0 1
-6.62206 0.146154 1.12915 -0.413497 0.00262584 0.910502 59.1014 0 1
-6.56362 0.674067 1.12966 -0.41644 0.0332882 0.908554 59.2308 0 1
-6.45764 1.23298 1.13022 -0.41839 0.0593638 0.906325 59.367 0 1
-6.30933 1.81069 1.13498 -0.420114 0.0795543 0.903977 59.483 0 1
-6.15443 2.29596 1.1342 -0.422178 0.0929097 0.901739 59.5468 0 1
-6.04676 2.55452 1.13615 -0.424852 0.0989114 0.899843 59.713 0 1
-6.64835 2.8208 0.81252 -0.428086 0.0974919 0.898464 59.8259 0 1
-6.83014 2.32025 0.811195 -0.431553 0.0890049 0.897686 59.9287 0 1
-6.96793 1.83691 0.814134 -0.434742 0.0741576 0.897497 60.0543 0 1
-7.11019 1.25883 0.811144 -0.43708 0.0539113 0.897805 60.1671 0 1
-7.19781 0.735987 0.812024 -0.438052 0.0293614 0.89847 60.2768 0 1
-7.24964 0.21337 0.810386 -0.437265 0.00161827 0.899331 60.4185 0 1
-7.24078 -0.415732 0.812414 -0.434477 -0.0282814 0.900239 60.5363 0 1
-7.1806 -0.919503 0.818085 -0.429574 -0.0594156 0.901075 60.651 0 1
-7.09405 -1.41797 0.818706 -0.422536 -0.0909808 0.901768 60.7851 0 1
-6.93914 -2.02148 0.819737 -0.413412 -0.122294 0.902294 60.896 0 1
-6.78526 -2.50069 0.81167 -0.402283 -0.152809 0.902673 61.0229 0 1
-6.56683 -3.04289 0.80517 -0.389246 -0.182136 0.902947 61.1311 0 1
-6.32531 -3.48817 0.810297 -0.374399 -0.210045 0.903165 61.2511 0 1
-6.04859 -3.95596 0.801012 -0.357821 -0.236441 0.90336 61.3673 0 1
-5.73709 -4.3817 0.798651 -0.339559 -0.261318 0.903555 61.4773 0 1
-5.38542 -4.76003 0.811655 -0.319598 -0.284717 0.903766 61.5973 0 1
-5.02332 -5.15711 0.806876 -0.297858 -0.306671 0.90401 61.7217 0 1
-4.63321 -5.53 0.799727 -0.274234 -0.327163 0.904301 61.8493 0 1
-4.18656 -5.86348 0.804799 -0.248662 -0.34611 0.904641 61.959 0 1
-3.76797 -6.15279 0.802147 -0.221181 -0.363369 0.905009 62.0765 0 1
-3.27782 -6.43202 0.804866 -0.19196 -0.378763 0.905367 62.2055 0 1
-2.72833 -6.68413 0.810045 -0.16127 -0.392119 0.905668 62.3155 0 1
-2.23694 -6.87373 0.808673 -0.129441 -0.403276 0.905877 62.4326 0 1
-1.71549 -7.01382 0.810168 -0.0968099 -0.412099 0.905982 62.5767 0 1
-1.07088 -7.13011 0.808986 -0.0636915 -0.418474 0.905993 62.6899 0 1
-0.540569 -7.18767 0.807799 -0.0303656 -0.422329 0.905934 62.8162 0 1
0.0818409 -7.22933 0.797588 0.00291814 -0.423635 0.905828 62.936 0 1
0.652817 -7.18999 0.800977 0.0359389 -0.422412 0.905691 63.0524 0 1
1.2172 -7.12004 0.800105 0.0685108 -0.418706 0.905534 63.1802 0 1
1.79905 -7.00977 0.79516 0.100495 -0.412578 0.905362 63.2975 0 1
2.29667 -6.85989 0.799153 0.131805 -0.404072 0.905181 63.4157 0 1
2.79167 -6.68142 0.794811 0.162391 -0.393199 0.904999 63.5314 0 1
3.28163 -6.4576 0.79302 0.192196 -0.379935 0.904826 63.6608 0 1
3.79592 -6.14893 0.805802 0.221105 -0.364248 0.904675 63.783 0 1
4.25242 -5.8409 0.810212 0.248917 -0.346136 0.904561 63.9034 0 1
4.68598 -5.50366 0.812494 0.275373 -0.325663 0.904496 64.0191 0 1
5.097 -5.13383 0.814142 0.300203 -0.302964 0.904484 64.1498 0 1
5.51965 -4.69613 0.810393 0.323173 -0.27823 0.904515 64.2866 0 1
5.8927 -4.20963 0.814057 0.344115 -0.251676 0.904569 64.4046 0 1
6.18782 -3.76003 0.815047 0.362924 -0.223503 0.904617 64.5114 0 1
6.44217 -3.31311 0.81249 0.379542 -0.19388 0.904632 64.6397 0 1
6.70677 -2.77138 0.807016 0.393922 -0.162949 0.904585 64.7582 0 1
6.88373 -2.25641 0.813155 0.405997 -0.130857 0.904457 64.8773 0 1
7.03708 -1.714 0.813032 0.415657 -0.0978006 0.904248 65.0157 0 1
7.17096 -1.0763 0.810343 0.422752 -0.064027 0.903981 65.1427 0 1
7.22655 -0.509724 0.817918 0.427119 -0.0298128 0.903704 65.2618 0 1
7.24602 0.0250349 0.818355 0.428617 0.0045663 0.903475 65.3797 0 1
7.21403 0.575971 0.820241 0.427154 0.0388544 0.903344 65.5217 0 1
7.12191 1.21771 0.81854 0.422708 0.0728198 0.903336 65.6378 0 1
7.02687 1.72938 0.807709 0.415334 0.106255 0.903442 65.7621 0 1
6.85533 2.26971 0.815986 0.405151 0.138972 0.903626 65.896 0 1
6.62781 2.86721 0.817301 0.392318 0.170796 0.903834 66.0394 0 1
6.36266 3.44868 0.80829 0.377029 0.201539 0.904009 66.1568 0 1
6.10461 3.89197 0.808314 0.359522 0.230994 0.904094 66.294 0 1
5.75268 4.39691 0.807943 0.340083 0.258942 0.904042 66.4065 0 1
5.41891 4.81212 0.803642 0.319017 0.285186 0.903824 66.5295 0 1
5.01918 5.21639 0.806123 0.296579 0.309583 0.903438 66.6567 0 1
4.56178 5.60337 0.809025 0.272895 0.332056 0.902921 66.7667 0 1
4.14752 5.89917 0.811777 0.247932 0.352561 0.902347 66.8813 0 1
3.71263 6.15904 0.815827 0.221523 0.371047 0.901805 66.9983 0 1
3.26633 6.41071 0.809844 0.193475 0.38741 0.901377 67.1295 0 1
2.74076 6.66526 0.806328 0.163696 0.401488 0.901116 67.2638 0 1
2.1518 6.88646 0.810517 0.132296 0.413101 0.901024 67.3852 0 1
1.61137 7.03762 0.815965 0.0996048 0.422098 0.901062 67.5141 0 1
1.05365 7.1441 0.819859 0.066096 0.428394 0.901171 67.6397 0 1
0.504991 7.21703 0.81639 0.0322631 0.431975 0.901308 67.7712 0 1
-0.0970779 7.24069 0.809669 -0.00150817 0.432872 0.901454 67.8818 0 1
-0.605125 7.18744 0.817096 -0.0350027 0.431128 0.901611 68.004 0 1
-1.16791 7.10484 0.819896 -0.0681563 0.426784 0.901781 68.1253 0 1
-1.74336 7.00007 0.811536 -0.100976 0.419872 0.901949 68.2412 0 1
-2.26722 6.84442 0.816137 -0.133448 0.410427 0.902076 68.3595 0 1
-2.79156 6.65648 0.818545 -0.165477 0.398498 0.902118 68.4717 0 1
-3.29101 6.44178 0.81501 -0.196867 0.384146 0.902039 68.5906 0 1
-3.76892 6.1794 0.81496 -0.227327 0.367456 0.901831 68.7344 0 1
-4.3007 5.80377 0.821407 -0.256483 0.34858 0.901503 68.848 0 1
-4.71228 5.45956 0.824979 -0.283894 0.327815 0.901078 68.9711 0 1
-5.14355 5.06111 0.821693 -0.309104 0.305617 0.900585 69.1046 0 1
-5.56008 4.61251 0.816212 -0.331736 0.282552 0.900064 69.2357 0 1
-5.9242 4.13249 0.817605 -0.351591 0.259162 0.899566 69.3412 0 1
-6.2041 3.7099 0.819057 -0.368694 0.235833 0.899137 69.4562 0 1
-6.45438 3.24587 0.818346 -0.383261 0.2127 0.898816 69.5369 0 1
-6.61051 2.91208 0.813255 -0.395608 0.189635 0.898628 69.692 0 1
-7.16031 3.25465 0.488643 -0.406055 0.166304 0.898589 69.7881 0 1
-7.36015 2.72575 0.492407 -0.414846 0.142283 0.898698 69.8744 0 1
-7.52278 2.24906 0.489167 -0.422118 0.117185 0.898935 69.9631 0 1
-7.64292 1.74213 0.496924 -0.4279 0.0907694 0.899257 70.0507 0 1
-7.75774 1.24909 0.492478 -0.432135 0.0629992 0.899606 70.1545 0 1
-7.85228 0.65049 0.488956 -0.43471 0.034039 0.899927 70.2572 0 1
-7.89712 0.0488665 0.485505 -0.435485 0.00420216 0.900186 70.3493 0 1
-7.86948 -0.495447 0.494534 -0.434328 -0.0261259 0.900376 70.4368 0 1
-7.82108 -1.00182 0.495245 -0.431128 -0.0565539 0.900517 70.5314 0 1
-7.72402 -1.54214 0.498589 -0.425818 -0.0867278 0.900643 70.6217 0 1
-7.60636 -2.04863 0.495002 -0.418386 -0.116351 0.900786 70.716 0 1
-7.43398 -2.56868 0.497424 -0.408885 -0.145189 0.900962 70.81 0 1
-7.2525 -3.08001 0.487096 -0.397413 -0.173065 0.901172 70.8982 0 1
-7.01464 -3.54317 0.493005 -0.384088 -0.199851 0.901408 70.9957 0 1
-6.73995 -4.04044 0.488315 -0.369022 -0.225468 0.901658 71.0874 0 1
-6.44666 -4.49317 0.484988 -0.352315 -0.249878 0.901906 71.1871 0 1
-6.08334 -4.95947 0.486467 -0.334058 -0.273069 0.90213 71.2801 0 1
-5.70892 -5.36127 0.493658 -0.314322 -0.295041 0.902304 71.3668 0 1
-5.36033 -5.72626 0.48798 -0.293154 -0.315764 0.902416 71.4602 0 1
-4.95448 -6.09687 0.482492 -0.270558 -0.335158 0.902478 71.5643 0 1
-4.45097 -6.45898 0.490482 -0.246507 -0.353084 0.902533 71.6638 0 1
-3.97017 -6.78805 0.483887 -0.220979 -0.369361 0.90263 71.7489 0 1
-3.52431 -7.02586 0.488041 -0.194011 -0.383798 0.902806 71.8456 0 1
-3.00415 -7.25811 0.493366 -0.165738 -0.396219 0.903073 71.9335 0 1
-2.52771 -7.44543 0.492624 -0.1364 -0.406492 0.903415 72.0342 0 1
-1.96452 -7.61219 0.493743 -0.106311 -0.414546 0.903797 72.1339 0 1
-1.3973 -7.73436 0.494966 -0.075791 -0.420372 0.904181 72.2363 0 1
-0.807022 -7.80542 0.49798 -0.0451106 -0.424013 0.904532 72.3419 0 1
-0.20023 -7.86122 0.488156 -0.0144643 -0.42554 0.904824 72.4369 0 1
0.359193 -7.86308 0.483615 0.0160134 -0.425041 0.905032 72.526 0 1
0.885664 -7.81139 0.487899 0.0462162 -0.422613 0.905131 72.6164 0 1
1.41286 -7.73737 0.485918 0.0760421 -0.418348 0.905098 72.7098 0 1
1.95354 -7.6246 0.484342 0.10539 -0.412323 0.904922 72.8095 0 1
2.52156 -7.45819 0.48711 0.134165 -0.404579 0.904608 72.8971 0 1
3.00749 -7.28238 0.484725 0.162287 -0.395131 0.904176 72.996 0 1
3.5383 -7.03441 0.485395 0.189675 -0.383973 0.903653 73.0824 0 1
3.98607 -6.78685 0.487838 0.216245 -0.371088 0.903068 73.173 0 1
4.43492 -6.49786 0.492419 0.241897 -0.356451 0.902457 73.2602 0 1
4.84893 -6.20231 0.49248 0.266513 -0.340026 0.901861 73.3503 0 1
5.25335 -5.86617 0.494043 0.289963 -0.321777 0.901322 73.4496 0 1
5.67444 -5.47065 0.491311 0.312098 -0.301695 0.900875 73.5373 0 1
6.01804 -5.08989 0.491111 0.332767 -0.279826 0.900535 73.6273 0 1
6.34313 -4.67535 0.492301 0.351828 -0.256277 0.900299 73.732 0 1
6.69313 -4.17493 0.490121 0.369172 -0.231187 0.900147 73.8281 0 1
6.96126 -3.67938 0.498167 0.384727 -0.204692 0.900048 73.9225 0 1
7.21219 -3.19612 0.492827 0.398445 -0.176914 0.899968 74.0217 0 1
7.42271 -2.65743 0.494867 0.410263 -0.147983 0.899881 74.1156 0 1
7.5841 -2.13658 0.494701 0.420086 -0.118074 0.89977 74.2042 0 1
7.70929 -1.63744 0.494824 0.427786 -0.0874226 0.899643 74.3026 0 1
7.81878 -1.07659 0.490917 0.43323 -0.0563012 0.899523 74.403 0 1
7.87099 -0.490781 0.49556 0.436317 -0.0249832 0.899446 74.5028 0 1
7.87667 0.0878356 0.496946 0.436995 0.00629045 0.899442 74.601 0 1
7.8479 0.654472 0.49278 0.435264 0.0373274 0.899529 74.6995 0 1
7.75468 1.22167 0.502799 0.431163 0.0679907 0.899709 74.7978 0 1
7.67425 1.77728 0.487124 0.42475 0.0981959 0.899969 74.8874 0 1
7.5337 2.28667 0.489727 0.416089 0.127895 0.900285 74.9906 0 1
7.32206 2.85402 0.497557 0.405247 0.157045 0.900618 75.0972 0 1
7.08654 3.42304 0.493298 0.392301 0.185563 0.900925 75.1883 0 1
6.85271 3.89929 0.48741 0.377361 0.213304 0.901166 75.2775 0 1
6.57151 4.34367 0.493121 0.36056 0.240058 0.901315 75.3691 0 1
6.26151 4.7778 0.493081 0.342052 0.265591 0.901367 75.4671 0 1
5.90144 5.22141 0.489037 0.321994 0.289693 0.901331 75.5755 0 1
5.45981 5.68031 0.48731 0.300535 0.31222 0.90122 75.6614 0 1
5.07721 6.01263 0.488457 0.277795 0.333104 0.901039 75.7471 0 1
4.67036 6.31013 0.493792 0.253838 0.352331 0.900794 75.8381 0 1
4.23202 6.60756 0.49202 0.228647 0.369899 0.900497 75.9499 0 1
3.654 6.91088 0.50153 0.202141 0.385775 0.900176 76.0557 0 1
3.11675 7.19124 0.489238 0.174249 0.399863 0.899859 76.1507 0 1
2.59634 7.393 0.491484 0.144994 0.411998 0.899575 76.2534 0 1
2.02797 7.58616 0.489134 0.114552 0.421983 0.899338 76.3505 0 1
1.47284 7.71713 0.492886 0.0832418 0.429638 0.899156 76.4546 0 1
0.87359 7.8136 0.494353 0.0514447 0.43485 0.899032 76.5568 0 1
0.282442 7.87058 0.489159 0.0195101 0.437598 0.898959 76.6572 0 1
-0.307488 7.85961 0.490302 -0.0123084 0.437939 0.89892 76.7455 0 1
-0.822428 7.80932 0.492641 -0.0438594 0.435971 0.898891 76.8396 0 1
-1.36357 7.71871 0.498227 -0.0750581 0.431796 0.898843 76.9373 0 1
-1.92037 7.63342 0.482079 -0.105836 0.425492 0.898752 77.035 0 1
-2.47521 7.45602 0.491342 -0.136098 0.4171 0.898613 77.1334 0 1
-3.01656 7.26028 0.492591 -0.165704 0.406635 0.898438 77.2358 0 1
-3.56326 7.0203 0.492331 -0.194472 0.394111 0.898252 77.3235 0 1
-4.02129 6.79158 0.482646 -0.2222 0.379565 0.898085 77.4081 0 1
-4.43249 6.50092 0.494503 -0.248683 0.363079 0.897959 77.5044 0 1
-4.8795 6.16464 0.49505 -0.2737 0.34482 0.89788 77.6086 0 1
-5.32397 5.75441 0.504212 -0.297011 0.325085 0.897833 77.7022 0 1
-5.72156 5.39906 0.489706 -0.318376 0.304311 0.897793 77.7927 0 1
-6.06255 4.99147 0.496482 -0.337622 0.283002 0.897731 77.8889 0 1
-6.40614 4.55367 0.492772 -0.354733 0.261613 0.897621 77.9909 0 1
-6.72835 4.05358 0.497806 -0.3699 0.240427 0.897423 78.0956 0 1
-7.02558 3.52754 0.493071 -0.383517 0.219514 0.897066 78.1418 0 1
-7.14514 3.28606 0.489435 -0.396122 0.19876 0.896427 78.1431 0 1
-7.14887 3.27958 0.489065 -0.408293 0.177964 0.895319 78.1431 0 1
