-0.417494 0.0721727 3.60061 -0.0478098 -0.00495349 0.99883 0 1 1
-0.16945 -0.374921 3.59695 -0.0417347 0.00238505 0.999126 0.312814 0 1
0.339899 -0.231003 3.5912 -0.0367907 0.0105813 0.999267 0.469907 0 1
0.303104 0.285575 3.59892 -0.032164 0.0195024 0.999292 0.62612 0 1
-0.22366 0.353716 3.60385 -0.0264984 0.02834 0.999247 0.685552 0 1
-0.367575 0.208515 3.60297 -0.0187161 0.0357086 0.999187 0.894639 0 1
-1.00253 0.524513 3.5457 -0.0086285 0.0400028 0.999162 1.04409 0 1
-0.681673 0.908423 3.54879 0.00288559 0.0399114 0.999199 1.21802 0 1
-0.137979 1.12132 3.55198 0.0141146 0.0349087 0.999291 1.36744 0 1
0.371455 1.06491 3.55279 0.0230049 0.0255441 0.999409 1.54136 0 1
0.866239 0.732286 3.54383 0.0277164 0.0134145 0.999526 1.6964 0 1
1.10163 0.265471 3.53674 0.0270772 0.000810271 0.999633 1.88425 0 1
1.05321 -0.36374 3.53483 0.0208224 -0.00983533 0.999735 2.0526 0 1
0.763247 -0.825779 3.53533 0.00959832 -0.0164823 0.999818 2.21529 0 1
0.303893 -1.08151 3.54105 -0.00519591 -0.0178297 0.999828 2.39848 0 1
-0.301548 -1.08538 3.5447 -0.0216284 -0.013429 0.999676 2.56736 0 1
-0.782515 -0.80874 3.55245 -0.0374647 -0.00363528 0.999291 2.72755 0 1
-1.0753 -0.365346 3.54836 -0.0504223 0.0105074 0.998673 2.88321 0 1
-1.12439 0.167748 3.54498 -0.0584763 0.0274143 0.997912 2.97219 0 1
-1.03696 0.453516 3.54532 -0.06019 0.0451551 0.997165 3.18292 0 1
-1.66117 0.769489 3.45601 -0.0549833 0.0616932 0.99658 3.35473 0 1
-1.35024 1.26572 3.45081 -0.0432434 0.0751198 0.996236 3.53864 0 1
-0.856076 1.63554 3.45682 -0.0262428 0.0838403 0.996134 3.69475 0 1
-0.362482 1.79865 3.46636 -0.00589657 0.086714 0.996216 3.8483 0 1
0.156182 1.81809 3.46945 0.0155612 0.0831599 0.996415 4.02262 0 1
0.720906 1.69516 3.45975 0.0358959 0.0732018 0.996671 4.17754 0 1
1.17198 1.43147 3.45613 0.0531207 0.0574374 0.996935 4.33106 0 1
1.51948 1.04961 3.45137 0.0656507 0.0369574 0.997158 4.50006 0 1
1.76674 0.54225 3.45698 0.0723718 0.0132564 0.99729 4.69796 0 1
1.84201 -0.118333 3.46232 0.0726601 -0.01185 0.997286 4.85815 0 1
1.71374 -0.631579 3.45989 0.0663933 -0.0363108 0.997133 5.01877 0 1
1.46959 -1.08855 3.4542 0.0539741 -0.0579626 0.996859 5.18176 0 1
1.11419 -1.46894 3.45521 0.0363432 -0.0747369 0.996541 5.35535 0 1
0.615961 -1.71926 3.45482 0.0149055 -0.0849698 0.996272 5.50828 0 1
0.11535 -1.82558 3.45393 -0.00868273 -0.0877521 0.996105 5.67001 0 1
-0.427731 -1.78597 3.45554 -0.0328203 -0.0832088 0.995992 5.84092 0 1
-0.945805 -1.58053 3.4583 -0.0562181 -0.0726099 0.995775 6.02885 0 1
-1.40357 -1.17459 3.47168 -0.077982 -0.0582667 0.995251 6.18181 0 1
-1.68543 -0.746922 3.47239 -0.0975167 -0.0431959 0.994296 6.34037 0 1
-1.8384 -0.222056 3.46138 -0.114352 -0.0305648 0.99297 6.51817 0 1
-1.79059 0.381892 3.45852 -0.128 -0.0230268 0.991507 6.5904 0 1
-1.73049 0.620622 3.4562 -0.137907 -0.0221705 0.990197 6.79985 0 1
-2.40221 0.827778 3.33711 -0.143464 -0.0282959 0.989251 6.96164 0 1
-2.53729 0.282653 3.34003 -0.14408 -0.0405651 0.988734 7.13894 0 1
-2.54405 -0.315425 3.35298 -0.139291 -0.0573844 0.988587 7.31693 0 1
-2.3954 -0.887055 3.36295 -0.128871 -0.0768078 0.988682 7.47151 0 1
-2.15615 -1.34061 3.34855 -0.112934 -0.0968216 0.988874 7.64337 0 1
-1.79019 -1.78387 3.33846 -0.0919654 -0.11549 0.989042 7.79224 0 1
-1.40875 -2.11335 3.33375 -0.0668259 -0.131026 0.989124 7.95718 0 1
-0.932842 -2.37352 3.33338 -0.0387041 -0.141846 0.989132 8.16242 0 1
-0.288003 -2.52638 3.33065 -0.00901577 -0.146666 0.989145 8.3559 0 1
0.346218 -2.50852 3.32538 0.0207424 -0.144619 0.98927 8.51063 0 1
0.843998 -2.38147 3.3266 0.0491405 -0.135398 0.989572 8.68445 0 1
1.36138 -2.12998 3.34242 0.0749122 -0.119341 0.990023 8.85968 0 1
1.8092 -1.78314 3.33717 0.096981 -0.0973748 0.990511 9.02912 0 1
2.14149 -1.34948 3.34245 0.114444 -0.0708295 0.990902 9.23199 0 1
2.41406 -0.757745 3.35766 0.126559 -0.0411959 0.991103 9.41375 0 1
2.54097 -0.181745 3.35481 0.132772 -0.00995086 0.991097 9.58023 0 1
2.53502 0.381417 3.34535 0.132756 0.0214951 0.990916 9.73263 0 1
2.39423 0.889209 3.33913 0.126457 0.0517682 0.99062 9.88704 0 1
2.17149 1.35978 3.3351 0.114116 0.0795083 0.990281 10.0374 0 1
1.8687 1.76234 3.34235 0.0962784 0.103417 0.989967 10.1974 0 1
1.44943 2.10083 3.34573 0.0737848 0.122385 0.989736 10.3425 0 1
1.00341 2.33309 3.34462 0.0477066 0.135654 0.989607 10.4975 0 1
0.497922 2.48596 3.34186 0.0192238 0.142956 0.989542 10.6517 0 1
-0.0198691 2.53387 3.34223 -0.0105253 0.144529 0.989445 10.8252 0 1
-0.60495 2.4691 3.3407 -0.0405584 0.14098 0.989181 10.981 0 1
-1.11626 2.28372 3.33747 -0.0700746 0.133007 0.988635 11.1403 0 1
-1.58133 2.00641 3.33267 -0.0983879 0.121119 0.98775 11.2963 0 1
-1.9558 1.64279 3.33164 -0.124809 0.1055 0.986556 11.4526 0 1
-2.23805 1.19594 3.33383 -0.148539 0.0861307 0.985149 11.5566 0 1
-2.39076 0.864114 3.33675 -0.168625 0.0630892 0.983659 11.7591 0 1
-3.05868 1.03458 3.19161 -0.184015 0.0368207 0.982234 11.9216 0 1
-3.2071 0.510023 3.19017 -0.193692 0.00818701 0.981028 12.0971 0 1
-3.26295 -0.0679137 3.19065 -0.196868 -0.0216999 0.98019 12.2626 0 1
-3.19303 -0.617988 3.20336 -0.193151 -0.0517032 0.979806 12.4095 0 1
-3.04976 -1.10135 3.20142 -0.182645 -0.0807951 0.979853 12.6119 0 1
-2.74209 -1.71593 3.18746 -0.165947 -0.10807 0.980195 12.7631 0 1
-2.42211 -2.11762 3.1886 -0.144021 -0.132703 0.980637 12.9189 0 1
-2.05371 -2.50746 3.19435 -0.118006 -0.153924 0.981011 13.0891 0 1
-1.57583 -2.83753 3.19772 -0.0889982 -0.17105 0.981235 13.2602 0 1
-1.06094 -3.0643 3.18842 -0.057913 -0.183538 0.981305 13.4281 0 1
-0.525927 -3.20104 3.17811 -0.0254662 -0.191025 0.981255 13.5908 0 1
0.0153913 -3.2383 3.17162 0.00774233 -0.19331 0.981107 13.7559 0 1
0.560472 -3.18786 3.16773 0.0410998 -0.190278 0.98087 13.9121 0 1
1.0657 -3.04725 3.17178 0.0738634 -0.181847 0.980549 14.1017 0 1
1.6412 -2.77518 3.18389 0.105101 -0.167977 0.980172 14.2692 0 1
2.09661 -2.46719 3.18041 0.133719 -0.148766 0.97979 14.4317 0 1
2.47364 -2.07754 3.18172 0.158565 -0.124535 0.979463 14.6155 0 1
2.82817 -1.56297 3.18596 0.178555 -0.0958876 0.979246 14.7738 0 1
3.04272 -1.08605 3.19447 0.192784 -0.0637015 0.979171 14.949 0 1
3.1884 -0.534577 3.20578 0.200603 -0.0290823 0.979241 15.1036 0 1
3.25136 -0.0314773 3.19496 0.201688 0.00670648 0.979427 15.3046 0 1
3.19985 0.635028 3.18808 0.196091 0.0423324 0.979671 15.4889 0 1
3.01501 1.22242 3.18946 0.184238 0.0764876 0.979901 15.683 0 1
2.71053 1.8006 3.1878 0.166821 0.107968 0.980058 15.8494 0 1
2.36901 2.24602 3.18721 0.144656 0.135729 0.980129 16.0404 0 1
1.86691 2.66268 3.19494 0.11855 0.158918 0.980148 16.187 0 1
1.42725 2.90172 3.19145 0.0892641 0.176886 0.980175 16.3373 0 1
0.946256 3.08691 3.18913 0.0575508 0.189192 0.980252 16.4871 0 1
0.454052 3.19514 3.18506 0.0242112 0.195633 0.980378 16.6451 0 1
-0.0742301 3.23332 3.18426 -0.00988891 0.196316 0.980491 16.8222 0 1
-0.671507 3.16456 3.18986 -0.0438557 0.191697 0.980474 16.9892 0 1
-1.21997 3.00315 3.18902 -0.0768358 0.182503 0.980198 17.151 0 1
-1.70378 2.75109 3.18982 -0.10809 0.169512 0.979583 17.3192 0 1
-2.16156 2.41946 3.1849 -0.137046 0.153307 0.978629 17.514 0 1
-2.61111 1.947 3.18391 -0.163294 0.134154 0.977414 17.6832 0 1
-2.89628 1.45161 3.18883 -0.186525 0.112061 0.976038 17.77 0 1
-3.01279 1.18672 3.18915 -0.206444 0.0869874 0.974584 17.9797 0 1
-3.65937 1.39652 3.00813 -0.222734 0.05907 0.973088 18.1689 0 1
-3.8536 0.794861 3.00858 -0.235074 0.0287554 0.971552 18.3514 0 1
-3.94707 0.194714 3.00766 -0.243166 -0.00322081 0.969979 18.5107 0 1
-3.93931 -0.338109 3.00273 -0.246711 -0.0359598 0.968422 18.6678 0 1
-3.8324 -0.859462 3.00974 -0.245356 -0.0685435 0.967007 18.8295 0 1
-3.67561 -1.40064 2.99766 -0.238714 -0.100139 0.965913 18.9886 0 1
-3.42783 -1.88999 2.99512 -0.226497 -0.13004 0.965292 19.1463 0 1
-3.13658 -2.3379 2.99023 -0.208706 -0.157653 0.965188 19.3012 0 1
-2.80082 -2.74395 2.99242 -0.185753 -0.182431 0.965513 19.4532 0 1
-2.42133 -3.09513 3.00686 -0.158417 -0.203826 0.966105 19.6047 0 1
-2.00477 -3.37825 3.01567 -0.127673 -0.221267 0.96682 19.759 0 1
-1.55798 -3.60995 3.01368 -0.0944848 -0.234203 0.967586 19.9353 0 1
-1.00636 -3.79576 3.01029 -0.0596816 -0.242175 0.968395 20.1099 0 1
-0.414969 -3.91258 2.99251 -0.0239155 -0.244926 0.969247 20.2969 0 1
0.219102 -3.91953 2.98439 0.0122943 -0.242496 0.970074 20.4892 0 1
0.861979 -3.82983 2.9911 0.0484621 -0.235238 0.970729 20.6596 0 1
1.41913 -3.66456 3.00497 0.084019 -0.223708 0.971028 20.8236 0 1
1.90539 -3.41841 3.01281 0.118231 -0.208474 0.970855 20.9974 0 1
2.37573 -3.10524 3.01227 0.1502 -0.189943 0.970238 21.156 0 1
2.77657 -2.77376 3.00808 0.178954 -0.168317 0.969353 21.3236 0 1
3.12712 -2.33926 3.00458 0.203601 -0.143672 0.968455 21.4957 0 1
3.45474 -1.85696 2.98911 0.223477 -0.116109 0.967769 21.6481 0 1
3.66288 -1.38361 2.99306 0.238212 -0.0858708 0.967409 21.799 0 1
3.81516 -0.895386 3.00189 0.247691 -0.0533784 0.967368 21.9632 0 1
3.91121 -0.345788 3.00585 0.251942 -0.0191681 0.967552 22.1168 0 1
3.95114 0.164837 2.99812 0.251043 0.0161755 0.967841 22.3126 0 1
3.8611 0.809246 3.00458 0.24508 0.0520414 0.968105 22.4887 0 1
3.69761 1.37477 3.00021 0.23419 0.0877616 0.968222 22.6451 0 1
3.4815 1.85582 2.9977 0.218633 0.122566 0.968079 22.798 0 1
3.19436 2.3025 3.0005 0.19881 0.155568 0.967612 22.9648 0 1
2.82336 2.75036 3.00719 0.17521 0.185812 0.966838 23.1561 0 1
2.33864 3.17554 3.00636 0.148339 0.212379 0.965863 23.3088 0 1
1.89343 3.43373 2.99972 0.118705 0.234485 0.964845 23.4952 0 1
1.31516 3.6841 2.99799 0.0868446 0.251539 0.963943 23.6474 0 1
0.809464 3.82496 2.9889 0.053365 0.263136 0.963282 23.7981 0 1
0.286721 3.89933 2.98792 0.0189448 0.269065 0.962936 23.9504 0 1
-0.239314 3.92059 2.99458 -0.0156952 0.269329 0.96292 24.1064 0 1
-0.762794 3.85222 2.99989 -0.049838 0.264218 0.963175 24.2551 0 1
-1.25158 3.71713 2.99937 -0.0828097 0.254393 0.963549 24.4042 0 1
-1.71745 3.51999 2.99952 -0.11399 0.240991 0.96381 24.5686 0 1
-2.2014 3.25186 3.00251 -0.142785 0.225646 0.963689 24.7302 0 1
-2.64064 2.92537 2.99791 -0.168576 0.210383 0.962975 24.8761 0 1
-2.99749 2.55947 2.99329 -0.190683 0.197343 0.961611 25.0215 0 1
-3.29013 2.15257 3.0006 -0.208376 0.188398 0.959732 25.1718 0 1
-3.52967 1.7109 3.00651 -0.220946 0.184811 0.957616 25.2272 0 1
-3.5997 1.54114 3.00779 -0.227809 0.187045 0.955572 25.4434 0 1
-4.23248 1.80681 2.79118 -0.228605 0.194784 0.953834 25.6042 0 1
-3.99883 2.30407 2.78335 -0.223268 0.207125 0.952497 25.7698 0 1
-3.68792 2.76734 2.78187 -0.21203 0.222815 0.951523 25.9275 0 1
-3.34746 3.18275 2.77747 -0.195381 0.240457 0.950793 26.1055 0 1
-2.87881 3.59887 2.77724 -0.17402 0.258646 0.950168 26.2646 0 1
-2.42047 3.91614 2.7737 -0.148778 0.27606 0.949556 26.4113 0 1
-1.97361 4.15183 2.77304 -0.120518 0.291534 0.948938 26.5703 0 1
-1.4668 4.36541 2.76463 -0.090028 0.304124 0.948369 26.7143 0 1
-0.970028 4.49831 2.76237 -0.0579546 0.313145 0.947935 26.8605 0 1
-0.444471 4.58049 2.75783 -0.0248078 0.318143 0.947718 27.0098 0 1
0.0885352 4.58731 2.75178 0.00898284 0.31883 0.947769 27.1748 0 1
0.676345 4.52715 2.74987 0.0429814 0.315039 0.948105 27.3308 0 1
1.23813 4.40879 2.76502 0.0766761 0.306722 0.948706 27.4718 0 1
1.72555 4.25374 2.77199 0.109466 0.293981 0.949522 27.6254 0 1
2.21186 4.02651 2.77439 0.140717 0.277048 0.950496 27.7846 0 1
2.68769 3.74357 2.78012 0.169854 0.256228 0.951576 27.934 0 1
3.10472 3.4315 2.7834 0.19646 0.231839 0.952709 28.1014 0 1
3.50406 3.00743 2.79016 0.220302 0.204199 0.953818 28.2537 0 1
3.82233 2.59951 2.78428 0.241302 0.17368 0.954782 28.4058 0 1
4.09378 2.15464 2.78511 0.259431 0.140803 0.955442 28.5561 0 1
4.31415 1.69281 2.79081 0.274618 0.106298 0.95566 28.7256 0 1
4.48138 1.14876 2.79707 0.286686 0.0710579 0.955386 28.8756 0 1
4.58671 0.647395 2.79252 0.295354 0.0359487 0.954711 29.0239 0 1
4.62914 0.141242 2.78539 0.300269 0.0015765 0.953853 29.1732 0 1
4.59832 -0.365266 2.78249 0.301062 -0.0318479 0.953073 29.3217 0 1
4.51929 -0.868239 2.77293 0.297408 -0.064459 0.952572 29.4896 0 1
4.36156 -1.4436 2.75922 0.289094 -0.0965325 0.952421 29.6297 0 1
4.18182 -1.91753 2.75964 0.27607 -0.128225 0.952546 29.7796 0 1
3.9297 -2.3809 2.77508 0.258486 -0.159375 0.952777 29.9444 0 1
3.60438 -2.84623 2.79595 0.236707 -0.189456 0.95293 30.1126 0 1
3.22537 -3.27227 2.80228 0.211267 -0.217702 0.952876 30.2909 0 1
2.78874 -3.6622 2.79924 0.182768 -0.243317 0.952571 30.447 0 1
2.35805 -3.9428 2.80029 0.15176 -0.265632 0.952055 30.6003 0 1
1.91437 -4.18888 2.79097 0.11865 -0.284115 0.951421 30.7781 0 1
1.35747 -4.40215 2.77504 0.0837134 -0.298298 0.950794 30.9366 0 1
0.837364 -4.51501 2.76992 0.0471898 -0.307739 0.9503 31.0947 0 1
0.299965 -4.58686 2.76813 0.0094175 -0.312076 0.95001 31.2748 0 1
-0.321319 -4.59624 2.76463 -0.0290768 -0.311146 0.949917 31.4402 0 1
-0.889466 -4.51302 2.76956 -0.0675767 -0.305053 0.949935 31.6246 0 1
-1.50602 -4.34882 2.77746 -0.105252 -0.294144 0.949948 31.8029 0 1
-2.07028 -4.11312 2.7822 -0.141263 -0.278917 0.949868 31.9677 0 1
-2.54617 -3.83497 2.78099 -0.174836 -0.259915 0.949672 32.1496 0 1
-3.0284 -3.45697 2.7703 -0.205319 -0.23761 0.949413 32.301 0 1
-3.4012 -3.08604 2.76356 -0.232203 -0.212333 0.949208 32.4614 0 1
-3.7463 -2.65139 2.76532 -0.255139 -0.184267 0.949184 32.6367 0 1
-4.06539 -2.1284 2.76932 -0.273965 -0.15355 0.949403 32.7797 0 1
-4.28671 -1.67931 2.76847 -0.288772 -0.120423 0.949794 32.945 0 1
-4.46723 -1.1348 2.77184 -0.299961 -0.0853458 0.950126 33.0991 0 1
-4.58867 -0.605641 2.77497 -0.308174 -0.0490086 0.950067 33.2663 0 1
-4.62916 -0.0371663 2.79473 -0.31405 -0.012224 0.949328 33.4183 0 1
-4.59413 0.463706 2.80179 -0.317931 0.0242279 0.947804 33.5726 0 1
-4.50667 0.970665 2.8007 -0.319695 0.0597331 0.945636 33.7191 0 1
-4.37145 1.45928 2.79784 -0.318829 0.0939039 0.943149 33.8264 0 1
-4.23405 1.80321 2.79124 -0.314653 0.126554 0.940732 34.0328 0 1
-4.84499 2.05196 2.54054 -0.30658 0.157618 0.938704 34.1835 0 1
-4.63094 2.52902 2.53198 -0.294262 0.187061 0.93724 34.3397 0 1
-4.35116 2.99356 2.52911 -0.277639 0.214814 0.936361 34.5104 0 1
-3.99476 3.46807 2.52074 -0.256903 0.240726 0.935976 34.6693 0 1
-3.59352 3.87355 2.52326 -0.232453 0.26455 0.935937 34.8226 0 1
-3.17522 4.21277 2.52298 -0.204851 0.285953 0.936091 34.9755 0 1
-2.72944 4.51595 2.51691 -0.174784 0.304575 0.936314 35.1395 0 1
-2.20901 4.7845 2.51612 -0.142993 0.320116 0.936525 35.2879 0 1
-1.71475 4.98575 2.51233 -0.11018 0.332396 0.936682 35.4277 0 1
-1.22845 5.12886 2.50829 -0.0769057 0.341363 0.93678 35.5691 0 1
-0.719778 5.21412 2.50466 -0.0435391 0.347031 0.936842 35.7183 0 1
-0.179674 5.2523 2.50084 -0.0102477 0.349411 0.936914 35.8739 0 1
0.38616 5.23335 2.49704 0.0229672 0.348465 0.93704 36.021 0 1
0.922982 5.15714 2.50063 0.0561924 0.344104 0.937248 36.1586 0 1
1.42295 5.05158 2.50643 0.0894967 0.336219 0.937522 36.3051 0 1
1.92176 4.87695 2.51809 0.122827 0.324724 0.937799 36.4632 0 1
2.44039 4.65523 2.522 0.155949 0.309577 0.937999 36.6155 0 1
2.90902 4.39574 2.52977 0.188432 0.290746 0.938062 36.7601 0 1
3.33152 4.10861 2.53454 0.219687 0.268176 0.937987 36.9274 0 1
3.76549 3.71404 2.53779 0.249013 0.24182 0.937825 37.0997 0 1
4.16164 3.27106 2.53942 0.275652 0.211767 0.937641 37.2787 0 1
4.51366 2.76497 2.53492 0.298862 0.178394 0.937474 37.4641 0 1
4.81863 2.18876 2.53898 0.318019 0.142443 0.937323 37.6534 0 1
5.05478 1.57932 2.54556 0.332723 0.104947 0.937167 37.8271 0 1
5.19774 1.00822 2.55649 0.342852 0.066997 0.936997 38.0025 0 1
5.28339 0.418884 2.54606 0.348528 0.0294625 0.936835 38.1512 0 1
5.27684 -0.0921669 2.53734 0.349993 -0.00719646 0.936725 38.3019 0 1
5.24852 -0.612397 2.52265 0.347483 -0.0429206 0.936703 38.4537 0 1
5.14959 -1.13956 2.51592 0.341148 -0.0778725 0.936779 38.6032 0 1
4.99765 -1.65246 2.51141 0.33104 -0.1122 0.936922 38.7722 0 1
4.7775 -2.22728 2.51754 0.317156 -0.145852 0.937091 38.9528 0 1
4.47359 -2.79359 2.53723 0.299506 -0.178492 0.937249 39.0972 0 1
4.17876 -3.21107 2.55531 0.278214 -0.209538 0.937385 39.244 0 1
3.84477 -3.59735 2.5565 0.253564 -0.238297 0.937507 39.3965 0 1
3.47766 -3.95909 2.55023 0.225998 -0.264149 0.93763 39.5459 0 1
3.08895 -4.27883 2.54575 0.19605 -0.286674 0.937754 39.7402 0 1
2.51788 -4.61844 2.55041 0.164274 -0.305696 0.937851 39.8832 0 1
2.06632 -4.84281 2.53931 0.131179 -0.321236 0.93787 40.0434 0 1
1.54936 -5.03669 2.52393 0.0971714 -0.333418 0.937758 40.2162 0 1
0.969325 -5.16943 2.52285 0.0625104 -0.342358 0.937488 40.361 0 1
0.467391 -5.24316 2.5212 0.0273215 -0.34806 0.937074 40.5109 0 1
-0.0748796 -5.27789 2.51197 -0.00830637 -0.350379 0.936571 40.6633 0 1
-0.620389 -5.23707 2.51115 -0.0441971 -0.349067 0.936055 40.819 0 1
-1.16207 -5.13129 2.51521 -0.0800217 -0.343887 0.935595 40.9732 0 1
-1.69333 -4.98577 2.51817 -0.115324 -0.33473 0.93523 41.1144 0 1
-2.1707 -4.8086 2.52152 -0.149594 -0.321679 0.934957 41.2597 0 1
-2.62074 -4.57009 2.5238 -0.182336 -0.304988 0.934738 41.4353 0 1
-3.1358 -4.2355 2.51785 -0.213101 -0.28502 0.934533 41.5866 0 1
-3.54914 -3.8825 2.51393 -0.241519 -0.262141 0.934318 41.7449 0 1
-3.95016 -3.47452 2.51186 -0.26732 -0.23663 0.934102 41.8921 0 1
-4.26967 -3.06151 2.50979 -0.29032 -0.208631 0.93391 42.0463 0 1
-4.56376 -2.59223 2.51044 -0.31038 -0.178201 0.933761 42.2036 0 1
-4.83233 -2.09134 2.50957 -0.327388 -0.14544 0.933629 42.35 0 1
-5.02128 -1.60231 2.50935 -0.34134 -0.11067 0.933402 42.5201 0 1
-5.18131 -1.00179 2.51439 -0.352462 -0.0746102 0.932847 42.6584 0 1
-5.26954 -0.505406 2.52108 -0.361288 -0.0385143 0.931658 42.8451 0 1
-5.28887 0.145582 2.53609 -0.368575 -0.0041728 0.929589 42.9984 0 1
-5.23347 0.664489 2.54002 -0.375097 0.0262709 0.926613 43.16 0 1
-5.12482 1.21431 2.54544 -0.381409 0.0506628 0.923017 43.3079 0 1
-4.98608 1.71671 2.54105 -0.387692 0.0672221 0.919335 43.3831 0 1
-4.88697 1.95974 2.54058 -0.393725 0.0748376 0.916177 43.5892 0 1
-5.49211 2.19151 2.23638 -0.398994 0.0732087 0.914027 43.73 0 1
-5.66165 1.71334 2.24432 -0.402873 0.0628329 0.913097 43.8791 0 1
-5.80242 1.20007 2.24459 -0.404807 0.0448668 0.913301 44.0226 0 1
-5.88946 0.695112 2.24755 -0.40442 0.0208888 0.914335 44.1635 0 1
-5.94332 0.183313 2.24408 -0.401538 -0.00740088 0.915813 44.3283 0 1
-5.94312 -0.41153 2.23784 -0.396143 -0.0384704 0.917383 44.4764 0 1
-5.87064 -0.945005 2.23736 -0.388304 -0.0711413 0.918781 44.644 0 1
-5.73172 -1.54422 2.23003 -0.378115 -0.104611 0.919829 44.7879 0 1
-5.56483 -2.05564 2.22308 -0.365653 -0.138337 0.920413 44.927 0 1
-5.35449 -2.51775 2.2259 -0.350944 -0.171873 0.920488 45.0757 0 1
-5.09497 -2.99016 2.22906 -0.333941 -0.204736 0.920091 45.2548 0 1
-4.73667 -3.53851 2.23216 -0.314523 -0.236358 0.919353 45.3985 0 1
-4.416 -3.94822 2.23055 -0.29253 -0.266132 0.918477 45.5658 0 1
-3.98216 -4.36139 2.23426 -0.267832 -0.293515 0.917668 45.7257 0 1
-3.54721 -4.74095 2.22216 -0.240405 -0.318102 0.917069 45.8704 0 1
-3.10299 -5.03981 2.22575 -0.210391 -0.339646 0.91672 46.0275 0 1
-2.60306 -5.31596 2.2302 -0.178093 -0.357994 0.916582 46.165 0 1
-2.14405 -5.52152 2.22981 -0.143947 -0.373031 0.916585 46.3342 0 1
-1.53536 -5.71234 2.23524 -0.10844 -0.384647 0.916672 46.4796 0 1
-1.00197 -5.83839 2.23652 -0.0720332 -0.39276 0.916816 46.627 0 1
-0.471724 -5.90938 2.23575 -0.0351102 -0.397327 0.917005 46.7723 0 1
0.0510025 -5.92743 2.2335 0.00203884 -0.398334 0.917238 46.9544 0 1
0.71237 -5.86748 2.24478 0.0391981 -0.39576 0.917517 47.0958 0 1
1.21963 -5.7896 2.24661 0.0761912 -0.389564 0.917843 47.2524 0 1
1.76028 -5.66145 2.24295 0.112833 -0.379683 0.91821 47.4181 0 1
2.30606 -5.45773 2.25297 0.14888 -0.366075 0.918599 47.5705 0 1
2.789 -5.22271 2.26008 0.183989 -0.348771 0.91897 47.7351 0 1
3.29505 -4.92791 2.26109 0.217737 -0.327931 0.919267 47.8847 0 1
3.72341 -4.62234 2.26199 0.249677 -0.303863 0.919418 48.0553 0 1
4.15374 -4.21578 2.27006 0.279426 -0.27699 0.919346 48.2294 0 1
4.55977 -3.77077 2.27057 0.306734 -0.247758 0.918983 48.3748 0 1
4.87539 -3.36294 2.26055 0.331467 -0.216525 0.918284 48.5611 0 1
5.2209 -2.79378 2.24868 0.353527 -0.183499 0.91725 48.7206 0 1
5.47386 -2.27175 2.23667 0.372729 -0.148757 0.915939 48.8727 0 1
5.66019 -1.73245 2.23502 0.388742 -0.11236 0.91447 49.0406 0 1
5.81971 -1.12951 2.23157 0.401132 -0.0744809 0.912987 49.209 0 1
5.90764 -0.512703 2.23571 0.409475 -0.0354654 0.911632 49.3647 0 1
5.9379 0.0738558 2.23934 0.413482 0.00420093 0.910503 49.5367 0 1
5.90411 0.702782 2.2463 0.413045 0.0439856 0.909648 49.6809 0 1
5.80944 1.20261 2.25789 0.408212 0.083381 0.909071 49.8365 0 1
5.68112 1.7343 2.251 0.399117 0.121914 0.908759 50.0064 0 1
5.48254 2.29504 2.24316 0.385915 0.159105 0.908711 50.1657 0 1
5.24206 2.80876 2.2399 0.368781 0.19443 0.908954 50.3017 0 1
4.98869 3.23951 2.2421 0.34795 0.227328 0.909534 50.462 0 1
4.64016 3.71373 2.24758 0.323754 0.257252 0.910497 50.6188 0 1
4.27208 4.13316 2.24416 0.296639 0.28376 0.911859 50.7674 0 1
3.88899 4.49683 2.24654 0.267142 0.306594 0.913584 50.9129 0 1
3.48107 4.81422 2.24571 0.235843 0.325732 0.915574 51.0556 0 1
3.04989 5.07834 2.24666 0.20331 0.341381 0.917673 51.2067 0 1
2.56031 5.32486 2.24376 0.170048 0.353897 0.919696 51.3499 0 1
2.07098 5.52202 2.24396 0.13644 0.363674 0.92148 51.5085 0 1
1.52559 5.70871 2.23563 0.102704 0.371023 0.922927 51.6569 0 1
0.997247 5.8231 2.2316 0.0688681 0.376114 0.92401 51.7928 0 1
0.492987 5.88923 2.23204 0.0348149 0.378985 0.924748 51.9268 0 1
-0.0185724 5.91966 2.22801 0.00038675 0.379597 0.925152 52.0689 0 1
-0.543586 5.88706 2.23098 -0.0344982 0.37787 0.925216 52.2131 0 1
-1.06217 5.82222 2.2328 -0.0697779 0.373671 0.924933 52.3791 0 1
-1.64691 5.68805 2.24006 -0.105249 0.366795 0.924329 52.5226 0 1
-2.13971 5.52314 2.24772 -0.140604 0.356998 0.923462 52.6797 0 1
-2.65878 5.29695 2.24929 -0.175471 0.34413 0.92238 52.8216 0 1
-3.12313 5.04995 2.2392 -0.209414 0.328328 0.921057 52.9674 0 1
-3.57264 4.73658 2.24005 -0.241929 0.310193 0.919375 53.1205 0 1
-4.0074 4.38201 2.23856 -0.272408 0.29088 0.91716 53.2939 0 1
-4.45186 3.92971 2.24255 -0.300117 0.272048 0.914286 53.4352 0 1
-4.7801 3.51268 2.24338 -0.324206 0.255637 0.910791 53.5973 0 1
-5.10813 3.00705 2.23749 -0.343784 0.243518 0.906924 53.7449 0 1
-5.34823 2.53379 2.23344 -0.358045 0.237109 0.903096 53.8162 0 1
-5.44716 2.29793 2.23613 -0.366408 0.237089 0.899741 54.0132 0 1
-6.04194 2.51342 1.91724 -0.36859 0.243322 0.897182 54.154 0 1
-5.82657 3.00881 1.91949 -0.36462 0.254982 0.895565 54.3165 0 1
-5.53226 3.55029 1.92133 -0.354776 0.270808 0.894873 54.4595 0 1
-5.21243 3.99528 1.92828 -0.339501 0.289374 0.894987 54.6009 0 1
-4.86799 4.42738 1.92175 -0.319326 0.3093 0.895748 54.7522 0 1
-4.45109 4.82991 1.92388 -0.294837 0.329386 0.896982 54.9236 0 1
-3.95028 5.25209 1.92529 -0.266665 0.348676 0.898507 55.0635 0 1
-3.51075 5.55928 1.93182 -0.235499 0.366474 0.900132 55.1989 0 1
-3.05488 5.82537 1.93496 -0.202057 0.382324 0.901666 55.3674 0 1
-2.47704 6.09582 1.94165 -0.167023 0.395971 0.902945 55.5049 0 1
-1.99193 6.25719 1.94636 -0.130967 0.407298 0.903856 55.6408 0 1
-1.50364 6.38539 1.94945 -0.0942957 0.416262 0.904342 55.8106 0 1
-0.886604 6.50841 1.94021 -0.0572489 0.422831 0.904398 55.972 0 1
-0.297365 6.56444 1.93089 -0.0199461 0.426925 0.904067 56.111 0 1
0.220693 6.5543 1.93552 0.0175407 0.428394 0.903422 56.2517 0 1
0.758681 6.50977 1.9391 0.055105 0.427036 0.902554 56.4138 0 1
1.37559 6.41004 1.93495 0.0925403 0.422656 0.901553 56.5482 0 1
1.86873 6.28425 1.94012 0.129518 0.415123 0.900499 56.6993 0 1
2.39847 6.09459 1.94283 0.165622 0.404397 0.899462 56.8517 0 1
2.92607 5.86783 1.93772 0.200414 0.3905 0.898523 56.9992 0 1
3.42557 5.60027 1.93548 0.233501 0.373499 0.897762 57.1698 0 1
3.96389 5.25304 1.92306 0.264589 0.353481 0.897243 57.3053 0 1
4.36116 4.93631 1.91748 0.293497 0.330561 0.896989 57.4376 0 1
4.71457 4.57913 1.92014 0.320141 0.304889 0.896969 57.5998 0 1
5.13406 4.11393 1.92129 0.34447 0.276658 0.897107 57.7322 0 1
5.434 3.70975 1.92522 0.366393 0.246115 0.89732 57.8985 0 1
5.77034 3.17586 1.91809 0.385746 0.213568 0.897546 58.0446 0 1
6.01675 2.67343 1.92 0.40231 0.179382 0.897758 58.194 0 1
6.21681 2.14833 1.92841 0.415871 0.143969 0.897955 58.3565 0 1
6.38227 1.56063 1.92982 0.426284 0.107757 0.898148 58.4974 0 1
6.50079 1.03926 1.92119 0.433504 0.0711661 0.898337 58.6473 0 1
6.5627 0.478523 1.92104 0.437585 0.0345566 0.898513 58.7792 0 1
6.57327 -0.0227355 1.92248 0.438652 -0.00181583 0.898655 58.9272 0 1
6.54497 -0.60007 1.92051 0.436838 -0.0378388 0.898744 59.0654 0 1
6.48044 -1.14139 1.91325 0.432223 -0.0735301 0.898764 59.205 0 1
6.34747 -1.67045 1.92525 0.424788 -0.108962 0.898711 59.361 0 1
6.15777 -2.24309 1.93051 0.414435 -0.144142 0.898592 59.5019 0 1
5.95448 -2.75331 1.93165 0.401036 -0.178904 0.898423 59.641 0 1
5.71741 -3.24065 1.94037 0.384508 -0.212878 0.898241 59.7759 0 1
5.4472 -3.67154 1.95152 0.364846 -0.245559 0.898102 59.9421 0 1
5.07282 -4.15712 1.95663 0.342125 -0.276433 0.898073 60.0884 0 1
4.71509 -4.56169 1.96155 0.316492 -0.305088 0.898195 60.2411 0 1
4.31451 -4.95889 1.95489 0.288185 -0.331247 0.898457 60.3787 0 1
3.92099 -5.27003 1.94969 0.257547 -0.354734 0.898796 60.5393 0 1
3.43944 -5.59647 1.94455 0.225008 -0.37543 0.899124 60.7054 0 1
2.90113 -5.88499 1.95093 0.191023 -0.393232 0.899377 60.8655 0 1
2.37445 -6.13251 1.94501 0.15599 -0.408047 0.899536 61.0078 0 1
1.8863 -6.28998 1.9416 0.120185 -0.419787 0.89963 61.168 0 1
1.31006 -6.42177 1.93972 0.0837659 -0.428392 0.899702 61.3023 0 1
0.806619 -6.49429 1.93671 0.046842 -0.43384 0.899772 61.4771 0 1
0.157431 -6.56491 1.92141 0.00958633 -0.43615 0.899823 61.6234 0 1
-0.390849 -6.55887 1.92359 -0.0276868 -0.435375 0.899823 61.7596 0 1
-0.907831 -6.5144 1.92054 -0.0645454 -0.431586 0.899759 61.896 0 1
-1.41949 -6.42074 1.92298 -0.100553 -0.424845 0.899664 62.0479 0 1
-1.96946 -6.25772 1.92755 -0.135384 -0.415178 0.89961 62.2168 0 1
-2.57396 -6.02794 1.91606 -0.168851 -0.402567 0.899683 62.3554 0 1
-3.05674 -5.79233 1.91443 -0.200851 -0.38698 0.899948 62.4929 0 1
-3.51612 -5.53551 1.90901 -0.231279 -0.368434 0.900426 62.6305 0 1
-3.95266 -5.23338 1.91245 -0.259992 -0.34706 0.901085 62.7769 0 1
-4.39099 -4.87198 1.92211 -0.286818 -0.323107 0.901852 62.9236 0 1
-4.78427 -4.49591 1.92723 -0.311608 -0.296874 0.902644 63.0895 0 1
-5.17782 -4.03605 1.92365 -0.334266 -0.268603 0.903393 63.2277 0 1
-5.46768 -3.6084 1.93397 -0.35476 -0.238413 0.904049 63.3952 0 1
-5.8096 -3.06231 1.92647 -0.373105 -0.206338 0.904554 63.5341 0 1
-6.037 -2.59593 1.92181 -0.389324 -0.172429 0.904818 63.6927 0 1
-6.25881 -2.04638 1.92491 -0.403399 -0.136878 0.904728 63.8257 0 1
-6.40121 -1.56436 1.93146 -0.415251 -0.10011 0.904182 63.9718 0 1
-6.5171 -1.02574 1.93496 -0.424791 -0.0628547 0.903107 64.1152 0 1
-6.59 -0.497687 1.93054 -0.432043 -0.0261732 0.901473 64.2747 0 1
-6.58654 0.104784 1.93105 -0.437241 0.00855778 0.899304 64.406 0 1
-6.54133 0.623438 1.92899 -0.440855 0.0397642 0.896697 64.5458 0 1
-6.45277 1.15644 1.92449 -0.443502 0.0658841 0.893849 64.6999 0 1
-6.32265 1.72248 1.91937 -0.445812 0.0855937 0.891025 64.8568 0 1
-6.13139 2.27719 1.91914 -0.4483 0.0979597 0.8885 64.8806 0 1
-6.09923 2.36223 1.9188 -0.45126 0.102482 0.886489 65.0653 0 1
-6.69245 2.55969 1.58632 -0.454706 0.0990631 0.885115 65.2149 0 1
-6.89822 1.98135 1.58496 -0.458362 0.0879746 0.884401 65.3461 0 1
-7.02323 1.47092 1.5912 -0.461727 0.0698396 0.884268 65.4728 0 1
-7.12307 0.973503 1.59331 -0.464202 0.0456212 0.884554 65.6156 0 1
-7.20191 0.397795 1.59918 -0.465223 0.0165677 0.885038 65.7376 0 1
-7.2376 -0.101504 1.59924 -0.464355 -0.0159114 0.885506 65.871 0 1
-7.2064 -0.645187 1.60523 -0.461307 -0.0504205 0.885807 66.0344 0 1
-7.10709 -1.28047 1.60623 -0.455899 -0.0857554 0.885891 66.2015 0 1
-6.9528 -1.91706 1.60232 -0.448 -0.121026 0.885804 66.335 0 1
-6.79295 -2.43384 1.59332 -0.437496 -0.155681 0.885641 66.4662 0 1
-6.59165 -2.92218 1.58989 -0.424285 -0.189438 0.885492 66.5961 0 1
-6.35883 -3.37938 1.59285 -0.408314 -0.222147 0.885398 66.732 0 1
-6.07991 -3.8362 1.59977 -0.389632 -0.253682 0.885343 66.8672 0 1
-5.77309 -4.2832 1.60008 -0.368396 -0.283887 0.885264 67.0114 0 1
-5.42218 -4.73566 1.59246 -0.344836 -0.312585 0.885087 67.1552 0 1
-5.04167 -5.14198 1.59104 -0.319178 -0.3396 0.884758 67.3205 0 1
-4.55149 -5.55004 1.59259 -0.291597 -0.364744 0.88427 67.4827 0 1
-4.03655 -5.9469 1.57641 -0.262232 -0.387782 0.883662 67.6317 0 1
-3.5096 -6.26072 1.57894 -0.231227 -0.408424 0.88302 67.7855 0 1
-2.95047 -6.54457 1.58262 -0.198774 -0.426364 0.882441 67.919 0 1
-2.44076 -6.75506 1.58913 -0.16512 -0.441357 0.882009 68.0459 0 1
-1.94797 -6.92627 1.59004 -0.130519 -0.45327 0.881766 68.1821 0 1
-1.42237 -7.05529 1.58904 -0.0951704 -0.462093 0.88171 68.3313 0 1
-0.83741 -7.14643 1.58416 -0.0591909 -0.467893 0.881801 68.4698 0 1
-0.270017 -7.18376 1.58893 -0.0226508 -0.470762 0.881969 68.6038 0 1
0.274763 -7.18149 1.59361 0.0143495 -0.470783 0.882132 68.7379 0 1
0.804033 -7.13573 1.59729 0.0516161 -0.468025 0.882207 68.8958 0 1
1.4235 -7.04701 1.60003 0.0888573 -0.462559 0.882124 69.0415 0 1
1.99743 -6.91639 1.60255 0.125726 -0.454455 0.881852 69.1712 0 1
2.48642 -6.7561 1.60756 0.161868 -0.443762 0.881404 69.326 0 1
3.03776 -6.5214 1.60902 0.196953 -0.430483 0.880849 69.4689 0 1
3.53487 -6.27002 1.60685 0.230678 -0.414554 0.880303 69.6107 0 1
4.01159 -5.96233 1.61024 0.26276 -0.395887 0.879904 69.7416 0 1
4.43393 -5.66898 1.60755 0.292923 -0.374448 0.879764 69.8765 0 1
4.83698 -5.32807 1.61205 0.320888 -0.350345 0.879937 70.0137 0 1
5.22172 -4.94195 1.61274 0.34639 -0.323861 0.880414 70.1509 0 1
5.58424 -4.51677 1.6143 0.369213 -0.295399 0.881147 70.3003 0 1
5.95122 -4.04515 1.61273 0.38926 -0.265372 0.882074 70.4382 0 1
6.24719 -3.5812 1.60575 0.406594 -0.234092 0.883109 70.5685 0 1
6.48243 -3.10086 1.60496 0.421437 -0.201747 0.884132 70.7166 0 1
6.71842 -2.5516 1.60088 0.434081 -0.168466 0.884982 70.8521 0 1
6.89742 -2.03781 1.59792 0.444766 -0.134402 0.885505 70.9744 0 1
7.03558 -1.55651 1.58842 0.453574 -0.099758 0.885618 71.1017 0 1
7.12928 -1.03568 1.59442 0.460386 -0.064757 0.885354 71.2337 0 1
7.18759 -0.505386 1.598 0.464934 -0.0295875 0.884851 71.3766 0 1
7.19713 0.0683753 1.59487 0.466902 0.00562267 0.884291 71.5111 0 1
7.176 0.627278 1.58523 0.466034 0.040788 0.883826 71.6422 0 1
7.11594 1.16194 1.5792 0.462199 0.075812 0.88353 71.7686 0 1
7.00407 1.66981 1.58982 0.455398 0.110535 0.8834 71.9063 0 1
6.84962 2.22158 1.59905 0.445735 0.144732 0.883387 72.0323 0 1
6.67978 2.6981 1.59644 0.433374 0.178162 0.883428 72.1711 0 1
6.46719 3.20403 1.58725 0.418494 0.210633 0.883457 72.3265 0 1
6.16704 3.74712 1.58748 0.401262 0.242031 0.883408 72.4519 0 1
5.87684 4.17254 1.58954 0.381824 0.272282 0.883217 72.5854 0 1
5.54242 4.59492 1.5887 0.360312 0.301278 0.88284 72.7094 0 1
5.21744 4.97852 1.58139 0.336853 0.32883 0.88227 72.835 0 1
4.84978 5.3464 1.58118 0.311584 0.354654 0.881553 72.9693 0 1
4.42522 5.69041 1.58612 0.284653 0.378398 0.880788 73.1246 0 1
3.9191 6.03989 1.58503 0.256215 0.39971 0.880105 73.2889 0 1
3.34276 6.35117 1.59495 0.226417 0.418306 0.879633 73.4154 0 1
2.88794 6.57067 1.59708 0.195388 0.434044 0.879448 73.5436 0 1
2.41158 6.75366 1.60413 0.163226 0.446946 0.879544 73.6728 0 1
1.91633 6.92428 1.59688 0.129993 0.457162 0.879832 73.8065 0 1
1.38807 7.04603 1.59908 0.0957307 0.464885 0.88018 73.9391 0 1
0.864568 7.13878 1.60152 0.0604919 0.470246 0.88046 74.084 0 1
0.28638 7.19243 1.60234 0.0243981 0.473244 0.880593 74.2084 0 1
-0.224047 7.20087 1.6054 -0.0123202 0.473737 0.88058 74.3359 0 1
-0.726191 7.17159 1.60368 -0.0493148 0.471498 0.880487 74.4768 0 1
-1.26879 7.08449 1.6156 -0.0861576 0.466297 0.880423 74.6209 0 1
-1.81713 6.95562 1.62251 -0.122413 0.457985 0.880491 74.7466 0 1
-2.30184 6.8193 1.61268 -0.157716 0.446536 0.880756 74.8928 0 1
-2.8368 6.61899 1.60529 -0.19181 0.432053 0.881214 75.0533 0 1
-3.39676 6.34782 1.59979 -0.224528 0.414746 0.881801 75.1817 0 1
-3.83893 6.09531 1.59195 -0.255731 0.394916 0.882408 75.3326 0 1
-4.34965 5.73322 1.58992 -0.285234 0.372971 0.882912 75.48 0 1
-4.82257 5.36027 1.5834 -0.312782 0.349451 0.883205 75.6083 0 1
-5.18704 5.00385 1.58649 -0.338093 0.325018 0.883208 75.742 0 1
-5.53564 4.60456 1.58635 -0.360945 0.300375 0.88289 75.8721 0 1
-5.85529 4.18158 1.58285 -0.381238 0.276119 0.882279 76.0058 0 1
-6.15561 3.71547 1.57876 -0.399024 0.252593 0.881463 76.1394 0 1
-6.41338 3.23051 1.57766 -0.414485 0.229791 0.880567 76.2682 0 1
-6.62853 2.73687 1.58215 -0.427906 0.207368 0.879713 76.3041 0 1
-6.67909 2.59624 1.58576 -0.439625 0.184715 0.878982 76.4801 0 1
-7.23269 2.90838 1.23801 -0.449958 0.161092 0.8784 76.6221 0 1
-7.44919 2.31176 1.23631 -0.459109 0.135785 0.877941 76.7508 0 1
-7.59497 1.77027 1.24422 -0.467105 0.108263 0.877549 76.8678 0 1
-7.70067 1.27598 1.25419 -0.473779 0.0783027 0.877156 76.988 0 1
-7.78741 0.760951 1.25727 -0.47883 0.046048 0.876699 77.1109 0 1
-7.84163 0.243871 1.25702 -0.481916 0.0119787 0.876135 77.247 0 1
-7.85156 -0.321917 1.25344 -0.48275 -0.0232051 0.875451 77.3729 0 1
-7.81088 -0.853984 1.25536 -0.481136 -0.0587393 0.874676 77.5194 0 1
-7.70181 -1.46083 1.26221 -0.476948 -0.0939428 0.873897 77.6562 0 1
-7.57125 -2.02046 1.25247 -0.470068 -0.128323 0.873252 77.7836 0 1
-7.40488 -2.54275 1.24757 -0.46036 -0.161619 0.872897 77.9009 0 1
-7.22767 -3.0139 1.2407 -0.447692 -0.193779 0.872939 78.0422 0 1
-6.96736 -3.55373 1.23824 -0.432019 -0.224876 0.873379 78.1632 0 1
-6.70149 -3.99383 1.24707 -0.413443 -0.254996 0.874095 78.3054 0 1
-6.36739 -4.50694 1.25077 -0.392232 -0.284146 0.87488 78.4561 0 1
-5.9901 -5.02067 1.24745 -0.368757 -0.312217 0.875522 78.5812 0 1
-5.63748 -5.41366 1.25075 -0.343408 -0.338986 0.875876 78.7345 0 1
-5.18377 -5.85931 1.24098 -0.316502 -0.364153 0.87591 78.8849 0 1
-4.68994 -6.24898 1.23235 -0.288265 -0.38739 0.87569 79.0128 0 1
-4.23009 -6.5573 1.23081 -0.258845 -0.408397 0.875335 79.1682 0 1
-3.63981 -6.89444 1.23071 -0.228365 -0.426941 0.874969 79.3024 0 1
-3.10994 -7.14938 1.23194 -0.196944 -0.442879 0.874683 79.4286 0 1
-2.58745 -7.36191 1.23067 -0.164709 -0.456167 0.874518 79.5662 0 1
-1.9996 -7.53965 1.2369 -0.131781 -0.466857 0.874459 79.6828 0 1
-1.50543 -7.66463 1.23492 -0.0982575 -0.475069 0.874445 79.8073 0 1
-0.970014 -7.75667 1.23024 -0.0642075 -0.480937 0.874401 79.9273 0 1
-0.448506 -7.80144 1.23322 -0.0296737 -0.484543 0.874264 80.0677 0 1
0.157606 -7.80298 1.24507 0.00530646 -0.48588 0.87401 80.1918 0 1
0.692915 -7.76973 1.25054 0.0406774 -0.484865 0.873643 80.3112 0 1
1.20138 -7.71606 1.2502 0.0763405 -0.481373 0.873185 80.4412 0 1
1.74626 -7.61942 1.24989 0.11213 -0.475272 0.872664 80.5829 0 1
2.32764 -7.47197 1.24959 0.147803 -0.466448 0.872113 80.7231 0 1
2.8892 -7.25481 1.26049 0.183054 -0.454821 0.871567 80.8702 0 1
3.45463 -7.00132 1.25967 0.217551 -0.440362 0.871064 80.9984 0 1
3.94201 -6.74749 1.25584 0.250956 -0.423105 0.870634 81.138 0 1
4.43667 -6.42483 1.25336 0.282921 -0.40316 0.870297 81.2873 0 1
4.95044 -6.04478 1.24779 0.313071 -0.380725 0.870078 81.4358 0 1
5.42817 -5.61785 1.25341 0.341022 -0.356075 0.870009 81.5858 0 1
5.87152 -5.14471 1.25478 0.366442 -0.329524 0.870135 81.7257 0 1
6.26369 -4.68369 1.24943 0.389128 -0.301347 0.870499 81.8439 0 1
6.55873 -4.26636 1.2485 0.409048 -0.271701 0.871125 81.9753 0 1
6.84647 -3.76742 1.24986 0.426309 -0.240626 0.871986 82.0917 0 1
7.07025 -3.31306 1.24991 0.441091 -0.208134 0.872994 82.224 0 1
7.29373 -2.77653 1.25276 0.453573 -0.174341 0.874 82.3473 0 1
7.47559 -2.27254 1.25377 0.46389 -0.139536 0.874835 82.4702 0 1
7.62497 -1.75515 1.25035 0.472124 -0.104156 0.875358 82.63 0 1
7.74929 -1.07514 1.2628 0.478297 -0.0686751 0.875509 82.7528 0 1
7.81034 -0.558242 1.25523 0.482364 -0.0334857 0.875331 82.8719 0 1
7.82158 -0.0510764 1.25002 0.484214 0.00118883 0.874949 83.0023 0 1
7.79957 0.521657 1.23984 0.483699 0.0353054 0.874522 83.1268 0 1
7.74999 1.07835 1.2283 0.480702 0.0689405 0.87417 83.2595 0 1
7.64894 1.66065 1.22905 0.475186 0.102195 0.87393 83.3848 0 1
7.49905 2.19451 1.24008 0.467202 0.135118 0.873765 83.5029 0 1
7.34796 2.6856 1.23935 0.456835 0.167684 0.873604 83.6229 0 1
7.16176 3.17257 1.24022 0.444138 0.199801 0.873396 83.7503 0 1
6.92828 3.66661 1.24018 0.429113 0.23132 0.873128 83.8721 0 1
6.66377 4.1247 1.23535 0.411747 0.262021 0.872817 84.0087 0 1
6.31509 4.607 1.23893 0.392067 0.291611 0.872494 84.1282 0 1
5.99364 5.02061 1.2368 0.370183 0.319745 0.872197 84.2742 0 1
5.5736 5.50628 1.23016 0.346275 0.346082 0.871964 84.4137 0 1
5.13522 5.91171 1.23333 0.320578 0.370346 0.871822 84.5534 0 1
4.67518 6.28673 1.22546 0.293348 0.392355 0.871782 84.6869 0 1
4.19297 6.60137 1.22701 0.26484 0.412033 0.87183 84.8102 0 1
3.71806 6.85268 1.2384 0.235265 0.429373 0.871945 84.9405 0 1
3.22163 7.09324 1.24516 0.204756 0.444417 0.872106 85.0747 0 1
2.7044 7.31577 1.24393 0.173355 0.457237 0.872286 85.202 0 1
2.18467 7.48846 1.24237 0.141054 0.467922 0.872441 85.3273 0 1
1.655 7.62831 1.24273 0.107861 0.476553 0.872504 85.4522 0 1
1.1257 7.73261 1.24267 0.0738682 0.48314 0.872422 85.5716 0 1
0.614819 7.78244 1.25157 0.0392857 0.487584 0.872192 85.7013 0 1
0.0491881 7.82084 1.2495 0.00440863 0.489684 0.871889 85.8176 0 1
-0.458392 7.81834 1.24936 -0.030436 0.489206 0.871637 85.9493 0 1
-1.0128 7.75101 1.25499 -0.0649389 0.485972 0.871558 86.077 0 1
-1.54377 7.66175 1.25455 -0.0988403 0.479927 0.871723 86.209 0 1
-2.08759 7.5341 1.24883 -0.131951 0.471135 0.872136 86.3517 0 1
-2.67534 7.34402 1.25059 -0.164157 0.459735 0.872752 86.4876 0 1
-3.20533 7.13128 1.24841 -0.195401 0.445873 0.873508 86.6172 0 1
-3.69685 6.90209 1.24158 -0.225633 0.429671 0.874341 86.735 0 1
-4.12991 6.64766 1.24037 -0.254762 0.411245 0.875199 86.8477 0 1
-4.54221 6.36361 1.24166 -0.282632 0.390765 0.876026 86.9826 0 1
-5.02796 6.01406 1.23232 -0.309024 0.368541 0.876745 87.1205 0 1
-5.46204 5.61626 1.23869 -0.333688 0.345076 0.877254 87.2523 0 1
-5.845 5.21852 1.23588 -0.356411 0.321053 0.877437 87.3739 0 1
-6.1603 4.80941 1.244 -0.377074 0.297204 0.877203 87.5027 0 1
-6.49093 4.35579 1.23787 -0.39571 0.274115 0.876513 87.6238 0 1
-6.76424 3.90077 1.23516 -0.412509 0.25204 0.875393 87.7407 0 1
-7.00089 3.44627 1.23511 -0.427773 0.230817 0.873919 87.8695 0 1
-7.22565 2.92581 1.23802 -0.441819 0.209914 0.872199 87.8722 0 1
-7.23003 2.91486 1.23808 -0.454873 0.188587 0.870359 88.032 0 1
-7.78163 3.19403 0.881214 -0.466981 0.166076 0.868532 88.1713 0 1
-7.99982 2.59891 0.881682 -0.477981 0.141776 0.866853 88.294 0 1
-8.16979 2.0378 0.883432 -0.487539 0.11534 0.865449 88.413 0 1
-8.29287 1.49282 0.89264 -0.495241 0.0867158 0.864417 88.5232 0 1
-8.37193 0.989227 0.898074 -0.500698 0.0561149 0.863801 88.6495 0 1
-8.43661 0.401039 0.896761 -0.503635 0.0239458 0.863585 88.7771 0 1
-8.46328 -0.176431 0.888036 -0.503933 -0.00927085 0.863693 88.8924 0 1
-8.44129 -0.699266 0.888613 -0.501637 -0.0429742 0.86401 89.0125 0 1
-8.36735 -1.25089 0.891961 -0.496919 -0.0766181 0.864408 89.1259 0 1
-8.262 -1.76552 0.895891 -0.490011 -0.109727 0.864783 89.2509 0 1
-8.12238 -2.32247 0.887677 -0.48112 -0.141964 0.865084 89.3585 0 1
-7.96389 -2.80501 0.882066 -0.470334 -0.173177 0.86533 89.5012 0 1
-7.72035 -3.41823 0.876332 -0.457588 -0.203372 0.865594 89.6314 0 1
-7.44403 -3.94369 0.881742 -0.442718 -0.23261 0.865964 89.7477 0 1
-7.15865 -4.40298 0.891926 -0.425588 -0.260881 0.866496 89.857 0 1
-6.88741 -4.83922 0.885167 -0.406207 -0.288052 0.867192 89.9952 0 1
-6.51277 -5.35505 0.886778 -0.384776 -0.313905 0.867992 90.1099 0 1
-6.16303 -5.74846 0.897509 -0.36165 -0.338236 0.868796 90.2288 0 1
-5.78664 -6.14037 0.892323 -0.337238 -0.360927 0.869484 90.364 0 1
-5.33688 -6.54317 0.880555 -0.311885 -0.381963 0.869961 90.4797 0 1
-4.9155 -6.85428 0.874268 -0.285789 -0.401373 0.870186 90.5866 0 1
-4.48897 -7.12353 0.875577 -0.25897 -0.419179 0.870186 90.6969 0 1
-4.04004 -7.39154 0.872744 -0.231319 -0.435367 0.870027 90.8149 0 1
-3.54148 -7.63082 0.877064 -0.202685 -0.449904 0.869773 90.9377 0 1
-3.0061 -7.86432 0.869658 -0.172957 -0.462757 0.869449 91.0498 0 1
-2.48539 -8.03289 0.87979 -0.142121 -0.473888 0.869041 91.1881 0 1
-1.84671 -8.20768 0.883092 -0.11026 -0.483236 0.868519 91.2966 0 1
-1.33442 -8.32717 0.875089 -0.0775383 -0.490696 0.867874 91.4339 0 1
-0.694886 -8.39599 0.88158 -0.0441507 -0.496126 0.867127 91.5587 0 1
-0.125776 -8.42187 0.882182 -0.0102879 -0.499358 0.866335 91.6743 0 1
0.406435 -8.40741 0.88795 0.023888 -0.500231 0.865562 91.8023 0 1
1.01183 -8.35831 0.889712 0.0582314 -0.498614 0.864866 91.9185 0 1
1.54616 -8.27532 0.890974 0.0925775 -0.494427 0.864275 92.0418 0 1
2.10452 -8.17023 0.88027 0.126708 -0.487665 0.863787 92.1616 0 1
2.64629 -8.01588 0.879491 0.160345 -0.478407 0.863375 92.2995 0 1
3.25041 -7.7608 0.898336 0.193178 -0.466794 0.863009 92.4181 0 1
3.76557 -7.53512 0.892008 0.224914 -0.453001 0.862672 92.5368 0 1
4.24122 -7.27048 0.894307 0.255303 -0.437188 0.862373 92.6665 0 1
4.73391 -6.95639 0.889413 0.284158 -0.419479 0.862144 92.7964 0 1
5.21691 -6.60757 0.881497 0.31133 -0.399975 0.862029 92.9119 0 1
5.6463 -6.25353 0.879726 0.336704 -0.378775 0.862067 93.0248 0 1
6.03148 -5.87778 0.88283 0.360194 -0.355997 0.86228 93.1353 0 1
6.38372 -5.5 0.883134 0.381773 -0.331777 0.862655 93.25 0 1
6.7217 -5.08216 0.887591 0.401486 -0.306246 0.863147 93.3679 0 1
7.05526 -4.62367 0.882234 0.419442 -0.279498 0.863684 93.4812 0 1
7.32252 -4.16449 0.887741 0.435761 -0.251559 0.864193 93.5963 0 1
7.57072 -3.69446 0.888818 0.450506 -0.222402 0.864628 93.7149 0 1
7.79694 -3.19056 0.892661 0.463621 -0.192007 0.864979 93.8277 0 1
7.9872 -2.68346 0.89752 0.474944 -0.16044 0.865267 93.9585 0 1
8.17244 -2.10459 0.89347 0.484263 -0.127906 0.865523 94.0729 0 1
8.30199 -1.60736 0.887141 0.491402 -0.0947297 0.865766 94.1938 0 1
8.38273 -1.07089 0.895027 0.496276 -0.0612887 0.865999 94.3131 0 1
8.43277 -0.527471 0.894759 0.498892 -0.0279014 0.866215 94.4314 0 1
8.43901 0.0273197 0.890459 0.499292 0.0052718 0.866418 94.5539 0 1
8.41985 0.591065 0.879021 0.49749 0.0382515 0.866626 94.6684 0 1
8.36147 1.12043 0.876911 0.493437 0.0711556 0.866866 94.8037 0 1
8.25871 1.76078 0.87075 0.487036 0.104061 0.86716 94.9256 0 1
8.10855 2.31095 0.876928 0.478203 0.136905 0.867513 95.0628 0 1
7.90739 2.9101 0.886974 0.466907 0.169478 0.867914 95.1832 0 1
7.72205 3.4366 0.882723 0.453177 0.201486 0.868352 95.312 0 1
7.45774 3.98358 0.885269 0.437101 0.232619 0.86881 95.4381 0 1
7.16503 4.47329 0.880563 0.418828 0.2626 0.869266 95.5801 0 1
6.79258 5.00322 0.876992 0.398574 0.29119 0.869682 95.6943 0 1
6.4535 5.42902 0.876981 0.376612 0.318194 0.870009 95.8237 0 1
6.05333 5.89484 0.869311 0.353227 0.343464 0.870209 95.964 0 1
5.58647 6.3291 0.874806 0.328657 0.366902 0.870268 96.0871 0 1
5.16189 6.6829 0.871106 0.303047 0.388461 0.870207 96.2091 0 1
4.70474 7.00751 0.869144 0.276453 0.408137 0.870056 96.3263 0 1
4.22699 7.29334 0.870468 0.248875 0.42596 0.869839 96.4391 0 1
3.75557 7.51557 0.885569 0.220287 0.441974 0.869559 96.5559 0 1
3.2709 7.74294 0.886719 0.190631 0.456203 0.869217 96.6877 0 1
2.70149 7.96432 0.887319 0.159829 0.468615 0.868824 96.8196 0 1
2.11635 8.14185 0.888165 0.127835 0.479094 0.868405 96.9465 0 1
1.55933 8.27925 0.885921 0.0947269 0.487469 0.867987 97.0887 0 1
0.921929 8.37379 0.887509 0.06075 0.493552 0.867592 97.1974 0 1
0.408768 8.4109 0.893239 0.0262809 0.497197 0.86724 97.3237 0 1
-0.178476 8.43908 0.892135 -0.00826224 0.498323 0.866952 97.4566 0 1
-0.784277 8.40204 0.894585 -0.0425051 0.49692 0.866755 97.5948 0 1
-1.41521 8.31247 0.891606 -0.0761577 0.493039 0.866668 97.714 0 1
-1.94456 8.20679 0.883431 -0.109018 0.486782 0.866694 97.8257 0 1
-2.44092 8.07398 0.8838 -0.140969 0.478285 0.866817 97.9523 0 1
-3.00452 7.87545 0.891878 -0.171967 0.467682 0.867007 98.066 0 1
-3.48535 7.68275 0.889089 -0.20203 0.455072 0.867233 98.178 0 1
-3.94637 7.46814 0.886236 -0.231189 0.440506 0.867471 98.2898 0 1
-4.39342 7.21107 0.885075 -0.259449 0.423997 0.867705 98.3968 0 1
-4.80856 6.92549 0.890587 -0.286747 0.405559 0.867927 98.5065 0 1
-5.23188 6.63586 0.880498 -0.312924 0.385279 0.868123 98.6394 0 1
-5.70817 6.23307 0.880814 -0.337724 0.363405 0.868262 98.7701 0 1
-6.11497 5.81304 0.887243 -0.360818 0.340387 0.868301 98.899 0 1
-6.49848 5.39431 0.880285 -0.381883 0.316822 0.868211 99.0216 0 1
-6.82088 4.94929 0.887009 -0.400708 0.293295 0.867992 99.1539 0 1
-7.16636 4.43561 0.885318 -0.41729 0.270203 0.867675 99.2683 0 1
-7.41662 3.97716 0.886598 -0.431844 0.247651 0.867283 99.392 0 1
-7.6628 3.48221 0.880182 -0.444744 0.225468 0.866814 99.4386 0 1
-7.74297 3.28856 0.881123 -0.456385 0.203298 0.866246 99.5963 0 1
-8.31602 3.51567 0.521469 -0.467066 0.180717 0.865558 99.6883 0 1
-8.50064 3.0435 0.520946 -0.47691 0.157321 0.864758 99.7822 0 1
-8.66334 2.55193 0.521744 -0.485849 0.132794 0.863896 99.8816 0 1
-8.81128 2.02465 0.518478 -0.493654 0.106934 0.863059 99.9798 0 1
-8.92125 1.49129 0.518829 -0.499994 0.0796679 0.862356 100.078 0 1
-8.98618 0.949256 0.527026 -0.504514 0.0510524 0.861893 100.174 0 1
-9.05189 0.433882 0.517372 -0.506916 0.0212767 0.861733 100.286 0 1
-9.05664 -0.191201 0.524543 -0.507028 -0.00933694 0.861879 100.381 0 1
-9.04123 -0.707231 0.521225 -0.50482 -0.040358 0.862281 100.485 0 1
-8.97777 -1.27993 0.521433 -0.5004 -0.0713047 0.862853 100.585 0 1
-8.88391 -1.82352 0.520928 -0.493969 -0.101728 0.863508 100.687 0 1
-8.75563 -2.36839 0.518917 -0.485783 -0.131301 0.864162 100.783 0 1
-8.59112 -2.87586 0.517683 -0.476091 -0.159878 0.864741 100.883 0 1
-8.38959 -3.39625 0.51581 -0.465073 -0.187498 0.865189 100.974 0 1
-8.19045 -3.85803 0.512191 -0.452791 -0.214317 0.865476 101.065 0 1
-7.94615 -4.30515 0.519294 -0.439186 -0.240489 0.86561 101.161 0 1
-7.67972 -4.76429 0.517052 -0.42412 -0.266063 0.86564 101.253 0 1
-7.39599 -5.19167 0.518652 -0.407457 -0.29094 0.86564 101.353 0 1
-7.07566 -5.64472 0.514765 -0.389116 -0.314911 0.865691 101.452 0 1
-6.71282 -6.05812 0.52436 -0.369105 -0.337745 0.865846 101.56 0 1
-6.30328 -6.49116 0.521033 -0.347526 -0.359258 0.866118 101.667 0 1
-5.86945 -6.88685 0.519841 -0.324561 -0.379342 0.866464 101.76 0 1
-5.47298 -7.21538 0.513196 -0.300441 -0.397949 0.866817 101.849 0 1
-5.0592 -7.49679 0.516775 -0.275389 -0.415064 0.867112 101.945 0 1
-4.61139 -7.78095 0.513948 -0.249555 -0.430683 0.867315 102.053 0 1
-4.07948 -8.06673 0.515907 -0.222997 -0.444801 0.867424 102.153 0 1
-3.56852 -8.29851 0.514604 -0.195706 -0.457403 0.867457 102.253 0 1
-3.04837 -8.49626 0.513192 -0.167662 -0.468462 0.867429 102.35 0 1
-2.53052 -8.66355 0.514826 -0.138886 -0.477924 0.867352 102.47 0 1
-1.89044 -8.84831 0.50942 -0.10946 -0.485718 0.867235 102.563 0 1
-1.37349 -8.95538 0.508929 -0.079508 -0.491769 0.867088 102.656 0 1
-0.852394 -9.01028 0.516994 -0.0491678 -0.496015 0.866921 102.747 0 1
-0.346124 -9.03199 0.520074 -0.0185604 -0.498416 0.86674 102.859 0 1
0.269656 -9.02789 0.519899 0.0122264 -0.49895 0.866544 102.955 0 1
0.799863 -9.00021 0.518399 0.0431238 -0.497612 0.866327 103.053 0 1
1.3406 -8.93979 0.518464 0.0740381 -0.494404 0.866073 103.145 0 1
1.84097 -8.8399 0.524641 0.104806 -0.489336 0.865775 103.254 0 1
2.42868 -8.72387 0.509514 0.135181 -0.482428 0.865442 103.354 0 1
2.95949 -8.54522 0.519325 0.164874 -0.4737 0.865115 103.448 0 1
3.44668 -8.3494 0.525903 0.193622 -0.463182 0.864854 103.551 0 1
3.95932 -8.11846 0.523973 0.221253 -0.450916 0.864709 103.66 0 1
4.48396 -7.83912 0.520319 0.247719 -0.436959 0.864698 103.751 0 1
4.91123 -7.5768 0.515301 0.27306 -0.421378 0.8648 103.846 0 1
5.3419 -7.26395 0.522037 0.297357 -0.40425 0.864963 103.939 0 1
5.75107 -6.95707 0.517422 0.320671 -0.38566 0.865122 104.031 0 1
6.13535 -6.61932 0.519009 0.343027 -0.365704 0.865213 104.131 0 1
6.54377 -6.24392 0.509811 0.364405 -0.344482 0.865183 104.244 0 1
6.9685 -5.77116 0.512171 0.384753 -0.322086 0.865001 104.343 0 1
7.31002 -5.33585 0.512951 0.403981 -0.298578 0.864668 104.432 0 1
7.59165 -4.92072 0.514914 0.421967 -0.27398 0.864222 104.539 0 1
7.89314 -4.4078 0.519524 0.438559 -0.248281 0.863726 104.638 0 1
8.13616 -3.91367 0.528126 0.453586 -0.221459 0.863259 104.741 0 1
8.37635 -3.40729 0.52338 0.466862 -0.193518 0.862896 104.845 0 1
8.56894 -2.87262 0.528607 0.478207 -0.164521 0.8627 104.937 0 1
8.73093 -2.39914 0.521813 0.487461 -0.134618 0.862705 105.036 0 1
8.87153 -1.87459 0.519123 0.494521 -0.104038 0.862917 105.139 0 1
8.96509 -1.31161 0.522406 0.499367 -0.0730608 0.863304 105.231 0 1
9.02872 -0.807105 0.519418 0.502084 -0.0419634 0.8638 105.333 0 1
9.05255 -0.2455 0.521176 0.502836 -0.0109783 0.864312 105.443 0 1
9.04449 0.361651 0.518483 0.501802 0.0197424 0.864757 105.541 0 1
8.9964 0.906263 0.519523 0.499097 0.050126 0.865095 105.638 0 1
8.9325 1.43831 0.515214 0.494728 0.080145 0.865344 105.742 0 1
8.82629 2.00619 0.511569 0.488615 0.10977 0.865567 105.832 0 1
8.69655 2.49254 0.512617 0.480662 0.138936 0.865829 105.935 0 1
8.51512 3.04396 0.517708 0.470822 0.167541 0.866173 106.035 0 1
8.33315 3.56835 0.510888 0.459132 0.195458 0.866599 106.14 0 1
8.08005 4.10064 0.518086 0.445692 0.222569 0.867076 106.241 0 1
7.81988 4.59449 0.511921 0.430633 0.248786 0.86756 106.33 0 1
7.54775 5.0133 0.515308 0.414078 0.274047 0.868008 106.424 0 1
7.23566 5.43973 0.518906 0.396139 0.298292 0.868387 106.521 0 1
6.89709 5.85544 0.520673 0.376925 0.321446 0.868677 106.615 0 1
6.55833 6.24645 0.514229 0.356558 0.343425 0.868865 106.721 0 1
6.13263 6.65816 0.517814 0.335165 0.364149 0.868942 106.815 0 1
5.73997 7.00119 0.518323 0.312864 0.383562 0.868905 106.906 0 1
5.34253 7.31768 0.512383 0.289734 0.401623 0.868765 106.999 0 1
4.90982 7.60284 0.513464 0.265804 0.41831 0.868542 107.091 0 1
4.46175 7.85736 0.516745 0.241065 0.433621 0.868251 107.186 0 1
3.98862 8.09769 0.520945 0.215507 0.447572 0.867892 107.29 0 1
3.47088 8.33488 0.520508 0.189144 0.46019 0.867439 107.398 0 1
2.91054 8.54844 0.52069 0.162023 0.471481 0.866865 107.495 0 1
2.40361 8.71234 0.519676 0.134212 0.481387 0.866172 107.59 0 1
1.8887 8.82659 0.529644 0.105795 0.489771 0.865408 107.693 0 1
1.3424 8.95022 0.516244 0.0768788 0.496433 0.864664 107.785 0 1
0.8332 8.98569 0.531514 0.0476 0.501165 0.864041 107.879 0 1
0.328302 9.02434 0.52865 0.0181072 0.503812 0.863624 107.976 0 1
-0.200822 9.03999 0.523572 -0.0114762 0.504303 0.86345 108.072 0 1
-0.723052 9.008 0.527352 -0.0410744 0.502654 0.863511 108.177 0 1
-1.29455 8.94859 0.524378 -0.0706478 0.498935 0.863755 108.274 0 1
-1.81823 8.85776 0.522107 -0.100153 0.493245 0.864106 108.367 0 1
-2.31918 8.74667 0.517841 -0.129505 0.485685 0.864487 108.468 0 1
-2.85572 8.58074 0.522716 -0.158567 0.476347 0.864841 108.566 0 1
-3.36585 8.40719 0.518864 -0.18716 0.465308 0.865136 108.675 0 1
-3.91774 8.17228 0.51632 -0.215086 0.45263 0.86537 108.778 0 1
-4.42723 7.90551 0.519564 -0.242147 0.438367 0.865563 108.87 0 1
-4.86219 7.64169 0.519664 -0.268159 0.422572 0.86575 108.969 0 1
-5.3099 7.32692 0.52625 -0.292974 0.405305 0.865965 109.077 0 1
-5.78439 6.97877 0.515463 -0.316478 0.38666 0.866219 109.17 0 1
-6.16855 6.62807 0.523008 -0.338582 0.366802 0.866498 109.261 0 1
-6.52489 6.27557 0.523879 -0.359191 0.345998 0.866757 109.358 0 1
-6.87967 5.87973 0.523033 -0.378202 0.324618 0.866941 109.451 0 1
-7.2 5.48575 0.520435 -0.395544 0.303072 0.867002 109.546 0 1
-7.50521 5.06044 0.519525 -0.411233 0.281705 0.866908 109.637 0 1
-7.76906 4.63151 0.519858 -0.425424 0.260706 0.86663 109.731 0 1
-8.0157 4.16939 0.521707 -0.438412 0.240071 0.866118 109.824 0 1
-8.2328 3.70902 0.521759 -0.450586 0.219638 0.865293 109.835 0 1
-8.25517 3.6519 0.523193 -0.462364 0.199169 0.864024 109.835 0 1
