-0.417713 0.0572899 4.3978 -0.0212564 -0.00803839 0.999728 0 1 1
0.0124067 0.434962 4.39884 -0.0213976 -0.00872837 0.999733 0.314564 0 1
0.389051 0.146324 4.39823 -0.0222278 -0.00782364 0.999722 0.481919 0 1
0.17083 -0.358359 4.39553 -0.0231765 -0.00468426 0.99972 0.649649 0 1
-0.364169 -0.200449 4.39423 -0.0231318 0.000743389 0.999732 0.700476 0 1
-0.413054 -0.0359735 4.39666 -0.0209329 0.00775047 0.999751 0.913708 0 1
-1.10575 -0.202646 4.36315 -0.0159278 0.0149298 0.999762 1.08277 0 1
-1.07277 0.356968 4.36943 -0.00836739 0.0205057 0.999755 1.26503 0 1
-0.738161 0.849764 4.3665 0.000544214 0.0228488 0.999739 1.41475 0 1
-0.30283 1.09294 4.36078 0.00896708 0.0209963 0.999739 1.58587 0 1
0.287199 1.09406 4.35849 0.0149556 0.0149533 0.999776 1.75998 0 1
0.80541 0.798014 4.34954 0.0169676 0.00562101 0.99984 1.9442 0 1
1.09482 0.248972 4.34879 0.0142004 -0.00562565 0.999883 2.14498 0 1
1.03829 -0.430657 4.35692 0.00673558 -0.0174962 0.999824 2.32359 0 1
0.662268 -0.90153 4.35575 -0.00446323 -0.029196 0.999564 2.49972 0 1
0.108949 -1.09963 4.34767 -0.0176832 -0.0405116 0.999023 2.69047 0 1
-0.537781 -0.979325 4.34489 -0.0307341 -0.0515884 0.998195 2.85785 0 1
-0.973771 -0.56741 4.35381 -0.0413355 -0.0625691 0.997184 2.94815 0 1
-1.08916 -0.282518 4.36143 -0.0475328 -0.0732771 0.996178 3.16005 0 1
-1.76244 -0.481054 4.28695 -0.0480393 -0.0830583 0.995386 3.32548 0 1
-1.5378 -0.983685 4.27436 -0.0424289 -0.0908173 0.994963 3.47795 0 1
-1.19693 -1.37373 4.26846 -0.0311663 -0.0952339 0.994967 3.67395 0 1
-0.619374 -1.7166 4.2646 -0.0154895 -0.0950993 0.995347 3.84287 0 1
-0.0436756 -1.81621 4.27007 0.00281557 -0.0896616 0.995968 4.00565 0 1
0.502081 -1.73792 4.27947 0.0216879 -0.0788602 0.99665 4.16136 0 1
0.981682 -1.53324 4.28437 0.0390447 -0.0633683 0.997226 4.32569 0 1
1.39843 -1.17121 4.29294 0.0529848 -0.0444376 0.997606 4.51837 0 1
1.72583 -0.619901 4.28811 0.0619525 -0.0236179 0.9978 4.68459 0 1
1.8234 -0.0612954 4.27947 0.0648877 -0.0024799 0.997889 4.85327 0 1
1.74831 0.528126 4.2734 0.0613476 0.0175405 0.997962 5.02939 0 1
1.4864 1.06895 4.2717 0.0515581 0.0351479 0.998051 5.18764 0 1
1.12504 1.45487 4.27767 0.0363633 0.0491303 0.99813 5.34914 0 1
0.652376 1.70974 4.29112 0.0170722 0.0583795 0.998148 5.49987 0 1
0.166026 1.83443 4.30023 -0.00476317 0.0620504 0.998062 5.65388 0 1
-0.345687 1.80736 4.29719 -0.0275675 0.059767 0.997832 5.82634 0 1
-0.888938 1.5979 4.28893 -0.049879 0.0517254 0.997415 6.00428 0 1
-1.35836 1.23605 4.29123 -0.0703846 0.0386198 0.996772 6.16326 0 1
-1.6557 0.806821 4.2952 -0.0879068 0.021453 0.995898 6.32937 0 1
-1.81733 0.277595 4.29452 -0.101409 0.00134599 0.994844 6.5151 0 1
-1.79943 -0.35005 4.28957 -0.110037 -0.0205836 0.993714 6.5242 0 1
-1.79266 -0.379539 4.28911 -0.113177 -0.0432701 0.992632 6.73477 0 1
-2.45196 -0.582622 4.17183 -0.1105 -0.0657035 0.991702 6.9129 0 1
-2.23969 -1.1601 4.1615 -0.101989 -0.0869099 0.990982 7.07067 0 1
-1.93593 -1.6183 4.1539 -0.0879239 -0.105919 0.99048 7.23954 0 1
-1.50751 -2.00959 4.14992 -0.068848 -0.121733 0.990172 7.39505 0 1
-1.04554 -2.28627 4.14914 -0.0455452 -0.133332 0.990024 7.55087 0 1
-0.532054 -2.46602 4.15205 -0.0190397 -0.139749 0.990004 7.72421 0 1
0.0517944 -2.51708 4.1569 0.00940041 -0.140211 0.990077 7.90011 0 1
0.635897 -2.42612 4.16093 0.0382916 -0.134316 0.990198 8.05541 0 1
1.12876 -2.25179 4.16662 0.0660276 -0.122157 0.990312 8.20519 0 1
1.56201 -1.98204 4.17615 0.0910362 -0.104356 0.990365 8.37135 0 1
1.9767 -1.57351 4.18213 0.111964 -0.08198 0.990325 8.54368 0 1
2.27898 -1.08079 4.18216 0.127813 -0.056387 0.990194 8.70817 0 1
2.47075 -0.573956 4.1742 0.137954 -0.0290359 0.990013 8.86948 0 1
2.52929 -0.041456 4.16967 0.142031 -0.00132871 0.989861 9.02604 0 1
2.48293 0.484227 4.1655 0.139848 0.0254945 0.989845 9.1811 0 1
2.33122 0.981202 4.16288 0.131345 0.0503997 0.990055 9.33332 0 1
2.09004 1.43237 4.16392 0.116697 0.072552 0.990514 9.49062 0 1
1.74287 1.84484 4.16925 0.0964347 0.0912763 0.991145 9.63998 0 1
1.33945 2.15361 4.18074 0.071503 0.105999 0.991792 9.79782 0 1
0.872331 2.37822 4.19913 0.043191 0.116189 0.992288 9.97616 0 1
0.321077 2.51078 4.21272 0.0129819 0.121342 0.992526 10.15 0 1
-0.229494 2.53518 4.20631 -0.0176324 0.12105 0.99249 10.3133 0 1
-0.736978 2.42825 4.19441 -0.0473268 0.115152 0.99222 10.4893 0 1
-1.25732 2.18273 4.18471 -0.0750593 0.103872 0.991754 10.6575 0 1
-1.71397 1.86157 4.18002 -0.100085 0.087841 0.991094 10.8445 0 1
-2.12118 1.40145 4.18077 -0.121866 0.0679832 0.990216 10.9976 0 1
-2.36332 0.957145 4.18223 -0.13994 0.0453097 0.989123 11.1555 0 1
-2.4895 0.437358 4.18429 -0.153833 0.0207416 0.987879 11.305 0 1
-2.52979 -0.068433 4.17778 -0.16306 -0.00497208 0.986604 11.4301 0 1
-2.47723 -0.4909 4.17261 -0.167192 -0.0312277 0.98543 11.6345 0 1
-3.16379 -0.577552 4.03056 -0.16595 -0.0574702 0.984458 11.7822 0 1
-3.02965 -1.07069 4.02641 -0.159262 -0.0830938 0.983733 11.9241 0 1
-2.83355 -1.53943 4.01956 -0.147285 -0.107396 0.983246 12.0828 0 1
-2.52373 -2.00331 4.01679 -0.130391 -0.129605 0.982955 12.2584 0 1
-2.09966 -2.43258 4.01297 -0.109129 -0.148956 0.982804 12.4382 0 1
-1.58016 -2.78095 4.01248 -0.0841573 -0.164753 0.982738 12.6018 0 1
-1.04522 -3.03899 4.00711 -0.056181 -0.176399 0.982714 12.7586 0 1
-0.511726 -3.17193 4.01195 -0.0259327 -0.183386 0.982699 12.941 0 1
0.109874 -3.20356 4.01652 0.00579815 -0.185293 0.982666 13.1019 0 1
0.659166 -3.14058 4.0175 0.0381198 -0.1818 0.982596 13.2515 0 1
1.15697 -2.99285 4.01887 0.0700214 -0.17275 0.982474 13.406 0 1
1.63163 -2.76843 4.0222 0.100402 -0.158223 0.982286 13.5892 0 1
2.13711 -2.4054 4.0279 0.128139 -0.138597 0.982024 13.7365 0 1
2.48173 -2.04024 4.03201 0.152175 -0.114534 0.981695 13.9004 0 1
2.79531 -1.58703 4.02797 0.171625 -0.0869003 0.981322 14.0731 0 1
3.04669 -1.06166 4.0213 0.185859 -0.0566499 0.980942 14.2342 0 1
3.178 -0.537066 4.01999 0.194514 -0.0247116 0.980588 14.4186 0 1
3.21908 0.0765398 4.01266 0.197424 0.00808428 0.980285 14.5869 0 1
3.14899 0.648651 4.00882 0.194485 0.0409963 0.980048 14.7402 0 1
3.00488 1.15478 4.01245 0.185588 0.0732731 0.979892 14.9232 0 1
2.73519 1.71781 4.01685 0.170658 0.104023 0.979824 15.0784 0 1
2.41022 2.14278 4.01904 0.149816 0.132153 0.979842 15.2292 0 1
2.02478 2.51692 4.02393 0.123545 0.156438 0.97993 15.3856 0 1
1.57645 2.81009 4.03814 0.0927643 0.175707 0.980062 15.5598 0 1
1.05152 3.04937 4.0527 0.0587481 0.189048 0.980209 15.7701 0 1
0.391186 3.21011 4.06204 0.0229528 0.195936 0.980348 15.9454 0 1
-0.175564 3.23162 4.0554 -0.0131633 0.196247 0.980466 16.1444 0 1
-0.807816 3.13418 4.04918 -0.0482606 0.190166 0.980565 16.3114 0 1
-1.31845 2.93854 4.0463 -0.0811999 0.178123 0.980652 16.4751 0 1
-1.80717 2.66918 4.03855 -0.11114 0.160768 0.980715 16.6366 0 1
-2.23185 2.31633 4.03505 -0.137629 0.138976 0.980685 16.8233 0 1
-2.66347 1.85031 4.02895 -0.1606 0.113779 0.98044 16.9702 0 1
-2.92288 1.41648 4.02904 -0.180199 0.0862059 0.979845 17.1207 0 1
-3.10179 0.932289 4.03543 -0.19654 0.0571267 0.97883 17.3106 0 1
-3.20346 0.302596 4.0383 -0.209509 0.0271627 0.977429 17.4743 0 1
-3.20964 -0.248239 4.03308 -0.218729 -0.00327721 0.97578 17.5381 0 1
-3.1855 -0.463739 4.03074 -0.223674 -0.0338817 0.974075 17.745 0 1
-3.86647 -0.566616 3.85259 -0.223836 -0.0643119 0.972503 17.9179 0 1
-3.7239 -1.13518 3.85363 -0.218886 -0.0941174 0.971201 18.0811 0 1
-3.54191 -1.66203 3.84133 -0.208769 -0.122708 0.970236 18.2503 0 1
-3.24799 -2.16104 3.845 -0.193709 -0.149371 0.969621 18.4255 0 1
-2.87813 -2.63537 3.84196 -0.174135 -0.173333 0.969347 18.5894 0 1
-2.46762 -3.01108 3.83928 -0.150591 -0.193855 0.969403 18.7385 0 1
-2.05275 -3.30401 3.84037 -0.123656 -0.210365 0.969771 18.9247 0 1
-1.4828 -3.60021 3.83317 -0.0939174 -0.222535 0.970391 19.0926 0 1
-0.933404 -3.79472 3.8278 -0.0619596 -0.230288 0.971148 19.2568 0 1
-0.382458 -3.88112 3.83591 -0.0283811 -0.233703 0.971894 19.4341 0 1
0.210213 -3.88981 3.84493 0.00618136 -0.232897 0.972482 19.5942 0 1
0.741709 -3.8231 3.85423 0.0410295 -0.227942 0.97281 19.7621 0 1
1.28538 -3.67929 3.85548 0.0753971 -0.218835 0.972845 19.9161 0 1
1.75611 -3.48027 3.85111 0.10846 -0.205549 0.972618 20.0903 0 1
2.26527 -3.18014 3.85065 0.139358 -0.188135 0.972206 20.2415 0 1
2.66811 -2.8464 3.85338 0.167241 -0.166822 0.9717 20.4096 0 1
3.05675 -2.42585 3.84917 0.191347 -0.142047 0.97119 20.5914 0 1
3.39931 -1.91308 3.84526 0.211089 -0.114381 0.970751 20.7359 0 1
3.62126 -1.46355 3.84429 0.226114 -0.0844246 0.970435 20.8878 0 1
3.79331 -0.964405 3.8406 0.236298 -0.0527289 0.970249 21.0639 0 1
3.89078 -0.375216 3.83213 0.2417 -0.0197936 0.970149 21.221 0 1
3.90467 0.164971 3.82547 0.242491 0.0138991 0.970054 21.3643 0 1
3.85751 0.676516 3.8235 0.238884 0.0478389 0.969869 21.5323 0 1
3.69999 1.25986 3.8339 0.231056 0.0814535 0.969525 21.6996 0 1
3.48167 1.79069 3.8384 0.219082 0.114091 0.969013 21.8627 0 1
3.19333 2.26054 3.83741 0.202928 0.145023 0.968395 22.0083 0 1
2.87686 2.65079 3.83628 0.182543 0.173477 0.967773 22.1907 0 1
2.42335 3.07949 3.83887 0.158 0.198677 0.967245 22.3411 0 1
1.99014 3.351 3.84778 0.129617 0.219906 0.966872 22.5034 0 1
1.50595 3.58716 3.8548 0.0980004 0.236552 0.966664 22.676 0 1
0.969463 3.78214 3.86028 0.0639891 0.248155 0.966605 22.8431 0 1
0.416978 3.88596 3.86578 0.0285516 0.254441 0.966667 23.0053 0 1
-0.130774 3.91547 3.85921 -0.00733806 0.255329 0.966826 23.1669 0 1
-0.65872 3.86554 3.85448 -0.0428062 0.250921 0.967061 23.3306 0 1
-1.17577 3.73594 3.85514 -0.0771381 0.241464 0.967339 23.4937 0 1
-1.67233 3.53215 3.85812 -0.10977 0.227313 0.967615 23.6729 0 1
-2.18633 3.23013 3.85942 -0.140228 0.208912 0.967828 23.8235 0 1
-2.59309 2.92384 3.85369 -0.168078 0.18681 0.967911 23.9722 0 1
-2.94183 2.56219 3.85383 -0.192947 0.1617 0.967794 24.1453 0 1
-3.31229 2.10202 3.84833 -0.214599 0.134413 0.967409 24.3102 0 1
-3.58206 1.60481 3.84481 -0.232993 0.10581 0.966705 24.4782 0 1
-3.78119 1.06288 3.84596 -0.248234 0.0766012 0.965667 24.6342 0 1
-3.86406 0.52951 3.85362 -0.260458 0.0471989 0.964331 24.7767 0 1
-3.90439 0.0298399 3.85387 -0.269717 0.017706 0.962777 24.9263 0 1
-3.8778 -0.487968 3.85276 -0.275906 -0.0119507 0.96111 24.938 0 1
-3.87398 -0.527321 3.85239 -0.278771 -0.0418281 0.959446 25.1439 0 1
-4.53053 -0.640202 3.64289 -0.277954 -0.0718298 0.957905 25.3072 0 1
-4.42159 -1.18912 3.63697 -0.273087 -0.101676 0.956601 25.463 0 1
-4.26483 -1.6973 3.62895 -0.2639 -0.130957 0.955619 25.6472 0 1
-3.9846 -2.25452 3.62494 -0.250313 -0.159205 0.954986 25.819 0 1
-3.64867 -2.74516 3.62516 -0.232485 -0.185955 0.954658 25.9619 0 1
-3.32531 -3.1353 3.62308 -0.210809 -0.210762 0.954536 26.125 0 1
-2.9079 -3.50869 3.62692 -0.185844 -0.233183 0.954509 26.2951 0 1
-2.44342 -3.85064 3.63015 -0.158192 -0.252737 0.954515 26.4633 0 1
-1.93815 -4.12556 3.62891 -0.128365 -0.268901 0.954576 26.6184 0 1
-1.44812 -4.34982 3.61499 -0.0966957 -0.281167 0.954775 26.7841 0 1
-0.893862 -4.49555 3.61965 -0.0633727 -0.28914 0.955187 26.9466 0 1
-0.337566 -4.56286 3.62533 -0.0285665 -0.292616 0.955803 27.1256 0 1
0.270042 -4.5695 3.62959 0.00741355 -0.291586 0.956516 27.2779 0 1
0.772271 -4.50512 3.64489 0.0440265 -0.286209 0.957155 27.4302 0 1
1.2642 -4.39548 3.65997 0.080515 -0.276742 0.957565 27.6006 0 1
1.78683 -4.20059 3.66545 0.116006 -0.263484 0.957663 27.7686 0 1
2.28995 -3.97194 3.6504 0.149625 -0.246729 0.957464 27.9645 0 1
2.83632 -3.58238 3.64927 0.18056 -0.226763 0.957067 28.1131 0 1
3.23827 -3.23881 3.64389 0.208079 -0.203885 0.956626 28.2666 0 1
3.59021 -2.84543 3.63647 0.231543 -0.178436 0.95632 28.4153 0 1
3.87741 -2.42823 3.63219 0.250459 -0.150787 0.956312 28.5652 0 1
4.12442 -1.9754 3.63242 0.264552 -0.121292 0.956713 28.7335 0 1
4.35201 -1.44819 3.62549 0.273822 -0.0902314 0.957538 28.8853 0 1
4.48353 -0.950519 3.62369 0.278536 -0.0578244 0.958684 29.056 0 1
4.56934 -0.384007 3.62006 0.279152 -0.0242854 0.95994 29.2577 0 1
4.57358 0.300846 3.62632 0.276198 0.0100892 0.961048 29.4132 0 1
4.50916 0.840137 3.63306 0.270139 0.0448775 0.961775 29.5743 0 1
4.37613 1.38871 3.64139 0.261289 0.0795488 0.961977 29.7355 0 1
4.17979 1.90066 3.64512 0.2498 0.11352 0.96162 29.8869 0 1
3.94391 2.3586 3.63947 0.235687 0.146208 0.960768 30.0344 0 1
3.65436 2.77595 3.63399 0.218871 0.177051 0.959556 30.1973 0 1
3.28397 3.19443 3.62852 0.199206 0.205509 0.958166 30.3649 0 1
2.8724 3.58806 3.62225 0.176531 0.231073 0.956788 30.5224 0 1
2.42058 3.8827 3.63095 0.150758 0.253274 0.955576 30.6685 0 1
1.97179 4.10537 3.63584 0.121962 0.27171 0.95462 30.8275 0 1
1.47606 4.32735 3.63116 0.090442 0.286044 0.953939 30.992 0 1
0.947582 4.48262 3.63371 0.0567128 0.296001 0.953502 31.1685 0 1
0.364028 4.56873 3.64036 0.0214503 0.301373 0.953265 31.3337 0 1
-0.177592 4.58903 3.63884 -0.0145971 0.302049 0.953181 31.5045 0 1
-0.736022 4.54442 3.63085 -0.0506829 0.298039 0.953207 31.6556 0 1
-1.2249 4.42281 3.63197 -0.0860994 0.289472 0.953306 31.8525 0 1
-1.84803 4.19643 3.63546 -0.120193 0.276564 0.95345 32.0315 0 1
-2.3698 3.91528 3.64136 -0.152377 0.259589 0.953622 32.1864 0 1
-2.79643 3.62784 3.64163 -0.182158 0.238896 0.953807 32.3368 0 1
-3.18554 3.2932 3.63902 -0.209155 0.214946 0.953966 32.5077 0 1
-3.59169 2.85311 3.63878 -0.233166 0.188389 0.954014 32.6676 0 1
-3.91147 2.40927 3.63742 -0.254212 0.160172 0.953793 32.8162 0 1
-4.16567 1.97117 3.62935 -0.272547 0.131641 0.953094 32.9766 0 1
-4.3696 1.45258 3.63541 -0.288556 0.104551 0.951738 33.1219 0 1
-4.48603 0.962927 3.63755 -0.302606 0.080897 0.949676 33.2718 0 1
-4.55829 0.443416 3.63622 -0.314912 0.0626189 0.947053 33.4261 0 1
-4.58987 -0.0986668 3.63606 -0.325461 0.051253 0.944165 33.5449 0 1
-4.55171 -0.510114 3.64201 -0.334019 0.047669 0.94136 33.7529 0 1
-5.21397 -0.618648 3.398 -0.340171 0.051962 0.938927 33.9028 0 1
-5.24945 -0.0995518 3.39406 -0.343386 0.0635201 0.937044 34.0827 0 1
-5.21431 0.516423 3.39293 -0.343097 0.081222 0.935782 34.2509 0 1
-5.12323 1.0941 3.39133 -0.338793 0.103674 0.935131 34.4128 0 1
-4.99277 1.64377 3.38822 -0.330137 0.129412 0.93502 34.5613 0 1
-4.81183 2.13619 3.38075 -0.317046 0.157038 0.935318 34.7283 0 1
-4.52661 2.68044 3.38015 -0.29972 0.185313 0.935856 34.8875 0 1
-4.21525 3.14743 3.38531 -0.278567 0.213212 0.936451 35.0471 0 1
-3.85568 3.56582 3.39434 -0.254078 0.239933 0.936951 35.2292 0 1
-3.39828 4.00293 3.39637 -0.226697 0.264843 0.937266 35.3872 0 1
-2.95123 4.32944 3.39623 -0.196774 0.287388 0.937384 35.5527 0 1
-2.47262 4.62191 3.39141 -0.164604 0.307038 0.937354 35.7176 0 1
-1.97543 4.861 3.38739 -0.130515 0.323293 0.937255 35.8773 0 1
-1.46911 5.04832 3.38479 -0.0949204 0.335733 0.937162 36.0262 0 1
-0.965919 5.17382 3.38385 -0.0583381 0.344061 0.937133 36.2008 0 1
-0.367636 5.24047 3.38555 -0.0213491 0.348119 0.937207 36.3953 0 1
0.279214 5.23417 3.38408 0.015451 0.347891 0.937408 36.5788 0 1
0.884136 5.16744 3.3828 0.0515091 0.343498 0.93774 36.743 0 1
1.42635 5.042 3.38269 0.0863683 0.335164 0.938193 36.8988 0 1
1.9216 4.86578 3.38469 0.119699 0.323155 0.938746 37.0496 0 1
2.38443 4.64392 3.39306 0.151296 0.307678 0.939385 37.2056 0 1
2.8686 4.39729 3.38665 0.181044 0.288834 0.940105 37.3692 0 1
3.34368 4.05545 3.38398 0.208868 0.266631 0.940894 37.5269 0 1
3.74764 3.68888 3.38873 0.234668 0.241093 0.941703 37.6885 0 1
4.11664 3.28039 3.39577 0.258259 0.212393 0.942439 37.8513 0 1
4.44641 2.8292 3.40564 0.279351 0.180933 0.942988 37.9998 0 1
4.69445 2.36904 3.42313 0.297583 0.147324 0.94326 38.1466 0 1
4.91024 1.91404 3.42086 0.312587 0.112267 0.943231 38.3254 0 1
5.08415 1.33105 3.42221 0.324051 0.0763909 0.94295 38.4846 0 1
5.19479 0.796185 3.40994 0.331755 0.0401406 0.942511 38.6497 0 1
5.23924 0.20987 3.39674 0.335565 0.00377401 0.942009 38.8098 0 1
5.23772 -0.345351 3.38472 0.335416 -0.0325491 0.941508 39.0042 0 1
5.15099 -1.00805 3.38012 0.331269 -0.0686538 0.941035 39.1559 0 1
5.02893 -1.51474 3.38039 0.323059 -0.104289 0.940615 39.323 0 1
4.82621 -2.04642 3.38816 0.310655 -0.139127 0.940286 39.5017 0 1
4.55513 -2.58766 3.39037 0.293886 -0.172776 0.940095 39.6973 0 1
4.18586 -3.1587 3.38747 0.27266 -0.204762 0.940069 39.8852 0 1
3.74437 -3.66 3.39458 0.24713 -0.234514 0.940176 40.0789 0 1
3.24117 -4.11258 3.39888 0.217789 -0.261408 0.940337 40.2232 0 1
2.83783 -4.40811 3.40961 0.185415 -0.284861 0.940465 40.4089 0 1
2.28776 -4.71893 3.42512 0.150905 -0.304436 0.940503 40.5702 0 1
1.79622 -4.92048 3.42571 0.115088 -0.3199 0.940435 40.7564 0 1
1.19886 -5.09467 3.41169 0.0786114 -0.331216 0.940274 40.902 0 1
0.708627 -5.19494 3.3938 0.0419133 -0.338485 0.940038 41.0655 0 1
0.15212 -5.24253 3.38172 0.0052783 -0.341845 0.939742 41.2158 0 1
-0.36087 -5.23049 3.38175 -0.031066 -0.341398 0.939405 41.382 0 1
-0.930675 -5.16645 3.37929 -0.0668515 -0.337191 0.93906 41.539 0 1
-1.47461 -5.0408 3.37375 -0.101717 -0.329261 0.938744 41.6925 0 1
-1.98324 -4.85422 3.3743 -0.13523 -0.317697 0.9385 41.8426 0 1
-2.46256 -4.60692 3.38283 -0.16697 -0.302653 0.938362 41.9983 0 1
-2.95046 -4.31827 3.37791 -0.196643 -0.284337 0.938341 42.1836 0 1
-3.46148 -3.91472 3.37985 -0.224161 -0.263017 0.938389 42.3429 0 1
-3.85632 -3.53086 3.37831 -0.249642 -0.239064 0.938364 42.4977 0 1
-4.20098 -3.11223 3.37857 -0.273304 -0.212973 0.938055 42.6417 0 1
-4.49362 -2.70592 3.37675 -0.295303 -0.185312 0.93726 42.7986 0 1
-4.76696 -2.24033 3.38084 -0.315597 -0.156613 0.93588 42.9775 0 1
-4.97955 -1.67916 3.39439 -0.333926 -0.127249 0.933971 43.1385 0 1
-5.11763 -1.15436 3.40045 -0.349894 -0.0973704 0.931715 43.2586 0 1
-5.19708 -0.742261 3.39877 -0.363111 -0.066938 0.929338 43.4612 0 1
-5.84256 -0.841134 3.12421 -0.373277 -0.035838 0.927027 43.6117 0 1
-5.89389 -0.319068 3.11687 -0.38021 -0.0040315 0.924891 43.7598 0 1
-5.89664 0.195207 3.11366 -0.383807 0.0283529 0.922978 43.9155 0 1
-5.84461 0.741353 3.11712 -0.383991 0.061031 0.921318 44.0712 0 1
-5.76026 1.29618 3.11099 -0.380672 0.0936466 0.919956 44.212 0 1
-5.64237 1.7868 3.10631 -0.373748 0.125859 0.918952 44.3642 0 1
-5.46359 2.29114 3.09478 -0.363134 0.157387 0.918348 44.5144 0 1
-5.22225 2.77099 3.09446 -0.34882 0.188006 0.918138 44.6628 0 1
-4.94823 3.22962 3.09734 -0.330908 0.21752 0.918251 44.8186 0 1
-4.61677 3.67994 3.10634 -0.309614 0.245715 0.918566 44.9608 0 1
-4.27821 4.05246 3.12019 -0.285248 0.272328 0.918951 45.1302 0 1
-3.85929 4.4644 3.12104 -0.258177 0.297032 0.919302 45.2799 0 1
-3.45081 4.78506 3.1218 -0.228796 0.319444 0.919569 45.4236 0 1
-3.01995 5.05156 3.12482 -0.197488 0.339165 0.919764 45.5896 0 1
-2.51986 5.33142 3.11522 -0.164591 0.355829 0.919943 45.7455 0 1
-2.03012 5.5474 3.10733 -0.130386 0.369174 0.920168 45.9291 0 1
-1.42338 5.74085 3.101 -0.0951405 0.379078 0.920461 46.081 0 1
-0.897169 5.83633 3.10433 -0.0591598 0.385544 0.920791 46.2521 0 1
-0.307579 5.89257 3.10315 -0.0228283 0.388637 0.921108 46.401 0 1
0.196996 5.89144 3.1056 0.0134085 0.38841 0.921389 46.5809 0 1
0.804387 5.84027 3.10968 0.0491054 0.384867 0.921665 46.7361 0 1
1.33161 5.73358 3.11509 0.083902 0.377983 0.922003 46.8929 0 1
1.86175 5.58109 3.11319 0.117602 0.367751 0.922458 47.0578 0 1
2.38834 5.37159 3.11484 0.150212 0.354209 0.923023 47.2155 0 1
2.87413 5.13449 3.11667 0.1819 0.337429 0.923609 47.3818 0 1
3.37385 4.83938 3.11612 0.212839 0.317486 0.924068 47.5421 0 1
3.82636 4.52078 3.11766 0.243019 0.294446 0.924253 47.6982 0 1
4.21882 4.15772 3.12463 0.272101 0.268399 0.924079 47.8721 0 1
4.60151 3.71252 3.13481 0.299432 0.239516 0.923565 48.0456 0 1
4.95474 3.23786 3.13781 0.324197 0.20811 0.922814 48.2163 0 1
5.23448 2.73619 3.14688 0.345625 0.174652 0.921976 48.4117 0 1
5.50888 2.12931 3.14485 0.363155 0.139703 0.921196 48.5824 0 1
5.68799 1.57755 3.13843 0.376496 0.103802 0.920585 48.7371 0 1
5.80186 1.04521 3.13699 0.385611 0.0673728 0.920198 48.8829 0 1
5.87193 0.517803 3.13054 0.390641 0.0307009 0.920031 49.0423 0 1
5.8939 -0.0506534 3.1206 0.39181 -0.00600625 0.920026 49.1883 0 1
5.87869 -0.564736 3.10757 0.389356 -0.0425316 0.920105 49.3315 0 1
5.80865 -1.06987 3.10628 0.383502 -0.0785811 0.920191 49.5034 0 1
5.66075 -1.67993 3.11101 0.374455 -0.113779 0.920238 49.6527 0 1
5.48036 -2.16843 3.11409 0.362384 -0.147747 0.920244 49.8544 0 1
5.17931 -2.79857 3.11542 0.34738 -0.180208 0.920246 50.0094 0 1
4.90069 -3.27265 3.1129 0.32943 -0.21105 0.92029 50.1482 0 1
4.59813 -3.6903 3.11249 0.308465 -0.240244 0.920398 50.2933 0 1
4.24618 -4.08582 3.11563 0.284466 -0.267699 0.920552 50.4353 0 1
3.87682 -4.42638 3.11937 0.257548 -0.293136 0.920728 50.6021 0 1
3.41942 -4.79053 3.12923 0.227982 -0.316086 0.920931 50.762 0 1
2.95514 -5.10599 3.14064 0.196155 -0.336005 0.921208 50.92 0 1
2.48124 -5.35776 3.14313 0.162497 -0.352428 0.921623 51.0747 0 1
1.99883 -5.55207 3.13789 0.127405 -0.365086 0.922215 51.2387 0 1
1.46556 -5.70685 3.1277 0.0912113 -0.37395 0.922953 51.4016 0 1
0.909577 -5.81889 3.12397 0.0541763 -0.379205 0.923725 51.5686 0 1
0.337807 -5.88402 3.12015 0.0165352 -0.381172 0.924356 51.7398 0 1
-0.241486 -5.89981 3.11214 -0.0214378 -0.380197 0.924657 51.9281 0 1
-0.881318 -5.84356 3.1059 -0.0593665 -0.376547 0.924493 52.0735 0 1
-1.37292 -5.73552 3.10922 -0.0967501 -0.370344 0.923842 52.2453 0 1
-1.95227 -5.58138 3.10297 -0.133006 -0.361557 0.922814 52.4042 0 1
-2.45818 -5.35399 3.10435 -0.16757 -0.350055 0.921619 52.561 0 1
-2.94237 -5.07758 3.10766 -0.2 -0.335678 0.9205 52.7114 0 1
-3.40451 -4.80008 3.09808 -0.230051 -0.318313 0.919649 52.8701 0 1
-3.84379 -4.44994 3.0937 -0.257671 -0.297974 0.91914 53.0355 0 1
-4.27172 -4.03343 3.0985 -0.282957 -0.274921 0.918887 53.1725 0 1
-4.60761 -3.65901 3.09973 -0.306075 -0.249824 0.918644 53.3494 0 1
-4.98178 -3.15975 3.10059 -0.327157 -0.223906 0.91806 53.5019 0 1
-5.25236 -2.70798 3.10706 -0.346207 -0.198942 0.916822 53.6472 0 1
-5.46676 -2.25587 3.11602 -0.363037 -0.177049 0.914799 53.7986 0 1
-5.63305 -1.76757 3.12465 -0.377273 -0.160289 0.912125 53.9469 0 1
-5.76283 -1.27968 3.12607 -0.388417 -0.150272 0.909148 54.0713 0 1
-5.83988 -0.860431 3.12426 -0.395964 -0.147864 0.906283 54.2753 0 1
-6.47358 -0.971904 2.81951 -0.399529 -0.153088 0.903848 54.4313 0 1
-6.36217 -1.51955 2.82121 -0.398962 -0.165199 0.901963 54.5793 0 1
-6.21988 -2.01519 2.82177 -0.394384 -0.182884 0.900564 54.7391 0 1
-6.05319 -2.54378 2.80412 -0.386132 -0.204517 0.899486 54.8927 0 1
-5.80935 -3.03221 2.80494 -0.374633 -0.228435 0.898592 55.0545 0 1
-5.50956 -3.5255 2.79892 -0.360266 -0.253158 0.897842 55.2078 0 1
-5.17982 -3.95163 2.79912 -0.343256 -0.277531 0.897303 55.3565 0 1
-4.84155 -4.35753 2.7868 -0.323638 -0.300789 0.897098 55.4967 0 1
-4.48866 -4.73423 2.77245 -0.301305 -0.322523 0.897326 55.6466 0 1
-4.06259 -5.0901 2.77969 -0.27611 -0.342581 0.897999 55.8035 0 1
-3.59962 -5.42487 2.79196 -0.247996 -0.36093 0.899015 55.9416 0 1
-3.174 -5.68969 2.79868 -0.217104 -0.377528 0.900188 56.0816 0 1
-2.72858 -5.94118 2.80185 -0.183815 -0.392251 0.901305 56.2436 0 1
-2.20243 -6.16686 2.8128 -0.148719 -0.404889 0.90219 56.3931 0 1
-1.70494 -6.32465 2.81891 -0.1125 -0.415209 0.902743 56.557 0 1
-1.14271 -6.45225 2.81611 -0.0757571 -0.423004 0.902955 56.7377 0 1
-0.518186 -6.52861 2.81435 -0.0388674 -0.428112 0.902889 56.9044 0 1
0.0636707 -6.53835 2.81645 -0.00196605 -0.430385 0.902643 57.0491 0 1
0.571281 -6.50335 2.81843 0.0349308 -0.429666 0.902312 57.2115 0 1
1.13299 -6.43448 2.81404 0.0717468 -0.425802 0.901967 57.3743 0 1
1.68661 -6.31794 2.81749 0.108233 -0.418698 0.901653 57.5218 0 1
2.18055 -6.15814 2.83196 0.143979 -0.40835 0.901399 57.6781 0 1
2.68403 -5.96266 2.83867 0.178515 -0.394853 0.901234 57.8313 0 1
3.15217 -5.72649 2.84058 0.211431 -0.378385 0.901178 57.9766 0 1
3.58404 -5.45849 2.82948 0.242432 -0.359167 0.901236 58.1317 0 1
4.04778 -5.12121 2.81726 0.271348 -0.337422 0.901397 58.2751 0 1
4.43987 -4.779 2.81465 0.298094 -0.313334 0.901644 58.4421 0 1
4.86209 -4.35414 2.81135 0.322628 -0.287057 0.901948 58.5933 0 1
5.21242 -3.93318 2.81177 0.344927 -0.258749 0.902261 58.745 0 1
5.53714 -3.46996 2.80736 0.36499 -0.228603 0.902509 58.8887 0 1
5.80019 -3.02037 2.80516 0.382826 -0.196828 0.902609 59.0679 0 1
6.06542 -2.43273 2.81063 0.398422 -0.163615 0.902491 59.2228 0 1
6.2564 -1.92335 2.81224 0.411712 -0.129133 0.902119 59.3723 0 1
6.39504 -1.41577 2.80718 0.422547 -0.0935591 0.901499 59.5216 0 1
6.48437 -0.897239 2.80401 0.430702 -0.0571252 0.900685 59.6875 0 1
6.54471 -0.309392 2.80191 0.43589 -0.0201285 0.899775 59.8511 0 1
6.53084 0.261413 2.8191 0.43779 0.0171046 0.898914 60.0266 0 1
6.47472 0.87188 2.82222 0.4361 0.0542733 0.89826 60.1895 0 1
6.36552 1.45396 2.82408 0.430597 0.0911382 0.897931 60.337 0 1
6.23922 1.96004 2.8204 0.421188 0.127513 0.897965 60.4849 0 1
6.05957 2.4491 2.82651 0.407948 0.163211 0.898299 60.6667 0 1
5.80062 3.04148 2.8284 0.39114 0.197976 0.898785 60.8169 0 1
5.54564 3.49751 2.83579 0.3712 0.231431 0.89925 60.9752 0 1
5.24471 3.93711 2.83976 0.348677 0.263099 0.899557 61.1332 0 1
4.91056 4.34752 2.83394 0.324092 0.292483 0.899677 61.2801 0 1
4.56804 4.71918 2.82318 0.297811 0.319188 0.899682 61.4465 0 1
4.12456 5.10023 2.81757 0.269996 0.343008 0.899693 61.6041 0 1
3.6781 5.41013 2.80882 0.240683 0.36392 0.899796 61.7583 0 1
3.20843 5.67432 2.81067 0.209907 0.382032 0.899994 61.914 0 1
2.7068 5.92262 2.80997 0.177782 0.397493 0.900218 62.0699 0 1
2.20108 6.14218 2.80918 0.144502 0.410417 0.900376 62.2325 0 1
1.65887 6.3134 2.81925 0.110319 0.420838 0.900403 62.3905 0 1
1.12678 6.43668 2.81323 0.0755069 0.428677 0.900297 62.5374 0 1
0.619618 6.50542 2.80564 0.0403204 0.433759 0.900126 62.6808 0 1
0.115687 6.53996 2.79703 0.00494898 0.435845 0.900008 62.8372 0 1
-0.43605 6.53123 2.79563 -0.0305129 0.434702 0.900057 62.9926 0 1
-0.983004 6.4736 2.79854 -0.0660379 0.430154 0.900337 63.1441 0 1
-1.51215 6.38185 2.79285 -0.101585 0.422121 0.90083 63.2967 0 1
-2.04042 6.2312 2.79219 -0.137012 0.41063 0.901449 63.4635 0 1
-2.60741 5.98923 2.8105 -0.172032 0.395817 0.902072 63.6344 0 1
-3.15664 5.71307 2.82397 -0.206246 0.377924 0.902572 63.7819 0 1
-3.60971 5.44576 2.82712 -0.239235 0.357256 0.902848 63.9311 0 1
-4.04536 5.12939 2.82258 -0.270654 0.334122 0.902834 64.1014 0 1
-4.51155 4.74004 2.81148 -0.300246 0.308777 0.902502 64.2601 0 1
-4.89208 4.33062 2.81213 -0.327786 0.281424 0.901863 64.4166 0 1
-5.25927 3.90887 2.7938 -0.352986 0.252268 0.900978 64.5697 0 1
-5.57839 3.43168 2.7874 -0.375493 0.221573 0.89995 64.7459 0 1
-5.8919 2.86895 2.78301 -0.395001 0.189739 0.898873 64.9315 0 1
-6.16337 2.25921 2.78569 -0.411422 0.157438 0.897745 65.0844 0 1
-6.30812 1.73279 2.80306 -0.424977 0.125767 0.896425 65.2293 0 1
-6.41166 1.22692 2.80597 -0.436141 0.0963035 0.89471 65.3901 0 1
-6.50404 0.649099 2.79896 -0.445485 0.0708999 0.892477 65.5299 0 1
-6.54854 0.135202 2.79905 -0.453486 0.0512941 0.889786 65.6877 0 1
-6.53511 -0.441753 2.81163 -0.460391 0.038719 0.886871 65.8105 0 1
-6.49071 -0.880615 2.8169 -0.466164 0.0337044 0.884056 66.0083 0 1
-7.11201 -0.985343 2.48246 -0.470504 0.0361147 0.881659 66.171 0 1
-7.16683 -0.371969 2.47624 -0.472968 0.0453335 0.879912 66.3287 0 1
-7.16534 0.215121 2.46477 -0.473136 0.0604754 0.878911 66.4807 0 1
-7.11157 0.774861 2.45867 -0.470738 0.0805444 0.878589 66.6162 0 1
-7.03567 1.28016 2.46093 -0.4657 0.104521 0.878748 66.7512 0 1
-6.94034 1.77459 2.45905 -0.45808 0.131407 0.879144 66.9038 0 1
-6.79419 2.31306 2.4583 -0.447965 0.160259 0.879571 67.0441 0 1
-6.61863 2.79578 2.45761 -0.43539 0.190257 0.879908 67.1865 0 1
-6.39402 3.26655 2.45802 -0.42031 0.220749 0.880119 67.3546 0 1
-6.09817 3.79916 2.45557 -0.402619 0.251256 0.88021 67.511 0 1
-5.76823 4.26928 2.46288 -0.382224 0.281394 0.880183 67.6491 0 1
-5.44072 4.65752 2.47525 -0.359131 0.310772 0.880026 67.8229 0 1
-5.00758 5.13296 2.47553 -0.333484 0.338921 0.879728 67.9821 0 1
-4.5755 5.51562 2.48479 -0.305549 0.365309 0.879312 68.1216 0 1
-4.17789 5.82053 2.49119 -0.275654 0.389411 0.878848 68.2687 0 1
-3.74209 6.11145 2.49295 -0.244124 0.410804 0.878432 68.4541 0 1
-3.14875 6.4261 2.48092 -0.21124 0.429208 0.878156 68.593 0 1
-2.68803 6.64363 2.46587 -0.177201 0.444482 0.878086 68.7424 0 1
-2.16051 6.84342 2.45832 -0.142097 0.456585 0.878259 68.8847 0 1
-1.63502 6.98949 2.4571 -0.105937 0.465528 0.87867 69.0488 0 1
-1.02794 7.09166 2.46426 -0.0687468 0.471364 0.879255 69.1914 0 1
-0.497294 7.15516 2.46378 -0.0306858 0.4742 0.879882 69.346 0 1
0.0928573 7.15754 2.46781 0.00791664 0.474211 0.880376 69.5274 0 1
0.766662 7.11353 2.47693 0.0466189 0.471606 0.880576 69.6846 0 1
1.32394 7.04306 2.48267 0.0849818 0.466557 0.880399 69.8476 0 1
1.88524 6.91432 2.48336 0.12267 0.459114 0.879867 70.0105 0 1
2.42679 6.72612 2.4778 0.159494 0.44916 0.8791 70.1733 0 1
2.9606 6.493 2.47677 0.195379 0.436444 0.878262 70.3125 0 1
3.42479 6.26689 2.47712 0.230261 0.420673 0.877504 70.4765 0 1
3.96976 5.96128 2.47103 0.26397 0.40165 0.876925 70.6441 0 1
4.47209 5.61397 2.47445 0.296168 0.379372 0.876562 70.8006 0 1
4.89889 5.25248 2.48061 0.326398 0.35407 0.876413 70.9748 0 1
5.3357 4.79855 2.49456 0.3542 0.326157 0.87645 71.1307 0 1
5.69234 4.3727 2.50051 0.379235 0.296132 0.876634 71.3021 0 1
6.03725 3.89314 2.49232 0.40133 0.264472 0.87692 71.4503 0 1
6.29494 3.45021 2.48705 0.420439 0.231571 0.877272 71.5937 0 1
6.50989 2.98667 2.49003 0.436563 0.197727 0.877677 71.7395 0 1
6.70115 2.48812 2.49384 0.449703 0.163158 0.87815 71.8899 0 1
6.87603 1.97712 2.48691 0.459849 0.128013 0.878722 72.0487 0 1
7.0022 1.42703 2.48792 0.467016 0.0923766 0.87941 72.2397 0 1
7.11375 0.746367 2.48441 0.471264 0.0562893 0.880194 72.3968 0 1
7.1716 0.164705 2.47371 0.472709 0.0197923 0.880996 72.5416 0 1
7.17572 -0.357102 2.4687 0.471514 -0.0170248 0.881694 72.6816 0 1
7.13261 -0.856108 2.47142 0.467866 -0.0539882 0.882149 72.8219 0 1
7.04898 -1.35708 2.47993 0.461949 -0.0908307 0.882243 72.9844 0 1
6.91499 -1.91983 2.48424 0.453903 -0.127217 0.881923 73.1314 0 1
6.75198 -2.41386 2.48129 0.443794 -0.162795 0.881218 73.2723 0 1
6.55429 -2.88626 2.48072 0.431603 -0.197254 0.880233 73.4384 0 1
6.28414 -3.43875 2.47671 0.417214 -0.230367 0.879127 73.5827 0 1
6.0067 -3.8886 2.47403 0.400424 -0.262001 0.878075 73.7238 0 1
5.6991 -4.31583 2.47552 0.38098 -0.292078 0.877237 73.8634 0 1
5.36037 -4.73727 2.47301 0.35866 -0.320505 0.876721 74.0153 0 1
4.95768 -5.14735 2.4799 0.333375 -0.347131 0.876562 74.1801 0 1
4.50736 -5.55536 2.47924 0.305249 -0.371748 0.876714 74.3407 0 1
4.03534 -5.91588 2.48491 0.274615 -0.394151 0.877059 74.5023 0 1
3.53246 -6.23588 2.49573 0.24195 -0.414208 0.877435 74.6505 0 1
3.05721 -6.48184 2.49802 0.207764 -0.431888 0.877671 74.7995 0 1
2.57001 -6.69186 2.49438 0.172502 -0.447214 0.877635 74.9627 0 1
2.00824 -6.87364 2.49448 0.136468 -0.460182 0.877274 75.111 0 1
1.47666 -7.00434 2.48738 0.0998189 -0.470677 0.876641 75.2563 0 1
0.957662 -7.0925 2.4894 0.0626011 -0.478444 0.875884 75.4233 0 1
0.364407 -7.14964 2.48917 0.0248403 -0.483133 0.875195 75.5672 0 1
-0.154747 -7.16649 2.48029 -0.0133543 -0.484401 0.874744 75.7097 0 1
-0.678254 -7.14265 2.48061 -0.0517036 -0.482036 0.874625 75.8546 0 1
-1.19567 -7.07387 2.47753 -0.0897372 -0.476048 0.874829 75.9982 0 1
-1.70633 -6.97141 2.47167 -0.126867 -0.466695 0.875272 76.1591 0 1
-2.27996 -6.80169 2.46997 -0.162536 -0.454423 0.875832 76.3269 0 1
-2.84244 -6.56984 2.46981 -0.196373 -0.439753 0.876387 76.4912 0 1
-3.36633 -6.2953 2.46621 -0.228276 -0.423144 0.876835 76.643 0 1
-3.84553 -6.00099 2.45821 -0.258378 -0.40489 0.877101 76.7806 0 1
-4.2701 -5.70856 2.44843 -0.286916 -0.385073 0.877154 76.9266 0 1
-4.70305 -5.37752 2.43678 -0.314075 -0.363592 0.877017 77.0593 0 1
-5.07639 -5.04057 2.43576 -0.339872 -0.340259 0.876762 77.2057 0 1
-5.45665 -4.6208 2.44955 -0.364134 -0.314958 0.876475 77.3586 0 1
-5.82321 -4.1724 2.45425 -0.386582 -0.287801 0.876199 77.5087 0 1
-6.13137 -3.72013 2.45672 -0.40698 -0.259191 0.875892 77.6603 0 1
-6.40723 -3.24604 2.4597 -0.42524 -0.229719 0.875443 77.8025 0 1
-6.62667 -2.77473 2.46764 -0.441435 -0.19996 0.874729 77.968 0 1
-6.83571 -2.21278 2.47243 -0.455699 -0.170289 0.873693 78.12 0 1
-6.96983 -1.68562 2.48417 -0.468112 -0.140831 0.872375 78.2721 0 1
-7.08667 -1.14939 2.48193 -0.47865 -0.111531 0.870893 78.2773 0 1
-7.09006 -1.1302 2.48186 -0.487222 -0.082269 0.869394 78.4651 0 1
-7.68585 -1.24782 2.1273 -0.49374 -0.0529261 0.867998 78.6116 0 1
-7.75559 -0.698995 2.12065 -0.498147 -0.0233771 0.866778 78.752 0 1
-7.78235 -0.154378 2.11326 -0.500402 0.00654737 0.865769 78.9024 0 1
-7.75978 0.419702 2.10822 -0.500445 0.0370471 0.864975 79.0442 0 1
-7.70628 0.962977 2.10615 -0.498182 0.0682681 0.864381 79.1719 0 1
-7.62046 1.4588 2.11015 -0.493501 0.100207 0.863953 79.3026 0 1
-7.52409 1.95304 2.10115 -0.486311 0.132685 0.863653 79.4486 0 1
-7.39011 2.48977 2.09433 -0.476567 0.165411 0.863437 79.5984 0 1
-7.19308 3.01909 2.10392 -0.46428 0.198097 0.863251 79.7685 0 1
-6.92628 3.58788 2.10001 -0.449479 0.23054 0.86303 79.931 0 1
-6.61797 4.11332 2.1007 -0.432184 0.262607 0.862702 80.0674 0 1
-6.32511 4.54027 2.10541 -0.412418 0.294144 0.862201 80.2074 0 1
-5.99569 4.94538 2.11704 -0.390251 0.324858 0.861494 80.3682 0 1
-5.6086 5.40554 2.11064 -0.365856 0.354278 0.860603 80.5045 0 1
-5.22886 5.76939 2.11629 -0.339504 0.381831 0.859617 80.6888 0 1
-4.6899 6.2055 2.12375 -0.311504 0.406985 0.858678 80.833 0 1
-4.25437 6.50878 2.12655 -0.282121 0.429369 0.857934 80.9688 0 1
-3.8188 6.76372 2.12435 -0.251538 0.448818 0.857491 81.1077 0 1
-3.34509 7.01772 2.10666 -0.21987 0.465341 0.857388 81.2509 0 1
-2.83826 7.23476 2.10108 -0.187205 0.479059 0.857588 81.3895 0 1
-2.34071 7.42096 2.09755 -0.153614 0.490143 0.857999 81.5388 0 1
-1.78663 7.58192 2.09587 -0.119141 0.498762 0.858511 81.6774 0 1
-1.25837 7.66572 2.11011 -0.0838147 0.505022 0.859027 81.8191 0 1
-0.720504 7.74413 2.10623 -0.0477031 0.50894 0.859479 81.9772 0 1
-0.11407 7.76712 2.11319 -0.0109945 0.510463 0.859829 82.1064 0 1
0.390786 7.75005 2.11603 0.0259768 0.509536 0.860057 82.2624 0 1
0.981629 7.70397 2.12111 0.0627753 0.50616 0.860152 82.4089 0 1
1.52232 7.62943 2.12269 0.0989623 0.500419 0.860109 82.5536 0 1
2.0489 7.50242 2.12144 0.134206 0.492438 0.859938 82.6992 0 1
2.56973 7.33506 2.11631 0.16836 0.482303 0.859674 82.8366 0 1
3.03624 7.13011 2.12048 0.201463 0.470006 0.859364 82.993 0 1
3.56693 6.87892 2.11836 0.233648 0.455433 0.859063 83.1431 0 1
4.0763 6.60029 2.11509 0.265011 0.438411 0.858816 83.2801 0 1
4.51799 6.3268 2.1079 0.295498 0.418786 0.858661 83.4275 0 1
4.9648 5.99364 2.11261 0.324883 0.396504 0.858624 83.5868 0 1
5.41225 5.59708 2.12179 0.352824 0.371651 0.858715 83.7251 0 1
5.75976 5.22617 2.13566 0.378939 0.34445 0.858929 83.897 0 1
6.16878 4.75564 2.12803 0.402877 0.31523 0.859256 84.0348 0 1
6.46439 4.34668 2.12592 0.424354 0.284369 0.859685 84.2226 0 1
6.8196 3.76006 2.12189 0.443184 0.252255 0.860207 84.364 0 1
7.04139 3.29308 2.12931 0.459278 0.219237 0.860813 84.5034 0 1
7.24028 2.81824 2.13332 0.472652 0.185589 0.861486 84.661 0 1
7.42474 2.25953 2.13454 0.483406 0.15148 0.862191 84.7993 0 1
7.55718 1.76981 2.13081 0.491691 0.116963 0.862879 84.9654 0 1
7.67873 1.16846 2.12787 0.497654 0.0820007 0.863491 85.1007 0 1
7.74501 0.665232 2.12142 0.50138 0.0465117 0.863976 85.2499 0 1
7.78132 0.103435 2.1186 0.502873 0.0104441 0.864297 85.3856 0 1
7.78555 -0.405149 2.11899 0.502061 -0.026149 0.864437 85.5364 0 1
7.72984 -0.972558 2.12626 0.498848 -0.0630573 0.864393 85.6715 0 1
7.65708 -1.48324 2.12261 0.493167 -0.0999183 0.864178 85.8196 0 1
7.51908 -2.01649 2.13186 0.485028 -0.136284 0.863814 85.9664 0 1
7.35617 -2.53059 2.13353 0.47453 -0.17172 0.863327 86.1239 0 1
7.14342 -3.07784 2.12765 0.461835 -0.205892 0.862738 86.2914 0 1
6.86871 -3.64341 2.11827 0.44712 -0.238606 0.862062 86.4322 0 1
6.59353 -4.10222 2.11604 0.430518 -0.269804 0.861313 86.5711 0 1
6.29438 -4.54559 2.11046 0.412067 -0.299512 0.860519 86.7101 0 1
5.96053 -4.96759 2.11225 0.391681 -0.327769 0.85974 86.8466 0 1
5.606 -5.35921 2.11544 0.369183 -0.354569 0.859061 87.0027 0 1
5.16824 -5.78802 2.11573 0.34437 -0.379836 0.858565 87.1418 0 1
4.75897 -6.13885 2.1149 0.317114 -0.40344 0.858298 87.2887 0 1
4.31116 -6.4685 2.12008 0.287424 -0.425229 0.858235 87.4252 0 1
3.87381 -6.73889 2.12794 0.255474 -0.445058 0.858287 87.5834 0 1
3.3403 -7.01629 2.13175 0.221567 -0.462804 0.858324 87.7346 0 1
2.82162 -7.23926 2.13776 0.186086 -0.478355 0.858224 87.8764 0 1
2.32035 -7.41043 2.14124 0.149427 -0.491592 0.857909 88.0429 0 1
1.70906 -7.57897 2.13036 0.111941 -0.50237 0.857376 88.2052 0 1
1.1089 -7.69015 2.12981 0.0739036 -0.510507 0.856692 88.3416 0 1
0.6055 -7.74536 2.12701 0.0355299 -0.515781 0.855984 88.5029 0 1
0.00251755 -7.77867 2.11099 -0.00297102 -0.517948 0.855407 88.6485 0 1
-0.543905 -7.75849 2.10667 -0.0413214 -0.51679 0.855114 88.8023 0 1
-1.12165 -7.69752 2.10466 -0.079142 -0.512189 0.855219 88.9523 0 1
-1.68245 -7.59706 2.10215 -0.116001 -0.504175 0.855775 89.1031 0 1
-2.23769 -7.45217 2.09769 -0.151531 -0.492942 0.856765 89.2583 0 1
-2.7922 -7.25168 2.10656 -0.185545 -0.478804 0.858091 89.415 0 1
-3.32591 -7.00761 2.10788 -0.218069 -0.462141 0.859577 89.5636 0 1
-3.81091 -6.73472 2.10692 -0.249262 -0.443331 0.861003 89.6981 0 1
-4.2479 -6.46964 2.10121 -0.279283 -0.422702 0.862163 89.8298 0 1
-4.67087 -6.18612 2.09254 -0.308172 -0.40047 0.862933 89.9961 0 1
-5.17446 -5.79586 2.08142 -0.335827 -0.376714 0.863312 90.1569 0 1
-5.6252 -5.35952 2.08959 -0.362054 -0.35139 0.86339 90.3021 0 1
-6.00379 -4.92288 2.09634 -0.386653 -0.324433 0.863275 90.4549 0 1
-6.3716 -4.45573 2.09244 -0.409484 -0.295875 0.863007 90.5992 0 1
-6.67538 -3.99717 2.09143 -0.430491 -0.265915 0.862535 90.7479 0 1
-6.95306 -3.50296 2.09536 -0.449666 -0.234878 0.861761 90.9216 0 1
-7.22706 -2.90248 2.10884 -0.466988 -0.203127 0.860617 91.0804 0 1
-7.43107 -2.34379 2.1158 -0.482378 -0.170978 0.859115 91.224 0 1
-7.56244 -1.81795 2.12961 -0.495695 -0.138665 0.857356 91.3612 0 1
-7.67531 -1.30855 2.12772 -0.506771 -0.106337 0.855497 91.5485 0 1
-8.27001 -1.39051 1.75411 -0.515463 -0.0740451 0.853707 91.681 0 1
-8.34427 -0.882239 1.7462 -0.521691 -0.0417448 0.852113 91.8343 0 1
-8.37828 -0.275571 1.73998 -0.525446 -0.00931226 0.850776 91.9702 0 1
-8.37284 0.275607 1.73399 -0.526756 0.0233869 0.849695 92.0993 0 1
-8.33917 0.794728 1.72744 -0.525644 0.0564073 0.848833 92.2302 0 1
-8.25647 1.31624 1.73919 -0.522115 0.0896681 0.848148 92.3724 0 1
-8.15757 1.88178 1.73384 -0.51616 0.122973 0.847618 92.5336 0 1
-8.00632 2.5024 1.72401 -0.507768 0.156088 0.847236 92.6825 0 1
-7.82658 3.0682 1.72014 -0.496943 0.188818 0.846992 92.8195 0 1
-7.6119 3.55442 1.72181 -0.483709 0.221045 0.846856 92.9506 0 1
-7.37306 4.00456 1.72525 -0.468111 0.25271 0.846765 93.0788 0 1
-7.11766 4.44637 1.72418 -0.450207 0.283751 0.84664 93.2303 0 1
-6.77433 4.93942 1.73322 -0.43008 0.314031 0.846414 93.3673 0 1
-6.44271 5.35496 1.74233 -0.407852 0.343283 0.846058 93.528 0 1
-6.02755 5.82197 1.74245 -0.383694 0.371129 0.845602 93.659 0 1
-5.66069 6.18894 1.73602 -0.3578 0.39716 0.845129 93.7891 0 1
-5.25894 6.51491 1.74186 -0.330339 0.421041 0.844749 93.955 0 1
-4.72762 6.90402 1.74071 -0.301414 0.442571 0.844559 94.0885 0 1
-4.2702 7.18134 1.74185 -0.271087 0.461677 0.84461 94.2312 0 1
-3.77004 7.46427 1.72901 -0.239422 0.478364 0.844893 94.3801 0 1
-3.21918 7.7237 1.71994 -0.206538 0.492666 0.845353 94.5149 0 1
-2.71667 7.92 1.72128 -0.172595 0.504623 0.845912 94.6579 0 1
-2.17439 8.09477 1.72549 -0.137749 0.514265 0.846496 94.8132 0 1
-1.56132 8.23823 1.72437 -0.102113 0.521611 0.84705 94.963 0 1
-0.972121 8.32948 1.72093 -0.0657767 0.526663 0.847526 95.104 0 1
-0.421503 8.3699 1.72497 -0.0288739 0.529415 0.847871 95.2638 0 1
0.209501 8.35904 1.73952 0.00835801 0.529874 0.848035 95.4013 0 1
0.765856 8.3345 1.74132 0.0455836 0.528068 0.847978 95.5318 0 1
1.27599 8.27054 1.74768 0.0824293 0.524051 0.847689 95.6942 0 1
1.89722 8.15429 1.74612 0.118556 0.517906 0.847183 95.8235 0 1
2.38805 8.01969 1.7445 0.15371 0.509731 0.846491 95.9696 0 1
2.92602 7.83454 1.73623 0.187746 0.49962 0.845654 96.1096 0 1
3.42552 7.61706 1.73866 0.2206 0.48762 0.844726 96.2438 0 1
3.90033 7.38205 1.73997 0.252247 0.473699 0.843789 96.3955 0 1
4.42598 7.08321 1.73915 0.282638 0.457757 0.842955 96.5545 0 1
4.95105 6.74779 1.72857 0.311692 0.439666 0.842343 96.6861 0 1
5.37247 6.43579 1.724 0.339322 0.419327 0.842036 96.8106 0 1
5.74669 6.09683 1.73645 0.365495 0.39672 0.842038 96.9413 0 1
6.10521 5.73649 1.74444 0.390231 0.371923 0.842254 97.0765 0 1
6.45215 5.35337 1.74238 0.413568 0.34512 0.842528 97.2227 0 1
6.79718 4.90635 1.74366 0.435473 0.316572 0.842701 97.357 0 1
7.10207 4.46701 1.74134 0.455796 0.28658 0.842687 97.4873 0 1
7.35617 4.03571 1.74168 0.474269 0.255439 0.842508 97.646 0 1
7.61651 3.49215 1.74928 0.490568 0.223384 0.842284 97.7948 0 1
7.83519 2.96432 1.74565 0.504395 0.190548 0.842186 97.9282 0 1
7.99745 2.45503 1.74579 0.515551 0.156955 0.842361 98.0963 0 1
8.16314 1.81868 1.74437 0.523969 0.122561 0.842873 98.2481 0 1
8.27788 1.24073 1.7449 0.529717 0.0873237 0.843667 98.3963 0 1
8.34213 0.661059 1.74821 0.532961 0.0512727 0.844585 98.53 0 1
8.38522 0.140255 1.7472 0.5339 0.0145455 0.845423 98.671 0 1
8.3852 -0.402541 1.75069 0.532699 -0.0226117 0.846003 98.8141 0 1
8.33879 -0.955917 1.75589 0.529451 -0.0598663 0.846226 98.9505 0 1
8.26737 -1.49244 1.75129 0.524174 -0.0968295 0.846088 99.1034 0 1
8.12395 -2.07381 1.75439 0.516842 -0.133087 0.845672 99.234 0 1
7.97501 -2.56134 1.75589 0.507423 -0.168244 0.845113 99.3664 0 1
7.79619 -3.05259 1.75322 0.495907 -0.201994 0.844556 99.512 0 1
7.57359 -3.57146 1.74276 0.482316 -0.234183 0.844114 99.6734 0 1
7.27455 -4.12866 1.73885 0.466704 -0.264839 0.843829 99.8014 0 1
6.99742 -4.57131 1.74125 0.449138 -0.294128 0.843661 99.9293 0 1
6.71223 -4.9936 1.73128 0.429684 -0.322254 0.843519 100.066 0 1
6.36831 -5.40903 1.73651 0.408402 -0.34935 0.843304 100.193 0 1
6.02752 -5.77887 1.74288 0.385339 -0.375407 0.842961 100.327 0 1
5.64513 -6.16532 1.74159 0.360521 -0.400259 0.842507 100.474 0 1
5.19628 -6.55808 1.73542 0.333947 -0.423633 0.84203 100.639 0 1
4.67338 -6.94803 1.73618 0.30559 -0.445227 0.841658 100.768 0 1
4.23624 -7.21105 1.74385 0.275428 -0.464783 0.841497 100.906 0 1
3.74271 -7.48066 1.74353 0.243504 -0.482124 0.841584 101.046 0 1
3.23605 -7.71696 1.74601 0.209994 -0.497144 0.841873 101.18 0 1
2.74314 -7.90756 1.74755 0.175222 -0.509784 0.842269 101.339 0 1
2.13607 -8.09314 1.74694 0.139603 -0.520006 0.842677 101.473 0 1
1.62444 -8.21734 1.74671 0.103546 -0.527789 0.84304 101.622 0 1
1.05218 -8.30178 1.7495 0.0673724 -0.533132 0.843345 101.753 0 1
0.538211 -8.34695 1.74107 0.0312855 -0.536053 0.843605 101.904 0 1
-0.0656542 -8.36995 1.72823 -0.00459744 -0.536573 0.843842 102.039 0 1
-0.595204 -8.34842 1.7244 -0.0401868 -0.534692 0.844091 102.172 0 1
-1.12122 -8.29626 1.72341 -0.0753692 -0.530382 0.844402 102.31 0 1
-1.67196 -8.1955 1.72728 -0.10999 -0.523609 0.844829 102.446 0 1
-2.19901 -8.0788 1.71997 -0.14387 -0.514371 0.845414 102.586 0 1
-2.72391 -7.90929 1.72013 -0.176847 -0.502729 0.846161 102.728 0 1
-3.25154 -7.69838 1.72401 -0.208807 -0.488817 0.847029 102.865 0 1
-3.74129 -7.45697 1.73033 -0.239678 -0.47281 0.847942 103.025 0 1
-4.29437 -7.15705 1.72664 -0.269407 -0.45491 0.848809 103.161 0 1
-4.75214 -6.86598 1.72505 -0.29792 -0.435329 0.849548 103.308 0 1
-5.24049 -6.51274 1.71941 -0.32512 -0.414285 0.850097 103.442 0 1
-5.65677 -6.17389 1.71519 -0.350917 -0.391964 0.850424 103.572 0 1
-6.02452 -5.80995 1.72008 -0.375259 -0.36848 0.850531 103.702 0 1
-6.37741 -5.41252 1.72479 -0.398144 -0.343855 0.850439 103.834 0 1
-6.72138 -4.99315 1.71996 -0.419593 -0.318067 0.850162 103.975 0 1
-7.04403 -4.53162 1.71793 -0.439635 -0.291143 0.849681 104.111 0 1
-7.34273 -4.06679 1.71008 -0.458273 -0.263215 0.848943 104.236 0 1
-7.56564 -3.60956 1.72628 -0.475468 -0.234487 0.847907 104.385 0 1
-7.8055 -3.06703 1.73597 -0.491111 -0.205153 0.846595 104.53 0 1
-8.00393 -2.53153 1.73987 -0.505021 -0.175327 0.845112 104.664 0 1
-8.14297 -2.00726 1.74781 -0.516973 -0.145022 0.843628 104.806 0 1
-8.25938 -1.46133 1.75323 -0.526752 -0.114158 0.842318 104.988 0 1
-8.8314 -1.59232 1.36353 -0.534207 -0.0826102 0.841308 105.111 0 1
-8.91292 -1.09124 1.35681 -0.539269 -0.0502576 0.840633 105.244 0 1
-8.95841 -0.536193 1.35429 -0.541944 -0.01706 0.840241 105.381 0 1
-8.96465 0.0523092 1.35162 -0.542286 0.0168796 0.840024 105.538 0 1
-8.94245 0.718015 1.33998 -0.540368 0.0513011 0.839864 105.699 0 1
-8.83867 1.39026 1.357 -0.536277 0.0858415 0.839666 105.85 0 1
-8.72728 2.01943 1.35556 -0.530108 0.120131 0.839377 105.995 0 1
-8.59762 2.60502 1.33609 -0.521942 0.153886 0.838985 106.138 0 1
-8.42213 3.16868 1.32428 -0.511812 0.186953 0.838509 106.279 0 1
-8.18618 3.71392 1.32942 -0.499674 0.219292 0.837995 106.4 0 1
-7.95657 4.16418 1.33575 -0.485418 0.250914 0.837503 106.522 0 1
-7.71156 4.60588 1.33713 -0.468919 0.281796 0.837082 106.647 0 1
-7.43874 5.04098 1.33714 -0.450118 0.311821 0.836756 106.792 0 1
-7.07633 5.51649 1.34537 -0.429085 0.340765 0.83652 106.929 0 1
-6.70908 5.95736 1.34763 -0.406037 0.368332 0.836341 107.084 0 1
-6.26452 6.43347 1.34633 -0.381288 0.394232 0.836182 107.24 0 1
-5.78208 6.86026 1.34553 -0.35515 0.418251 0.836023 107.379 0 1
-5.30827 7.21314 1.34911 -0.327831 0.440286 0.835868 107.497 0 1
-4.89097 7.49391 1.34873 -0.299388 0.46032 0.835747 107.627 0 1
-4.42585 7.78013 1.33983 -0.269776 0.478368 0.835694 107.743 0 1
-3.98762 8.0214 1.32992 -0.23893 0.494431 0.835733 107.891 0 1
-3.40104 8.29643 1.32302 -0.206835 0.508478 0.835865 108.033 0 1
-2.83063 8.5089 1.3288 -0.17355 0.520457 0.836065 108.179 0 1
-2.2361 8.69017 1.33255 -0.139185 0.530318 0.836296 108.337 0 1
-1.56516 8.83462 1.3342 -0.103869 0.538013 0.836513 108.473 0 1
-0.99413 8.91162 1.33809 -0.0677548 0.543494 0.836674 108.598 0 1
-0.479002 8.96452 1.33257 -0.0310476 0.546716 0.836743 108.759 0 1
0.192865 8.95861 1.35011 0.00594715 0.547646 0.836689 108.897 0 1
0.77645 8.9279 1.3527 0.0428284 0.546282 0.836506 109.033 0 1
1.34029 8.85535 1.35762 0.0791665 0.542655 0.836217 109.177 0 1
1.91425 8.75378 1.35714 0.114602 0.536831 0.83587 109.3 0 1
2.40431 8.63853 1.35215 0.14892 0.528894 0.83552 109.429 0 1
2.91818 8.4699 1.34724 0.182064 0.518937 0.835199 109.567 0 1
3.44778 8.26166 1.34051 0.214072 0.507041 0.834915 109.707 0 1
3.97695 8.01139 1.34273 0.244995 0.49326 0.834669 109.824 0 1
4.41888 7.76929 1.34848 0.274842 0.477605 0.834479 109.957 0 1
4.90285 7.49045 1.34114 0.303596 0.460034 0.834385 110.096 0 1
5.38671 7.16498 1.33252 0.331264 0.440451 0.834426 110.25 0 1
5.901 6.74502 1.33843 0.357903 0.418744 0.834601 110.377 0 1
6.29214 6.37106 1.34779 0.383574 0.394843 0.834847 110.508 0 1
6.67867 5.97475 1.34656 0.408252 0.368805 0.835053 110.648 0 1
7.06194 5.53194 1.35037 0.431757 0.34086 0.835105 110.786 0 1
7.4123 5.07515 1.35023 0.453773 0.311409 0.834934 110.919 0 1
7.71594 4.6132 1.35083 0.473934 0.280947 0.834539 111.059 0 1
7.97975 4.10602 1.35888 0.491938 0.249956 0.833978 111.221 0 1
8.24841 3.49987 1.3565 0.507615 0.218792 0.833341 111.356 0 1
8.45476 2.97452 1.34375 0.520934 0.187613 0.832724 111.487 0 1
8.61062 2.4389 1.34633 0.531955 0.156374 0.832208 111.611 0 1
8.74484 1.93822 1.3406 0.54076 0.12488 0.831856 111.743 0 1
8.84491 1.40057 1.34626 0.547398 0.092884 0.831702 111.864 0 1
8.91208 0.890074 1.35109 0.551878 0.0601944 0.831749 111.985 0 1
8.96149 0.382929 1.35209 0.554172 0.0267608 0.831972 112.122 0 1
8.97367 -0.180681 1.35987 0.554252 -0.00729878 0.832317 112.254 0 1
8.94992 -0.717848 1.36388 0.552125 -0.0417257 0.832716 112.379 0 1
8.90311 -1.23854 1.36328 0.547854 -0.0761829 0.833098 112.508 0 1
8.81859 -1.75886 1.36139 0.541559 -0.110325 0.833392 112.633 0 1
8.69688 -2.24837 1.36085 0.533395 -0.143854 0.833544 112.754 0 1
8.53985 -2.72713 1.36421 0.523517 -0.176548 0.833523 112.889 0 1
8.34064 -3.25877 1.36344 0.512053 -0.208266 0.833323 113.018 0 1
8.14746 -3.75711 1.34412 0.499083 -0.238932 0.832963 113.142 0 1
7.90668 -4.21784 1.34212 0.484632 -0.268522 0.832483 113.263 0 1
7.64162 -4.65801 1.34428 0.468674 -0.297047 0.83193 113.394 0 1
7.33623 -5.13082 1.33675 0.451159 -0.324527 0.831347 113.537 0 1
6.95931 -5.61253 1.34214 0.432043 -0.350943 0.83077 113.663 0 1
6.60285 -6.01359 1.34887 0.411307 -0.376213 0.830235 113.787 0 1
6.24315 -6.39674 1.34544 0.388955 -0.400193 0.829795 113.909 0 1
5.86901 -6.75474 1.34085 0.36499 -0.422716 0.829514 114.034 0 1
5.45462 -7.09826 1.34108 0.339391 -0.443642 0.829455 114.175 0 1
4.97467 -7.45205 1.33546 0.312104 -0.462877 0.82966 114.308 0 1
4.49222 -7.7466 1.33713 0.28308 -0.480354 0.830136 114.424 0 1
4.05099 -7.98479 1.34035 0.25234 -0.495997 0.83085 114.551 0 1
3.55321 -8.22069 1.34523 0.220053 -0.509693 0.831739 114.698 0 1
2.97548 -8.44574 1.35212 0.186535 -0.521298 0.832738 114.821 0 1
2.47791 -8.60687 1.35409 0.152185 -0.530689 0.833792 114.967 0 1
1.88228 -8.76517 1.35451 0.11737 -0.537804 0.83486 115.112 0 1
1.29341 -8.86771 1.35867 0.0823444 -0.542672 0.835899 115.238 0 1
0.778082 -8.91626 1.35707 0.0472528 -0.545391 0.836849 115.361 0 1
0.267646 -8.94735 1.3465 0.0121895 -0.546085 0.837641 115.505 0 1
-0.344404 -8.95387 1.33722 -0.0227257 -0.544856 0.838221 115.625 0 1
-0.847201 -8.91468 1.34127 -0.0573148 -0.541761 0.838576 115.774 0 1
-1.47302 -8.84842 1.33108 -0.0913615 -0.536808 0.838743 115.912 0 1
-2.05032 -8.72601 1.33402 -0.124666 -0.529981 0.838796 116.036 0 1
-2.55323 -8.58945 1.33129 -0.157105 -0.521252 0.838818 116.164 0 1
-3.06373 -8.41398 1.32819 -0.188658 -0.510592 0.838871 116.317 0 1
-3.66135 -8.15697 1.33498 -0.219392 -0.49797 0.838983 116.44 0 1
-4.13176 -7.92396 1.3409 -0.24939 -0.48336 0.839147 116.562 0 1
-4.58131 -7.67424 1.34234 -0.27867 -0.466756 0.839334 116.687 0 1
-5.03317 -7.39916 1.33699 -0.30714 -0.448209 0.839508 116.816 0 1
-5.48637 -7.08641 1.3322 -0.334605 -0.427843 0.839637 116.962 0 1
-5.963 -6.68987 1.33568 -0.360819 -0.40586 0.839695 117.115 0 1
-6.4398 -6.24675 1.32923 -0.385561 -0.382491 0.839669 117.253 0 1
-6.83194 -5.79977 1.33879 -0.408683 -0.35794 0.839558 117.382 0 1
-7.18131 -5.35604 1.3424 -0.430124 -0.332368 0.83936 117.505 0 1
-7.49615 -4.9429 1.32925 -0.449884 -0.305985 0.839034 117.646 0 1
-7.81881 -4.43571 1.32433 -0.467968 -0.27923 0.838473 117.769 0 1
-8.05774 -3.97357 1.33421 -0.484319 -0.252964 0.837523 117.888 0 1
-8.26302 -3.51439 1.34306 -0.498776 -0.228512 0.836065 118.02 0 1
-8.4563 -2.99749 1.35538 -0.511071 -0.207492 0.834118 118.153 0 1
-8.63795 -2.47015 1.35455 -0.520876 -0.191471 0.831882 118.274 0 1
-8.76018 -1.96769 1.36122 -0.527875 -0.18161 0.829678 118.341 0 1
-8.81316 -1.69678 1.36268 -0.531834 -0.178454 0.827833 118.514 0 1
-9.39008 -1.79285 0.959696 -0.532643 -0.181904 0.82656 118.629 0 1
-9.28156 -2.28934 0.960671 -0.530336 -0.191347 0.825912 118.762 0 1
-9.12753 -2.87421 0.949297 -0.525062 -0.205842 0.825796 118.88 0 1
-8.94965 -3.37113 0.948275 -0.517048 -0.224299 0.826046 118.993 0 1
-8.76962 -3.84394 0.937833 -0.506535 -0.24562 0.826494 119.109 0 1
-8.546 -4.3236 0.933173 -0.493746 -0.268804 0.827018 119.249 0 1
-8.24808 -4.87873 0.923092 -0.478861 -0.293011 0.827549 119.362 0 1
-7.96225 -5.29683 0.934231 -0.462018 -0.317586 0.828057 119.492 0 1
-7.60585 -5.76377 0.944547 -0.443329 -0.342035 0.828536 119.602 0 1
-7.29459 -6.1624 0.938065 -0.422906 -0.365972 0.828984 119.739 0 1
-6.8909 -6.62255 0.930482 -0.400888 -0.389069 0.829406 119.866 0 1
-6.48419 -7.01549 0.9332 -0.377459 -0.411035 0.829804 119.982 0 1
-6.09452 -7.35915 0.933463 -0.352838 -0.431623 0.830185 120.101 0 1
-5.64889 -7.69111 0.938386 -0.327244 -0.450661 0.830551 120.238 0 1
-5.13268 -8.02996 0.942685 -0.300843 -0.468068 0.830907 120.359 0 1
-4.66916 -8.30074 0.943153 -0.273706 -0.483843 0.831253 120.49 0 1
-4.15112 -8.5762 0.939208 -0.245823 -0.498034 0.831585 120.618 0 1
-3.60852 -8.82908 0.932666 -0.217168 -0.510703 0.831878 120.733 0 1
-3.11983 -9.02381 0.929255 -0.187761 -0.5219 0.832086 120.847 0 1
-2.63398 -9.17521 0.937696 -0.157676 -0.531667 0.832147 120.964 0 1
-2.13099 -9.31393 0.939383 -0.126995 -0.540038 0.832004 121.075 0 1
-1.63777 -9.42405 0.937521 -0.0957626 -0.547019 0.831625 121.199 0 1
-1.08266 -9.49655 0.942092 -0.0639828 -0.55256 0.831014 121.323 0 1
-0.538842 -9.52152 0.950876 -0.0316595 -0.556538 0.830218 121.45 0 1
0.0283972 -9.53785 0.947803 0.00114497 -0.558773 0.82932 121.568 0 1
0.56931 -9.52579 0.949048 0.0342701 -0.559067 0.828414 121.695 0 1
1.12854 -9.47696 0.954532 0.0674578 -0.557265 0.82759 121.832 0 1
1.71153 -9.39595 0.949584 0.1004 -0.553278 0.826924 121.957 0 1
2.23789 -9.27501 0.954077 0.132813 -0.547091 0.82647 122.073 0 1
2.73671 -9.13268 0.955855 0.164507 -0.538734 0.826258 122.184 0 1
3.22061 -8.98185 0.945836 0.195392 -0.52827 0.826289 122.305 0 1
3.72556 -8.7803 0.942585 0.225437 -0.515789 0.826523 122.426 0 1
4.22307 -8.54305 0.93997 0.254601 -0.501413 0.8269 122.553 0 1
4.75349 -8.26023 0.935333 0.2828 -0.485289 0.827356 122.666 0 1
5.19734 -7.99689 0.933356 0.309916 -0.467573 0.827845 122.819 0 1
5.75986 -7.60144 0.93598 0.335852 -0.448408 0.828332 122.929 0 1
6.1489 -7.28016 0.939994 0.360582 -0.427913 0.828777 123.066 0 1
6.61321 -6.857 0.93866 0.384151 -0.406185 0.829121 123.183 0 1
6.97191 -6.47784 0.945161 0.406649 -0.383298 0.829288 123.319 0 1
7.37896 -6.03554 0.936453 0.428155 -0.359302 0.829208 123.434 0 1
7.69326 -5.62447 0.941296 0.448703 -0.3342 0.82884 123.562 0 1
8.04084 -5.13665 0.939653 0.468258 -0.307951 0.828191 123.685 0 1
8.33312 -4.66422 0.941756 0.486696 -0.280475 0.827322 123.801 0 1
8.57854 -4.20836 0.942096 0.503797 -0.251692 0.826341 123.919 0 1
8.78664 -3.72574 0.952993 0.519267 -0.221566 0.825391 124.05 0 1
9.00711 -3.1715 0.955482 0.532791 -0.190142 0.824609 124.177 0 1
9.18632 -2.62598 0.958589 0.544092 -0.157577 0.824095 124.306 0 1
9.3429 -2.06762 0.953884 0.552991 -0.124142 0.823887 124.433 0 1
9.44556 -1.51712 0.958511 0.559432 -0.0902025 0.823953 124.558 0 1
9.52386 -0.979089 0.950031 0.56349 -0.0561787 0.824211 124.682 0 1
9.55514 -0.4274 0.953471 0.565336 -0.0224891 0.824554 124.806 0 1
9.55116 0.127516 0.956327 0.565194 0.010523 0.824891 124.933 0 1
9.51496 0.683971 0.954557 0.563268 0.0426673 0.825172 125.051 0 1
9.46417 1.20611 0.945624 0.559682 0.073962 0.8254 125.185 0 1
9.36799 1.80907 0.94087 0.554436 0.104629 0.825623 125.316 0 1
9.22334 2.38693 0.947098 0.547416 0.135004 0.825899 125.428 0 1
9.10119 2.87289 0.937987 0.53846 0.16538 0.826263 125.542 0 1
8.93526 3.36736 0.939831 0.527459 0.195852 0.826697 125.663 0 1
8.72867 3.88374 0.948107 0.514425 0.226252 0.82715 125.786 0 1
8.50258 4.38502 0.952866 0.499499 0.256197 0.827565 125.907 0 1
8.24466 4.85976 0.955485 0.482902 0.285239 0.827916 126.043 0 1
7.90815 5.36726 0.962383 0.464849 0.313011 0.828215 126.163 0 1
7.60301 5.78916 0.954209 0.445487 0.339321 0.828494 126.285 0 1
7.26277 6.19934 0.944923 0.424881 0.364156 0.828774 126.407 0 1
6.88698 6.60176 0.942076 0.403051 0.387609 0.829041 126.517 0 1
6.51211 6.96124 0.946162 0.380033 0.409805 0.829238 126.632 0 1
6.13142 7.32628 0.933366 0.355892 0.430837 0.829289 126.746 0 1
5.71584 7.65046 0.935103 0.330681 0.450749 0.829141 126.866 0 1
5.25051 7.9681 0.943355 0.304404 0.469512 0.828792 126.998 0 1
4.73522 8.27258 0.946828 0.27702 0.487018 0.828295 127.131 0 1
4.20052 8.55047 0.945193 0.248504 0.503074 0.827745 127.262 0 1
3.65299 8.81218 0.936771 0.2189 0.517427 0.827256 127.374 0 1
3.17394 8.98948 0.946672 0.188357 0.529811 0.826935 127.512 0 1
2.58788 9.19293 0.94673 0.157104 0.540007 0.826868 127.635 0 1
2.04003 9.31764 0.957149 0.125392 0.547898 0.827094 127.767 0 1
1.46825 9.41848 0.959589 0.0934375 0.553485 0.827601 127.881 0 1
0.966322 9.49422 0.95273 0.0613954 0.556874 0.828325 127.991 0 1
0.466925 9.53059 0.952692 0.029375 0.558224 0.82917 128.105 0 1
-0.0407715 9.54825 0.946682 -0.00252161 0.557705 0.830035 128.226 0 1
-0.570964 9.54195 0.939278 -0.0341718 0.555474 0.830832 128.348 0 1
-1.10594 9.49144 0.942229 -0.0654363 0.55167 0.831491 128.467 0 1
-1.63813 9.41411 0.940207 -0.0961906 0.546429 0.831963 128.585 0 1
-2.16876 9.31194 0.932771 -0.126361 0.539864 0.832214 128.696 0 1
-2.65944 9.17223 0.935828 -0.155945 0.532048 0.83223 128.815 0 1
-3.18765 8.99665 0.935169 -0.185008 0.52298 0.832024 128.928 0 1
-3.67535 8.8159 0.928375 -0.213647 0.512566 0.831643 129.045 0 1
-4.16711 8.58046 0.938458 -0.241937 0.500638 0.831161 129.159 0 1
-4.64693 8.32632 0.942992 -0.269875 0.486997 0.830663 129.283 0 1
-5.12739 8.02838 0.954725 -0.297361 0.47148 0.830231 129.398 0 1
-5.56464 7.74699 0.951705 -0.324208 0.454005 0.829921 129.516 0 1
-5.99887 7.43944 0.942988 -0.350177 0.434582 0.829768 129.641 0 1
-6.45445 7.06737 0.937244 -0.375028 0.413299 0.829782 129.77 0 1
-6.86344 6.65968 0.942803 -0.398561 0.390304 0.829947 129.905 0 1
-7.2619 6.2044 0.949657 -0.420645 0.365768 0.830224 130.018 0 1
-7.58378 5.8047 0.950519 -0.441233 0.339861 0.830547 130.145 0 1
-7.93277 5.35429 0.938497 -0.460335 0.312729 0.830839 130.278 0 1
-8.24002 4.86371 0.940519 -0.477966 0.284505 0.831027 130.403 0 1
-8.49279 4.39426 0.9438 -0.494106 0.25533 0.831063 130.526 0 1
-8.73676 3.92 0.934096 -0.508683 0.225356 0.830937 130.66 0 1
-8.96944 3.3601 0.931853 -0.521606 0.194731 0.830667 130.8 0 1
-9.16087 2.77157 0.939796 -0.532801 0.163592 0.830278 130.931 0 1
-9.28641 2.21952 0.958357 -0.542233 0.132129 0.829774 131.059 0 1
-9.39158 1.67927 0.958523 -0.549908 0.100729 0.829129 131.178 0 1
-9.48297 1.15208 0.946083 -0.555868 0.0701473 0.828305 131.32 0 1
-9.54929 0.511771 0.941908 -0.560223 0.0415827 0.827298 131.449 0 1
-9.55158 -0.0696658 0.95561 -0.56317 0.0165684 0.826175 131.564 0 1
-9.54715 -0.597233 0.949534 -0.565007 -0.00331075 0.825079 131.691 0 1
-9.4946 -1.15811 0.953768 -0.566086 -0.0167676 0.824175 131.819 0 1
-9.40665 -1.7069 0.958742 -0.566727 -0.0230877 0.823582 131.982 0 1
-9.98181 -1.81468 0.545491 -0.567133 -0.0222351 0.823326 132.083 0 1
-10.0682 -1.2874 0.544201 -0.567333 -0.0147725 0.823356 132.18 0 1
-10.1171 -0.778177 0.547443 -0.567181 -0.00165845 0.823591 132.285 0 1
-10.1388 -0.224717 0.54794 -0.566401 0.0159876 0.823975 132.398 0 1
-10.1364 0.366693 0.543316 -0.564662 0.0370784 0.824489 132.501 0 1
-10.0928 0.907588 0.544753 -0.561671 0.0606761 0.825133 132.606 0 1
-10.0245 1.45643 0.5439 -0.557231 0.0860303 0.825889 132.703 0 1
-9.93157 1.96451 0.552212 -0.55127 0.112558 0.8267 132.809 0 1
-9.81857 2.50217 0.550919 -0.543808 0.139796 0.827484 132.911 0 1
-9.69033 3.01917 0.54002 -0.534913 0.167361 0.828165 133.014 0 1
-9.51541 3.54041 0.539664 -0.524643 0.194929 0.828706 133.114 0 1
-9.32869 4.03735 0.533421 -0.51302 0.222231 0.82911 133.21 0 1
-9.10332 4.50057 0.539139 -0.50004 0.249069 0.829412 133.304 0 1
-8.85804 4.93937 0.54592 -0.485688 0.275315 0.829644 133.415 0 1
-8.56504 5.44107 0.540655 -0.469968 0.300885 0.829818 133.52 0 1
-8.25689 5.91041 0.536733 -0.452906 0.325704 0.829936 133.619 0 1
-7.92175 6.32112 0.549544 -0.434538 0.349669 0.830005 133.722 0 1
-7.58495 6.73811 0.540834 -0.414897 0.372644 0.830058 133.831 0 1
-7.18939 7.16425 0.537547 -0.394014 0.394476 0.830146 133.937 0 1
-6.78347 7.55577 0.531855 -0.371919 0.415022 0.830321 134.035 0 1
-6.37289 7.88889 0.536432 -0.348669 0.434177 0.830615 134.132 0 1
-5.95279 8.19556 0.542229 -0.324341 0.451891 0.831022 134.228 0 1
-5.5287 8.47804 0.54507 -0.29903 0.468168 0.831504 134.35 0 1
-4.98007 8.8111 0.541773 -0.27282 0.483061 0.831998 134.465 0 1
-4.43595 9.09528 0.54438 -0.245759 0.496657 0.832427 134.577 0 1
-3.90281 9.35092 0.536163 -0.217867 0.509051 0.832707 134.674 0 1
-3.42045 9.54456 0.533646 -0.189157 0.520322 0.832757 134.772 0 1
-2.91934 9.70407 0.541754 -0.159678 0.530506 0.832506 134.88 0 1
-2.36887 9.86466 0.53617 -0.129546 0.53957 0.831914 134.984 0 1
-1.82223 9.97404 0.543944 -0.0989423 0.547403 0.830999 135.086 0 1
-1.28937 10.0611 0.543588 -0.0680813 0.553815 0.829852 135.197 0 1
-0.709635 10.121 0.538814 -0.0371616 0.55856 0.828631 135.315 0 1
-0.0764534 10.1348 0.540236 -0.00632539 0.56139 0.827527 135.418 0 1
0.466722 10.1091 0.548394 0.0243455 0.562118 0.826699 135.515 0 1
0.974468 10.074 0.545931 0.0548039 0.560662 0.826229 135.613 0 1
1.48535 10.0043 0.547277 0.0850073 0.557065 0.826107 135.709 0 1
1.98594 9.91664 0.547626 0.114904 0.551441 0.826263 135.813 0 1
2.51881 9.813 0.536752 0.144438 0.543917 0.826615 135.924 0 1
3.08696 9.63613 0.544732 0.17355 0.534583 0.827104 136.042 0 1
3.67637 9.42872 0.537203 0.20218 0.523501 0.82769 136.142 0 1
4.15961 9.21202 0.544807 0.230248 0.51075 0.828324 136.249 0 1
4.67316 8.97071 0.540621 0.257656 0.496475 0.82893 136.361 0 1
5.19097 8.67608 0.546176 0.284316 0.480871 0.829414 136.466 0 1
5.66093 8.38945 0.541241 0.310185 0.464111 0.829691 136.588 0 1
6.19121 8.01825 0.539229 0.335283 0.44625 0.829727 136.683 0 1
6.58733 7.70134 0.536155 0.359655 0.427186 0.829555 136.779 0 1
6.9602 7.34864 0.542448 0.383294 0.4067 0.829265 136.885 0 1
7.3621 6.95347 0.53921 0.406073 0.38458 0.828977 136.983 0 1
7.71584 6.57197 0.539444 0.427742 0.360732 0.8288 137.092 0 1
8.08476 6.12508 0.544553 0.447992 0.335253 0.828799 137.207 0 1
8.44051 5.63106 0.550904 0.466556 0.308422 0.828976 137.325 0 1
8.76643 5.11075 0.548442 0.483289 0.280628 0.829265 137.443 0 1
9.05939 4.56317 0.544398 0.498187 0.252282 0.829556 137.556 0 1
9.29781 4.01532 0.546508 0.511358 0.223722 0.829736 137.677 0 1
9.53408 3.42898 0.535915 0.522962 0.195144 0.829716 137.771 0 1
9.68807 2.94473 0.537832 0.533158 0.166574 0.829455 137.872 0 1
9.81819 2.42455 0.544677 0.542056 0.137904 0.82895 137.977 0 1
9.93583 1.88298 0.545692 0.549695 0.108976 0.828227 138.075 0 1
10.0306 1.37624 0.53978 0.55603 0.0796498 0.827337 138.181 0 1
10.0872 0.815448 0.546632 0.560939 0.0498468 0.826355 138.278 0 1
10.1299 0.30308 0.544556 0.564251 0.0195705 0.825372 138.375 0 1
10.1375 -0.20673 0.547556 0.565785 -0.0110869 0.824478 138.473 0 1
10.1158 -0.721614 0.544457 0.565391 -0.0419472 0.823755 138.569 0 1
10.0611 -1.22581 0.545654 0.562979 -0.0727716 0.823261 138.684 0 1
9.96332 -1.81984 0.551782 0.558517 -0.103304 0.823035 138.787 0 1
9.872 -2.35185 0.538119 0.552026 -0.133315 0.8231 138.885 0 1
9.72077 -2.8488 0.54799 0.543565 -0.162625 0.823462 138.997 0 1
9.53508 -3.40603 0.545966 0.533223 -0.191113 0.824105 139.101 0 1
9.32703 -3.91582 0.549573 0.521125 -0.218705 0.824983 139.201 0 1
9.12639 -4.39566 0.538362 0.507415 -0.245364 0.826031 139.302 0 1
8.87376 -4.87512 0.54119 0.492237 -0.271094 0.82717 139.403 0 1
8.60079 -5.33869 0.541237 0.475708 -0.295937 0.828325 139.499 0 1
8.32931 -5.7639 0.53559 0.457911 -0.319964 0.829421 139.592 0 1
8.03014 -6.16871 0.534578 0.438922 -0.343238 0.830383 139.701 0 1
7.65324 -6.61417 0.537621 0.418834 -0.36578 0.831134 139.801 0 1
7.2898 -7.00653 0.538844 0.397778 -0.387546 0.831613 139.923 0 1
6.83436 -7.46798 0.533723 0.375897 -0.408442 0.831791 140.018 0 1
6.44662 -7.8063 0.535585 0.353291 -0.428352 0.831685 140.125 0 1
5.9857 -8.146 0.545563 0.329974 -0.447183 0.831351 140.223 0 1
5.56765 -8.44813 0.53532 0.305865 -0.464874 0.830867 140.318 0 1
5.1276 -8.70955 0.538696 0.280818 -0.481384 0.830308 140.436 0 1
4.57257 -9.00802 0.541565 0.254686 -0.496654 0.829741 140.537 0 1
4.09348 -9.24959 0.537953 0.227377 -0.510582 0.82922 140.643 0 1
3.57915 -9.47856 0.533276 0.198905 -0.523021 0.828786 140.742 0 1
3.07218 -9.64942 0.537939 0.169391 -0.533815 0.828461 140.859 0 1
2.46652 -9.80704 0.549202 0.139034 -0.542823 0.828259 140.974 0 1
1.8858 -9.95505 0.539565 0.108054 -0.549933 0.82819 141.073 0 1
1.36428 -10.046 0.538604 0.0766498 -0.555054 0.828275 141.19 0 1
0.742767 -10.1005 0.544697 0.0449811 -0.55812 0.82854 141.307 0 1
0.125176 -10.1229 0.546228 0.0131835 -0.559112 0.828988 141.408 0 1
-0.405749 -10.1203 0.544507 -0.0185943 -0.558076 0.829581 141.505 0 1
-0.917916 -10.094 0.543292 -0.0501649 -0.555138 0.830244 141.606 0 1
-1.44599 -10.0319 0.545619 -0.0813102 -0.550477 0.830881 141.713 0 1
-2.00109 -9.9415 0.540648 -0.11182 -0.544287 0.831413 141.816 0 1
-2.53691 -9.81615 0.539689 -0.141532 -0.536718 0.831807 141.938 0 1
-3.158 -9.62971 0.535619 -0.170356 -0.527842 0.832083 142.032 0 1
-3.63059 -9.44972 0.536654 -0.198273 -0.517634 0.832312 142.13 0 1
-4.11305 -9.24761 0.534021 -0.225312 -0.506017 0.832575 142.234 0 1
-4.61184 -8.99297 0.543316 -0.251541 -0.49291 0.832927 142.336 0 1
-5.08937 -8.73934 0.541425 -0.277031 -0.478301 0.833356 142.446 0 1
-5.58641 -8.43924 0.538553 -0.301833 -0.462272 0.833787 142.545 0 1
-6.02906 -8.1441 0.533052 -0.325958 -0.444982 0.834112 142.651 0 1
-6.48622 -7.80208 0.5285 -0.349371 -0.426604 0.834235 142.747 0 1
-6.87396 -7.4568 0.533793 -0.372019 -0.40726 0.834111 142.842 0 1
-7.24161 -7.10229 0.533277 -0.393845 -0.386991 0.833741 142.953 0 1
-7.64251 -6.65616 0.53776 -0.414798 -0.365777 0.833156 143.061 0 1
-8.00355 -6.2074 0.541785 -0.434828 -0.343583 0.832391 143.162 0 1
-8.32842 -5.78108 0.537206 -0.453866 -0.320428 0.831463 143.259 0 1
-8.63184 -5.35658 0.528414 -0.471808 -0.296446 0.830372 143.36 0 1
-8.91046 -4.88593 0.528612 -0.488496 -0.271922 0.829114 143.458 0 1
-9.1404 -4.40431 0.542142 -0.503751 -0.247279 0.8277 143.554 0 1
-9.34697 -3.93978 0.54301 -0.517434 -0.222975 0.826163 143.65 0 1
-9.53487 -3.47038 0.540587 -0.529517 -0.199371 0.824538 143.771 0 1
-9.73356 -2.85661 0.542675 -0.54013 -0.176617 0.82284 143.874 0 1
-9.8684 -2.32993 0.547228 -0.549549 -0.154615 0.82103 143.937 0 1
-9.94504 -2.00612 0.54466 -0.558146 -0.133067 0.819003 143.964 0 1
-9.9728 -1.86708 0.544686 -0.566313 -0.111587 0.816598 143.964 0 1
