-0.401058 0.0953739 5.22629 -0.0228897 0.00188046 0.999723 0 1 1
-0.122477 -0.359288 5.2231 -0.0222625 0.00202263 0.99975 0.321035 0 1
0.342457 -0.14397 5.2243 -0.0225619 0.000828083 0.999745 0.483243 0 1
0.164738 0.3574 5.22343 -0.0232767 -0.0021748 0.999727 0.624625 0 1
-0.297242 0.283812 5.22598 -0.0233001 -0.0069079 0.999705 0.671874 0 1
-0.381252 0.155962 5.22634 -0.0214301 -0.0126116 0.999691 0.89136 0 1
-1.073 0.306279 5.19509 -0.0169162 -0.0179587 0.999696 1.07651 0 1
-1.05375 -0.294357 5.19135 -0.00984047 -0.0214203 0.999722 1.25665 0 1
-0.72523 -0.783752 5.18861 -0.00119704 -0.0217584 0.999763 1.45665 0 1
-0.14189 -1.0793 5.18387 0.00734875 -0.0184541 0.999803 1.61711 0 1
0.402122 -1.00614 5.18571 0.0139137 -0.01189 0.999833 1.81259 0 1
0.89844 -0.582358 5.18826 0.0168783 -0.003222 0.999852 1.99353 0 1
1.08474 -0.020178 5.18463 0.0152363 0.00596936 0.999866 2.153 0 1
0.968985 0.489304 5.18339 0.00876099 0.0140664 0.999863 2.33581 0 1
0.558502 0.939546 5.18715 -0.00197837 0.0197052 0.999804 2.4813 0 1
0.083937 1.09644 5.19207 -0.0157031 0.0219307 0.999636 2.64636 0 1
-0.46484 1.00996 5.19441 -0.0306058 0.0202395 0.999327 2.84121 0 1
-0.952503 0.601417 5.19625 -0.0446198 0.014554 0.998898 2.91029 0 1
-1.04888 0.398625 5.1952 -0.0557389 0.0051835 0.998432 3.12928 0 1
-1.7284 0.596822 5.12907 -0.0623162 -0.00718905 0.998031 3.27944 0 1
-1.80901 0.0965452 5.12719 -0.0632843 -0.0215065 0.997764 3.44186 0 1
-1.73701 -0.442846 5.12448 -0.0582698 -0.0363724 0.997638 3.6063 0 1
-1.52447 -0.930879 5.12299 -0.0476094 -0.0501615 0.997606 3.76499 0 1
-1.1901 -1.31023 5.12963 -0.0322831 -0.0612042 0.997603 3.93375 0 1
-0.750196 -1.61737 5.1275 -0.0137746 -0.0680141 0.997589 4.13273 0 1
-0.135867 -1.78713 5.11683 0.00613162 -0.0695131 0.997562 4.29919 0 1
0.416464 -1.73109 5.11672 0.0255855 -0.0652076 0.997544 4.45585 0 1
0.88991 -1.53541 5.11561 0.0428827 -0.055271 0.99755 4.61665 0 1
1.29531 -1.20854 5.11411 0.0566012 -0.0405141 0.997575 4.78952 0 1
1.6127 -0.745487 5.1161 0.0656525 -0.0222604 0.997594 4.95177 0 1
1.77392 -0.230643 5.11562 0.0692924 -0.00216804 0.997594 5.11639 0 1
1.75134 0.325265 5.11741 0.0671453 0.0179709 0.997581 5.28498 0 1
1.57858 0.85434 5.11051 0.0592492 0.0364551 0.997577 5.44758 0 1
1.26189 1.28212 5.10881 0.0460817 0.0519398 0.997586 5.60402 0 1
0.843648 1.58976 5.11345 0.0285479 0.063714 0.99756 5.76319 0 1
0.343878 1.76772 5.12082 0.00795694 0.0718873 0.997381 5.93085 0 1
-0.21196 1.79772 5.12584 -0.0140053 0.0773537 0.996905 6.10143 0 1
-0.751008 1.64528 5.12915 -0.0353561 0.0814987 0.996046 6.27671 0 1
-1.22878 1.3397 5.12855 -0.0540045 0.0857474 0.994852 6.43408 0 1
-1.55696 0.950282 5.12845 -0.0680364 0.0911281 0.993512 6.52768 0 1
-1.70012 0.677194 5.12898 -0.0760089 0.0979972 0.99228 6.73867 0 1
-2.34027 0.958958 5.02218 -0.0771459 0.105986 0.99137 6.93933 0 1
-1.99856 1.52513 5.02502 -0.0713784 0.114159 0.990895 7.10309 0 1
-1.62673 1.90751 5.02703 -0.0592473 0.121299 0.990846 7.26791 0 1
-1.17754 2.22169 5.02703 -0.0417427 0.126208 0.991125 7.42098 0 1
-0.705973 2.41614 5.02569 -0.0201526 0.127892 0.991583 7.59519 0 1
-0.138193 2.51156 5.02168 0.00404976 0.125619 0.99207 7.76904 0 1
0.427275 2.46018 5.0225 0.0292928 0.118891 0.992475 7.92358 0 1
0.913533 2.31059 5.0261 0.053987 0.10742 0.992747 8.09527 0 1
1.41488 2.05651 5.02187 0.0766057 0.0911799 0.992884 8.30022 0 1
1.90912 1.61736 5.00885 0.0957628 0.0704912 0.992905 8.45501 0 1
2.19152 1.19152 5.0091 0.110279 0.0460855 0.992832 8.61463 0 1
2.37658 0.702174 5.01294 0.119235 0.0190707 0.992683 8.81233 0 1
2.48841 0.0590702 5.01303 0.122018 -0.00919949 0.992485 8.98247 0 1
2.43056 -0.508851 5.01298 0.11836 -0.0372836 0.992271 9.17682 0 1
2.20503 -1.1378 5.00762 0.108363 -0.0637591 0.992065 9.35301 0 1
1.86563 -1.62049 5.0049 0.09248 -0.0872617 0.991883 9.51653 0 1
1.46446 -1.98475 5.00653 0.0714838 -0.106521 0.991738 9.71138 0 1
0.905789 -2.29829 5.01156 0.0464178 -0.120451 0.991633 9.86633 0 1
0.41847 -2.43968 5.01531 0.0185562 -0.128278 0.991565 10.048 0 1
-0.174425 -2.48627 5.01205 -0.0106634 -0.12964 0.991504 10.2043 0 1
-0.693197 -2.39375 5.01296 -0.0397663 -0.12463 0.991406 10.3841 0 1
-1.23289 -2.15306 5.02407 -0.0674298 -0.113807 0.991212 10.5437 0 1
-1.63722 -1.84068 5.03126 -0.092675 -0.0982359 0.990839 10.7047 0 1
-1.99323 -1.46854 5.02417 -0.114965 -0.079519 0.990182 10.8767 0 1
-2.2793 -0.991248 5.01379 -0.134152 -0.0597408 0.989158 11.0336 0 1
-2.44543 -0.500886 5.01342 -0.150319 -0.0412515 0.987777 11.2211 0 1
-2.50264 0.111279 5.01845 -0.163604 -0.0263091 0.986175 11.3861 0 1
-2.43514 0.657748 5.02096 -0.17409 -0.0167044 0.984588 11.449 0 1
-2.37721 0.862393 5.02166 -0.181745 -0.0135156 0.983253 11.6599 0 1
-3.01928 1.10255 4.88168 -0.1864 -0.0170516 0.982326 11.8446 0 1
-3.15771 0.514453 4.87846 -0.187755 -0.0269339 0.981847 12.018 0 1
-3.20282 -0.0623844 4.87532 -0.185429 -0.0422286 0.98175 12.1855 0 1
-3.12828 -0.609163 4.87913 -0.179057 -0.0615862 0.981909 12.3445 0 1
-2.98484 -1.10248 4.87611 -0.168392 -0.0833939 0.982186 12.498 0 1
-2.76263 -1.54996 4.87722 -0.153369 -0.10594 0.982474 12.6701 0 1
-2.43217 -2.01889 4.88517 -0.134143 -0.127563 0.982717 12.8351 0 1
-2.03484 -2.41965 4.88851 -0.111099 -0.146762 0.982913 13.0117 0 1
-1.56454 -2.75102 4.88045 -0.0848373 -0.162285 0.98309 13.1769 0 1
-1.08926 -2.99118 4.8726 -0.0561468 -0.173199 0.983285 13.3435 0 1
-0.564424 -3.13007 4.86878 -0.0259442 -0.178928 0.98352 13.5121 0 1
0.000115826 -3.18004 4.87071 0.00481968 -0.179228 0.983796 13.6787 0 1
0.555724 -3.12043 4.87109 0.0352472 -0.174113 0.984095 13.8596 0 1
1.13239 -2.95624 4.86977 0.0645252 -0.163757 0.984388 14.0304 0 1
1.6419 -2.68835 4.87525 0.0918881 -0.148457 0.984641 14.1748 0 1
2.04652 -2.39759 4.87191 0.116564 -0.128661 0.984814 14.3508 0 1
2.47286 -1.98075 4.86496 0.137766 -0.105017 0.984882 14.5187 0 1
2.78643 -1.51791 4.86931 0.154745 -0.0783829 0.98484 14.7023 0 1
3.01935 -0.953974 4.87483 0.16685 -0.0497492 0.984726 14.9033 0 1
3.162 -0.302891 4.87597 0.173565 -0.0200948 0.984617 15.0562 0 1
3.16731 0.202881 4.87758 0.174542 0.00971969 0.984602 15.2106 0 1
3.095 0.703783 4.87623 0.169658 0.0389677 0.984732 15.3991 0 1
2.90258 1.28707 4.87422 0.159061 0.0669893 0.984993 15.5605 0 1
2.66482 1.76746 4.87089 0.143185 0.0931138 0.985306 15.739 0 1
2.27392 2.2387 4.88367 0.122688 0.116629 0.985568 15.9205 0 1
1.81141 2.6251 4.90004 0.0983659 0.136811 0.985701 16.0786 0 1
1.36467 2.87796 4.90496 0.0710772 0.152977 0.98567 16.2531 0 1
0.826065 3.0671 4.89905 0.0416999 0.164557 0.985486 16.4064 0 1
0.316387 3.17894 4.88948 0.0110957 0.171178 0.985178 16.586 0 1
-0.290792 3.19535 4.88609 -0.0199265 0.172758 0.984763 16.7565 0 1
-0.851356 3.10235 4.88932 -0.0506502 0.169559 0.984218 16.9192 0 1
-1.35898 2.9125 4.8874 -0.0804683 0.16213 0.983483 17.0712 0 1
-1.81115 2.64755 4.88803 -0.108854 0.151136 0.982501 17.2252 0 1
-2.21183 2.3152 4.88692 -0.135302 0.137146 0.981267 17.4001 0 1
-2.58476 1.88523 4.88628 -0.159281 0.120503 0.979851 17.5793 0 1
-2.89659 1.40583 4.88292 -0.180254 0.101324 0.978387 17.6434 0 1
-2.97741 1.21679 4.88213 -0.197727 0.0796351 0.977017 17.8583 0 1
-3.62402 1.41601 4.7126 -0.21131 0.0555116 0.975841 18.03 0 1
-3.78223 0.86555 4.71193 -0.220723 0.0291756 0.9749 18.2138 0 1
-3.87698 0.240115 4.70822 -0.225776 0.00102001 0.974179 18.373 0 1
-3.87057 -0.29523 4.71298 -0.226343 -0.0283988 0.973634 18.5237 0 1
-3.79415 -0.792067 4.71598 -0.222358 -0.0583828 0.973215 18.6765 0 1
-3.64967 -1.27273 4.71082 -0.213826 -0.088132 0.972888 18.8331 0 1
-3.43719 -1.739 4.71031 -0.200847 -0.116802 0.972634 19.0179 0 1
-3.12079 -2.25417 4.71142 -0.18364 -0.143564 0.972453 19.1999 0 1
-2.72698 -2.70509 4.71529 -0.162571 -0.16765 0.97235 19.3708 0 1
-2.311 -3.07619 4.71034 -0.138161 -0.188379 0.97233 19.5334 0 1
-1.8671 -3.36199 4.70794 -0.111057 -0.205174 0.972404 19.7009 0 1
-1.37415 -3.60173 4.7054 -0.0819526 -0.217576 0.972597 19.8554 0 1
-0.887658 -3.75321 4.70368 -0.0514917 -0.22527 0.972935 20.0279 0 1
-0.324421 -3.84939 4.70098 -0.0202284 -0.228107 0.973426 20.2005 0 1
0.24885 -3.86577 4.69812 0.0113521 -0.226114 0.974035 20.3644 0 1
0.790342 -3.76679 4.70375 0.0427695 -0.219456 0.974684 20.5355 0 1
1.33886 -3.60782 4.70609 0.0734907 -0.208374 0.975284 20.6857 0 1
1.79551 -3.39489 4.7163 0.102912 -0.193132 0.975761 20.8608 0 1
2.29596 -3.07388 4.72049 0.130376 -0.174007 0.976076 21.0303 0 1
2.72387 -2.70325 4.71606 0.155214 -0.151344 0.976219 21.1941 0 1
3.09282 -2.30128 4.71026 0.176773 -0.125617 0.976203 21.3773 0 1
3.42348 -1.7804 4.71283 0.194459 -0.0974601 0.976057 21.5455 0 1
3.63833 -1.25428 4.71495 0.207788 -0.0676012 0.975835 21.7291 0 1
3.79444 -0.673052 4.71306 0.216444 -0.0367245 0.975604 21.9163 0 1
3.85913 -0.0669891 4.71149 0.220293 -0.00532993 0.975419 22.1157 0 1
3.80831 0.5937 4.70764 0.219356 0.0262919 0.975291 22.2728 0 1
3.67742 1.09827 4.71349 0.213742 0.0579311 0.975171 22.4349 0 1
3.52618 1.60875 4.70865 0.203619 0.0892534 0.974973 22.5922 0 1
3.29247 2.06997 4.71085 0.189198 0.119656 0.974621 22.7518 0 1
2.97928 2.5047 4.71658 0.170746 0.14827 0.974095 22.925 0 1
2.56973 2.90086 4.73172 0.148583 0.174101 0.973454 23.1048 0 1
2.10916 3.24471 4.73963 0.123084 0.196213 0.972806 23.271 0 1
1.64886 3.50568 4.73435 0.0947011 0.213858 0.972264 23.4287 0 1
1.16602 3.69198 4.7281 0.0639851 0.226522 0.971902 23.5775 0 1
0.673423 3.81561 4.72138 0.031598 0.233908 0.971745 23.7638 0 1
0.0396609 3.88784 4.71746 -0.0017187 0.235925 0.97177 23.9444 0 1
-0.557311 3.84864 4.72129 -0.0352065 0.232758 0.971897 24.1024 0 1
-1.06202 3.7545 4.7192 -0.0681278 0.225017 0.97197 24.2787 0 1
-1.60113 3.54717 4.71741 -0.0997266 0.213875 0.971757 24.4371 0 1
-2.05966 3.29625 4.71929 -0.12914 0.201089 0.971023 24.6481 0 1
-2.62045 2.86899 4.71864 -0.155361 0.188788 0.96965 24.8233 0 1
-3.03263 2.44181 4.71594 -0.177329 0.179097 0.967718 24.988 0 1
-3.34338 1.99637 4.71631 -0.194096 0.173694 0.965483 25.1618 0 1
-3.59753 1.48764 4.71225 -0.204973 0.173516 0.963264 25.3734 0 1
-4.229 1.72716 4.51383 -0.20958 0.178665 0.96133 25.5341 0 1
-3.99649 2.20941 4.51756 -0.207816 0.188514 0.959831 25.7006 0 1
-3.71987 2.67625 4.51756 -0.19982 0.201907 0.958804 25.8552 0 1
-3.39459 3.0598 4.5185 -0.185954 0.217397 0.958206 26.0375 0 1
-2.95644 3.47729 4.51627 -0.166802 0.233475 0.957949 26.213 0 1
-2.47657 3.83002 4.51446 -0.143142 0.248765 0.957928 26.3657 0 1
-2.03938 4.08266 4.51608 -0.115875 0.262159 0.958043 26.5647 0 1
-1.4453 4.34729 4.51462 -0.0859205 0.272853 0.958211 26.724 0 1
-0.935184 4.4681 4.5174 -0.0541284 0.28031 0.958382 26.9099 0 1
-0.32232 4.54783 4.51333 -0.0212439 0.284147 0.958545 27.0726 0 1
0.217699 4.54841 4.51475 0.012078 0.284038 0.958737 27.2434 0 1
0.773659 4.48761 4.51143 0.0452491 0.279662 0.959032 27.4114 0 1
1.31853 4.36446 4.51542 0.0777432 0.270769 0.9595 27.5797 0 1
1.83795 4.16099 4.52451 0.109107 0.257296 0.960153 27.7426 0 1
2.30558 3.91463 4.53016 0.138959 0.239454 0.960912 27.8981 0 1
2.72308 3.62685 4.53764 0.166946 0.217726 0.961626 28.0733 0 1
3.16488 3.27533 4.5357 0.192683 0.192755 0.962143 28.2731 0 1
3.60782 2.80903 4.53058 0.215701 0.165206 0.962382 28.4421 0 1
3.91304 2.36214 4.52573 0.235466 0.135657 0.962368 28.6259 0 1
4.17233 1.81716 4.51917 0.251456 0.104569 0.962203 28.7899 0 1
4.33855 1.30583 4.51679 0.263253 0.0723321 0.962011 28.9692 0 1
4.47638 0.732548 4.50759 0.270593 0.0393378 0.96189 29.1656 0 1
4.52938 0.0762848 4.51043 0.273326 0.00601828 0.961903 29.3457 0 1
4.50255 -0.529045 4.51479 0.271359 -0.0271745 0.962095 29.5063 0 1
4.39991 -1.04075 4.52132 0.264619 -0.0598247 0.962496 29.6744 0 1
4.2475 -1.55961 4.5204 0.253093 -0.0915832 0.963097 29.8565 0 1
4.01173 -2.10517 4.51956 0.236911 -0.122136 0.963824 30.0295 0 1
3.71117 -2.60872 4.51764 0.21641 -0.151132 0.964534 30.2094 0 1
3.31763 -3.07038 4.52751 0.192123 -0.17812 0.965071 30.3798 0 1
2.90911 -3.45032 4.53902 0.164692 -0.202553 0.965323 30.5733 0 1
2.41057 -3.82951 4.53269 0.134761 -0.223851 0.965262 30.7647 0 1
1.85967 -4.12642 4.52678 0.102911 -0.24149 0.964931 30.9668 0 1
1.22016 -4.35966 4.51582 0.0696581 -0.255061 0.964413 31.1489 0 1
0.621107 -4.48804 4.50591 0.0354838 -0.264286 0.963791 31.3099 0 1
0.0686297 -4.54615 4.50044 0.000854179 -0.269002 0.963139 31.4822 0 1
-0.526057 -4.50448 4.50732 -0.0337883 -0.269149 0.962506 31.657 0 1
-1.10134 -4.38672 4.51131 -0.0680236 -0.264781 0.961906 31.8233 0 1
-1.63593 -4.21871 4.50975 -0.101427 -0.256072 0.961322 31.9784 0 1
-2.12466 -4.00022 4.50771 -0.133532 -0.243277 0.960721 32.1564 0 1
-2.62212 -3.68036 4.5072 -0.163822 -0.226651 0.9601 32.3241 0 1
-3.04764 -3.3373 4.51119 -0.191761 -0.206405 0.959492 32.4855 0 1
-3.41286 -2.96036 4.51669 -0.216839 -0.182749 0.958949 32.6577 0 1
-3.75628 -2.52241 4.5093 -0.238639 -0.156007 0.958495 32.8364 0 1
-4.04849 -2.01745 4.50372 -0.256921 -0.126696 0.958092 33.0186 0 1
-4.28789 -1.46091 4.50887 -0.271687 -0.0955272 0.957633 33.1796 0 1
-4.4453 -0.949515 4.5178 -0.283159 -0.0632903 0.956983 33.3412 0 1
-4.53579 -0.413185 4.51905 -0.291622 -0.0306862 0.956041 33.5189 0 1
-4.5449 0.202053 4.50996 -0.297225 0.0018253 0.954806 33.6773 0 1
-4.49722 0.737908 4.50789 -0.299867 0.0340765 0.953372 33.8375 0 1
-4.37084 1.2657 4.51645 -0.299265 0.0661137 0.951877 33.9534 0 1
-4.26043 1.6407 4.5141 -0.295125 0.0980321 0.950416 34.1618 0 1
-4.87769 1.87114 4.282 -0.287278 0.129804 0.949011 34.3445 0 1
-4.63184 2.42543 4.28417 -0.275724 0.16117 0.947629 34.4985 0 1
-4.37681 2.87816 4.28902 -0.260586 0.191633 0.946241 34.7047 0 1
-3.96446 3.42554 4.29311 -0.242057 0.220544 0.944864 34.8593 0 1
-3.61512 3.78269 4.28628 -0.220358 0.247223 0.943569 35.0343 0 1
-3.17521 4.15134 4.27769 -0.195723 0.271056 0.942455 35.2072 0 1
-2.68207 4.47297 4.27623 -0.168415 0.291552 0.941612 35.3718 0 1
-2.20174 4.73716 4.27646 -0.138765 0.308358 0.941095 35.5533 0 1
-1.64775 4.9682 4.27443 -0.107199 0.321265 0.940902 35.7046 0 1
-1.15518 5.09777 4.27494 -0.0742174 0.330198 0.940989 35.8634 0 1
-0.612392 5.1929 4.2757 -0.0403485 0.335208 0.94128 36.0134 0 1
-0.109454 5.22679 4.28516 -0.00608937 0.336442 0.941684 36.1836 0 1
0.446858 5.20615 4.28396 0.0281281 0.33411 0.942114 36.375 0 1
1.0641 5.11064 4.2811 0.0619492 0.328402 0.942504 36.5417 0 1
1.60458 4.97022 4.28419 0.0950918 0.319418 0.942831 36.7042 0 1
2.09745 4.7616 4.29675 0.127325 0.307127 0.943113 36.8598 0 1
2.54567 4.53391 4.30064 0.158429 0.291418 0.943385 37.027 0 1
3.00502 4.24619 4.30477 0.188152 0.272232 0.943657 37.1814 0 1
3.41078 3.93343 4.30504 0.216172 0.249715 0.943881 37.3493 0 1
3.82923 3.55682 4.3024 0.242081 0.224287 0.943977 37.5122 0 1
4.18798 3.16032 4.30354 0.265391 0.196582 0.943887 37.6711 0 1
4.48516 2.73546 4.302 0.285583 0.167272 0.943643 37.8216 0 1
4.70707 2.28647 4.30131 0.302178 0.136894 0.943371 38.0033 0 1
4.92208 1.70699 4.29127 0.314825 0.10577 0.943238 38.1597 0 1
5.05717 1.20091 4.28301 0.323358 0.0740487 0.943375 38.3113 0 1
5.14443 0.704918 4.27575 0.327804 0.041807 0.94382 38.4778 0 1
5.19705 0.149862 4.27345 0.328377 0.00914437 0.944503 38.6475 0 1
5.18347 -0.413841 4.28241 0.325434 -0.0237621 0.945266 38.8196 0 1
5.0966 -0.96776 4.29821 0.319388 -0.0566581 0.945929 38.9889 0 1
4.97344 -1.49768 4.29589 0.310564 -0.0892515 0.946353 39.1443 0 1
4.81676 -1.97461 4.28901 0.299101 -0.121249 0.946487 39.3073 0 1
4.5813 -2.45441 4.29843 0.284933 -0.15236 0.946361 39.487 0 1
4.27553 -2.95909 4.29854 0.267889 -0.182273 0.946051 39.6387 0 1
3.97037 -3.35633 4.29265 0.247832 -0.210647 0.945625 39.7923 0 1
3.61648 -3.72071 4.30144 0.224793 -0.237118 0.945115 39.9505 0 1
3.21941 -4.06975 4.3122 0.198994 -0.261305 0.944522 40.1059 0 1
2.79753 -4.36866 4.31592 0.170791 -0.282812 0.943847 40.2603 0 1
2.35523 -4.62342 4.30764 0.14057 -0.301228 0.943134 40.4227 0 1
1.85607 -4.85397 4.29535 0.108667 -0.316147 0.942466 40.5916 0 1
1.28496 -5.0299 4.28946 0.0753602 -0.327215 0.94194 40.7414 0 1
0.776822 -5.13744 4.27472 0.0409032 -0.334176 0.941623 40.9066 0 1
0.214469 -5.20696 4.26274 0.00558064 -0.336893 0.941527 41.0846 0 1
-0.393837 -5.19231 4.27099 -0.0302592 -0.335327 0.941616 41.2483 0 1
-0.936365 -5.1093 4.28089 -0.0661895 -0.329519 0.941826 41.4222 0 1
-1.49478 -4.9738 4.27606 -0.101701 -0.319584 0.942084 41.5885 0 1
-2.01924 -4.78693 4.27705 -0.136216 -0.305738 0.942321 41.7863 0 1
-2.60956 -4.4839 4.27551 -0.169147 -0.288292 0.942484 41.9685 0 1
-3.10322 -4.13534 4.27891 -0.199975 -0.267588 0.942553 42.1573 0 1
-3.60327 -3.73856 4.2769 -0.228311 -0.243912 0.94254 42.3191 0 1
-3.9693 -3.33405 4.27973 -0.253882 -0.217494 0.942465 42.4766 0 1
-4.29676 -2.92591 4.26657 -0.276489 -0.188584 0.942332 42.6668 0 1
-4.617 -2.36964 4.26329 -0.295967 -0.157565 0.942113 42.8253 0 1
-4.84974 -1.86398 4.26666 -0.312231 -0.12498 0.941749 42.9695 0 1
-5.00429 -1.38741 4.27715 -0.32534 -0.0914702 0.941163 43.1482 0 1
-5.15138 -0.800738 4.27993 -0.335526 -0.0576472 0.940265 43.3268 0 1
-5.21179 -0.200621 4.27503 -0.343114 -0.0239566 0.938988 43.4749 0 1
-5.19941 0.300609 4.26979 -0.348349 0.00940571 0.937318 43.6296 0 1
-5.15067 0.825851 4.26838 -0.351241 0.0424845 0.935321 43.8013 0 1
-5.04307 1.40075 4.27158 -0.351496 0.0754482 0.933144 43.9409 0 1
-4.88881 1.84143 4.28171 -0.348605 0.108411 0.930979 44.1557 0 1
-5.51449 2.05053 4.01184 -0.342041 0.141283 0.929003 44.3297 0 1
-5.28362 2.58594 4.01691 -0.33146 0.173727 0.927336 44.4792 0 1
-5.0377 3.02619 4.02736 -0.316819 0.205223 0.926018 44.6498 0 1
-4.73015 3.51143 4.02936 -0.298363 0.235179 0.925024 44.8241 0 1
-4.37119 3.95259 4.02809 -0.276526 0.263035 0.924308 44.9962 0 1
-3.97483 4.34603 4.01752 -0.251796 0.288331 0.923831 45.16 0 1
-3.54248 4.68338 4.01222 -0.22462 0.310746 0.923571 45.3267 0 1
-3.05409 5.01305 4.00501 -0.195366 0.330103 0.923506 45.5244 0 1
-2.45404 5.33155 4.00479 -0.16435 0.346338 0.923601 45.6869 0 1
-1.95661 5.54225 4.00281 -0.131857 0.359447 0.923803 45.8463 0 1
-1.45143 5.70046 4.00555 -0.0981563 0.369443 0.924055 46.0032 0 1
-0.936315 5.80513 4.00819 -0.0634937 0.376322 0.924311 46.1628 0 1
-0.405578 5.86446 4.01392 -0.0280993 0.380057 0.924536 46.3232 0 1
0.120728 5.86638 4.01826 0.00778321 0.380601 0.924707 46.5018 0 1
0.702416 5.84162 4.01068 0.0438638 0.377906 0.924804 46.6696 0 1
1.2501 5.74171 4.01807 0.0798083 0.371934 0.924822 46.8355 0 1
1.79595 5.59082 4.02369 0.115285 0.36264 0.924771 47.0054 0 1
2.32401 5.38106 4.03339 0.15001 0.349942 0.924682 47.1723 0 1
2.80444 5.13119 4.04083 0.183724 0.333733 0.924591 47.3561 0 1
3.31417 4.82485 4.04013 0.216127 0.313937 0.924518 47.5342 0 1
3.78315 4.46789 4.03927 0.246812 0.290621 0.924458 47.6964 0 1
4.18834 4.11292 4.03332 0.275293 0.264085 0.924377 47.874 0 1
4.58947 3.68321 4.03608 0.30109 0.234883 0.924216 48.0347 0 1
4.91034 3.26349 4.03448 0.323835 0.203722 0.92392 48.2346 0 1
5.24304 2.68014 4.02358 0.343297 0.171275 0.923478 48.3971 0 1
5.45874 2.15087 4.01909 0.359351 0.138015 0.92294 48.5446 0 1
5.61093 1.65985 4.01912 0.37192 0.104158 0.922403 48.7102 0 1
5.74459 1.10025 4.00948 0.380945 0.0697209 0.921965 48.8621 0 1
5.81621 0.578656 4.00363 0.38637 0.0346481 0.921693 49.0451 0 1
5.84826 -0.0626503 4.00478 0.388148 -0.0010534 0.921596 49.1954 0 1
5.82451 -0.572007 4.01815 0.386257 -0.0372127 0.92164 49.3667 0 1
5.73712 -1.13542 4.03014 0.38074 -0.0734669 0.921759 49.5305 0 1
5.60227 -1.66781 4.03367 0.371715 -0.109325 0.921887 49.7057 0 1
5.41908 -2.23015 4.02735 0.359331 -0.144286 0.921989 49.8804 0 1
5.16224 -2.75171 4.03795 0.3437 -0.177943 0.922066 50.0491 0 1
4.86961 -3.2326 4.04513 0.32487 -0.21001 0.922147 50.2017 0 1
4.56814 -3.65198 4.03498 0.302854 -0.240279 0.92225 50.3504 0 1
4.22947 -4.02351 4.03531 0.277729 -0.268541 0.922362 50.5166 0 1
3.82646 -4.41277 4.03626 0.24974 -0.294526 0.922434 50.6718 0 1
3.40987 -4.74096 4.0455 0.219325 -0.317897 0.922409 50.8377 0 1
2.93926 -5.0477 4.0465 0.187033 -0.338284 0.92227 50.9987 0 1
2.46392 -5.30687 4.03111 0.153372 -0.35535 0.922065 51.1671 0 1
1.92269 -5.52783 4.02384 0.118696 -0.368832 0.921886 51.3458 0 1
1.318 -5.69513 4.01544 0.0831892 -0.378592 0.921818 51.4974 0 1
0.797712 -5.79405 3.99643 0.0469485 -0.38462 0.92188 51.6519 0 1
0.261205 -5.84868 3.98858 0.0101049 -0.387017 0.922017 51.8381 0 1
-0.383561 -5.84494 3.99497 -0.0270885 -0.38592 0.922135 51.9983 0 1
-0.935931 -5.77321 4.00479 -0.0642435 -0.38142 0.922167 52.1685 0 1
-1.5085 -5.64478 4.00805 -0.100882 -0.373509 0.922125 52.3523 0 1
-2.09938 -5.4553 4.00723 -0.136502 -0.362097 0.922092 52.5016 0 1
-2.55671 -5.24598 4.01085 -0.170638 -0.347114 0.922168 52.6599 0 1
-3.02374 -4.98565 4.00533 -0.202903 -0.328606 0.922415 52.8343 0 1
-3.50825 -4.64627 4.00521 -0.233011 -0.306772 0.92282 53.0062 0 1
-3.97247 -4.2754 4.00419 -0.260765 -0.281919 0.923322 53.1701 0 1
-4.362 -3.86288 4.01574 -0.286008 -0.254375 0.923847 53.3451 0 1
-4.7456 -3.41177 4.0044 -0.308588 -0.224464 0.924332 53.5327 0 1
-5.08848 -2.87846 3.99992 -0.32834 -0.192533 0.924729 53.687 0 1
-5.33654 -2.40193 4.00178 -0.345127 -0.15902 0.924986 53.8373 0 1
-5.52523 -1.91004 4.00622 -0.358927 -0.124504 0.925025 54.0038 0 1
-5.69236 -1.36125 4.00448 -0.369913 -0.089766 0.92472 54.1943 0 1
-5.80841 -0.713481 4.01343 -0.378498 -0.055873 0.923914 54.3433 0 1
-5.85378 -0.195694 4.01054 -0.385289 -0.0242084 0.922479 54.4946 0 1
-5.85362 0.324794 4.0006 -0.390974 0.00362876 0.920394 54.6642 0 1
-5.80475 0.910821 3.99441 -0.39617 0.0260689 0.917807 54.813 0 1
-5.68683 1.42571 4.00841 -0.401266 0.0418479 0.915005 54.9905 0 1
-5.52536 2.01968 4.0116 -0.406342 0.0501925 0.912341 55.1998 0 1
-6.09516 2.31358 3.72534 -0.411178 0.0508714 0.910135 55.3498 0 1
-6.2486 1.8352 3.71977 -0.415352 0.0441407 0.908589 55.5284 0 1
-6.3939 1.2476 3.70296 -0.418378 0.0306378 0.907756 55.686 0 1
-6.47076 0.706059 3.69971 -0.419817 0.0112558 0.907539 55.8534 0 1
-6.49379 0.123692 3.7091 -0.419332 -0.0129775 0.90774 56.0093 0 1
-6.48364 -0.417865 3.71362 -0.416694 -0.040999 0.908122 56.1531 0 1
-6.4259 -0.924781 3.71909 -0.411738 -0.071773 0.908472 56.3172 0 1
-6.32261 -1.50466 3.71126 -0.404325 -0.104318 0.908647 56.4606 0 1
-6.18533 -1.98671 3.70946 -0.394332 -0.137709 0.908591 56.6334 0 1
-5.9738 -2.54742 3.71371 -0.381686 -0.171085 0.90832 56.798 0 1
-5.72287 -3.06001 3.70917 -0.366378 -0.203673 0.907901 56.9637 0 1
-5.43655 -3.55008 3.70478 -0.348442 -0.234828 0.907438 57.1358 0 1
-5.07398 -4.02095 3.71509 -0.327909 -0.264065 0.907053 57.2823 0 1
-4.7445 -4.4017 3.71034 -0.304773 -0.291066 0.90686 57.4465 0 1
-4.34166 -4.79411 3.70793 -0.279015 -0.315639 0.90693 57.643 0 1
-3.81812 -5.21407 3.70286 -0.250678 -0.337679 0.907267 57.8219 0 1
-3.30221 -5.5511 3.70795 -0.219956 -0.357123 0.90779 57.9723 0 1
-2.84699 -5.8146 3.71239 -0.187233 -0.373934 0.90836 58.114 0 1
-2.38849 -6.02964 3.71486 -0.153041 -0.388091 0.908825 58.2868 0 1
-1.81602 -6.22248 3.71519 -0.117919 -0.399585 0.90908 58.4567 0 1
-1.24596 -6.36946 3.70876 -0.0822543 -0.408399 0.90909 58.623 0 1
-0.665978 -6.46272 3.7026 -0.0461918 -0.41449 0.908881 58.7817 0 1
-0.094766 -6.49765 3.69424 -0.00967875 -0.417759 0.908506 58.931 0 1
0.436142 -6.47754 3.6923 0.0273775 -0.418045 0.908014 59.1056 0 1
1.05831 -6.39189 3.70524 0.0649327 -0.415153 0.907431 59.263 0 1
1.62246 -6.26964 3.71979 0.102717 -0.408914 0.906774 59.419 0 1
2.15084 -6.11263 3.72886 0.140265 -0.399247 0.906051 59.5867 0 1
2.69484 -5.90314 3.73125 0.177016 -0.386173 0.905282 59.7661 0 1
3.24925 -5.59915 3.74372 0.212414 -0.369792 0.904508 59.9417 0 1
3.75953 -5.27053 3.73952 0.245975 -0.350227 0.903791 60.1136 0 1
4.21667 -4.90785 3.73517 0.277307 -0.327588 0.903209 60.2681 0 1
4.59825 -4.55165 3.73538 0.306106 -0.301986 0.902831 60.4394 0 1
4.99356 -4.12813 3.73017 0.332116 -0.273581 0.902692 60.6128 0 1
5.35318 -3.662 3.72642 0.355107 -0.242649 0.902785 60.7796 0 1
5.65356 -3.16947 3.72989 0.374882 -0.209603 0.903067 60.9407 0 1
5.91227 -2.67781 3.72781 0.391317 -0.174962 0.903471 61.1155 0 1
6.12912 -2.1257 3.73285 0.404397 -0.13927 0.903918 61.2791 0 1
6.27849 -1.58662 3.73262 0.414211 -0.103029 0.904331 61.4356 0 1
6.39842 -1.05426 3.72563 0.42092 -0.0666241 0.904648 61.61 0 1
6.47381 -0.462229 3.71121 0.424691 -0.0302791 0.904832 61.783 0 1
6.49097 0.132246 3.70675 0.425623 0.00595436 0.904881 61.9395 0 1
6.45676 0.682595 3.71073 0.423694 0.0421362 0.904825 62.0876 0 1
6.36967 1.21869 3.7171 0.418772 0.0783254 0.904707 62.2628 0 1
6.22431 1.82525 3.72231 0.410677 0.114468 0.904567 62.409 0 1
6.06956 2.30587 3.72445 0.399286 0.150343 0.904416 62.5677 0 1
5.87528 2.81774 3.72412 0.384605 0.18556 0.904238 62.7569 0 1
5.57478 3.40319 3.72836 0.366787 0.21961 0.904013 62.923 0 1
5.25113 3.86909 3.73869 0.346079 0.25192 0.903751 63.0888 0 1
4.88248 4.30376 3.74117 0.322745 0.281923 0.903524 63.2679 0 1
4.45313 4.73512 3.73917 0.297012 0.309141 0.903446 63.423 0 1
4.05719 5.07417 3.73663 0.269086 0.333237 0.903629 63.5803 0 1
3.62222 5.37515 3.74198 0.2392 0.354039 0.904124 63.7482 0 1
3.1364 5.683 3.73509 0.20765 0.371517 0.904907 63.9284 0 1
2.59352 5.95803 3.73181 0.174768 0.385743 0.905902 64.0857 0 1
2.11081 6.1575 3.73143 0.140878 0.396855 0.907006 64.2474 0 1
1.60128 6.32232 3.72935 0.106269 0.405025 0.908109 64.3961 0 1
1.11012 6.42508 3.72668 0.0712169 0.410434 0.909105 64.5542 0 1
0.590187 6.48857 3.72237 0.0360001 0.413257 0.909903 64.7178 0 1
0.0471085 6.50489 3.72672 0.000892523 0.413653 0.910434 64.8717 0 1
-0.465915 6.4921 3.73003 -0.0338752 0.411765 0.91066 65.0439 0 1
-1.0395 6.43698 3.72072 -0.0681674 0.407706 0.910565 65.1984 0 1
-1.54014 6.33346 3.71507 -0.101963 0.401529 0.910153 65.3539 0 1
-2.03417 6.17861 3.71747 -0.135307 0.393185 0.909449 65.5198 0 1
-2.56181 5.99361 3.70788 -0.168201 0.382508 0.908513 65.672 0 1
-3.01841 5.76254 3.71414 -0.200494 0.369259 0.907441 65.865 0 1
-3.58392 5.42876 3.71332 -0.231853 0.353261 0.906339 66.0231 0 1
-4.03201 5.11519 3.71604 -0.261816 0.334601 0.90526 66.1814 0 1
-4.4531 4.77011 3.7192 -0.28988 0.313854 0.904138 66.3337 0 1
-4.81789 4.39962 3.72423 -0.315539 0.292218 0.902798 66.5031 0 1
-5.18259 3.96591 3.72243 -0.338287 0.271454 0.901041 66.6755 0 1
-5.50796 3.48634 3.72526 -0.357633 0.253594 0.898771 66.8474 0 1
-5.79323 2.98914 3.72385 -0.373139 0.240495 0.896063 67.0123 0 1
-6.03318 2.48733 3.72268 -0.384452 0.233423 0.893146 67.0647 0 1
-6.09192 2.32195 3.72544 -0.391285 0.232828 0.89033 67.2742 0 1
-6.67536 2.5397 3.40263 -0.393395 0.238382 0.887927 67.4267 0 1
-6.46581 3.01757 3.40785 -0.390602 0.249206 0.886187 67.5854 0 1
-6.21679 3.51173 3.4002 -0.382864 0.264148 0.885235 67.7459 0 1
-5.92745 3.97857 3.39087 -0.370353 0.282002 0.88505 67.8965 0 1
-5.62142 4.40112 3.38623 -0.353466 0.301647 0.885478 68.0492 0 1
-5.2746 4.81807 3.38977 -0.332776 0.322133 0.886279 68.2076 0 1
-4.88419 5.22309 3.3923 -0.308932 0.342709 0.887193 68.3844 0 1
-4.41901 5.61117 3.40288 -0.282553 0.362799 0.887998 68.5576 0 1
-3.93538 5.946 3.40448 -0.25416 0.381914 0.888563 68.7127 0 1
-3.48457 6.23569 3.39742 -0.224146 0.399584 0.888871 68.8718 0 1
-3.00009 6.47536 3.40112 -0.192784 0.415344 0.889001 69.0456 0 1
-2.45426 6.70636 3.40103 -0.160243 0.428809 0.88907 69.2061 0 1
-1.92115 6.88022 3.40024 -0.126587 0.439723 0.889168 69.3599 0 1
-1.40788 7.00583 3.40143 -0.0918257 0.447979 0.889316 69.54 0 1
-0.802417 7.09599 3.40854 -0.0560057 0.453583 0.889453 69.7054 0 1
-0.237444 7.1309 3.41362 -0.019318 0.456604 0.88946 69.8548 0 1
0.282609 7.13583 3.41047 0.0178558 0.457134 0.889219 70.0134 0 1
0.818037 7.09977 3.41155 0.0550081 0.455236 0.88867 70.1752 0 1
1.35433 7.03047 3.40929 0.0916524 0.45091 0.887851 70.3404 0 1
1.89292 6.89425 3.41123 0.127462 0.444064 0.886882 70.5217 0 1
2.48227 6.6904 3.40263 0.162317 0.434523 0.885914 70.6825 0 1
2.98577 6.46825 3.39922 0.196231 0.422065 0.885073 70.8332 0 1
3.44267 6.21876 3.4044 0.229232 0.406485 0.884433 70.9923 0 1
3.92267 5.93408 3.40434 0.261241 0.387668 0.884006 71.1664 0 1
4.42381 5.57422 3.41093 0.292017 0.365645 0.883759 71.3437 0 1
4.88836 5.17409 3.41873 0.321173 0.34062 0.883644 71.5333 0 1
5.35538 4.70976 3.41402 0.348264 0.312931 0.883621 71.6717 0 1
5.67573 4.32192 3.41386 0.372879 0.282986 0.883674 71.8273 0 1
6.00458 3.8711 3.40575 0.394714 0.251203 0.883797 71.9857 0 1
6.28951 3.39737 3.3958 0.413583 0.217989 0.883985 72.1685 0 1
6.54679 2.81207 3.39783 0.4294 0.183726 0.884229 72.3356 0 1
6.75154 2.2509 3.39471 0.442148 0.148746 0.884523 72.5007 0 1
6.90303 1.68688 3.39897 0.451857 0.1133 0.884866 72.6484 0 1
7.01997 1.18129 3.39485 0.458594 0.0775423 0.885256 72.8117 0 1
7.08451 0.603378 3.39465 0.462441 0.0415636 0.885675 72.973 0 1
7.1182 0.0306627 3.38535 0.463489 0.00544486 0.886086 73.1175 0 1
7.1075 -0.480595 3.38377 0.461834 -0.0306974 0.886435 73.2834 0 1
7.02132 -1.05072 3.40205 0.457582 -0.0667107 0.886662 73.4647 0 1
6.89338 -1.66576 3.41292 0.450829 -0.102436 0.886713 73.6186 0 1
6.76067 -2.17707 3.41201 0.441659 -0.13773 0.886548 73.7724 0 1
6.59939 -2.67783 3.40009 0.430142 -0.172454 0.886136 73.9204 0 1
6.39115 -3.14282 3.39726 0.416347 -0.206429 0.885462 74.0726 0 1
6.1212 -3.60493 3.403 0.400335 -0.239407 0.884543 74.219 0 1
5.85017 -4.04836 3.39549 0.382106 -0.271072 0.883468 74.3881 0 1
5.4881 -4.51436 3.40386 0.361548 -0.301067 0.882407 74.5431 0 1
5.12077 -4.9114 3.40983 0.338468 -0.329039 0.881574 74.701 0 1
4.72556 -5.29526 3.40521 0.31272 -0.354657 0.88115 74.8598 0 1
4.30065 -5.64082 3.40062 0.284371 -0.377637 0.881206 75.0383 0 1
3.78715 -5.99224 3.40554 0.25377 -0.397771 0.881691 75.1832 0 1
3.34212 -6.26143 3.40904 0.221477 -0.414965 0.882469 75.328 0 1
2.8625 -6.50903 3.4081 0.188095 -0.429243 0.883386 75.4856 0 1
2.33593 -6.71246 3.41064 0.154109 -0.440723 0.884315 75.6489 0 1
1.79085 -6.8695 3.4002 0.1198 -0.449559 0.88518 75.7926 0 1
1.29802 -6.98433 3.38626 0.0852441 -0.455889 0.885945 75.941 0 1
0.765864 -7.07604 3.37712 0.0503782 -0.459798 0.886594 76.0902 0 1
0.227873 -7.11504 3.38085 0.0151153 -0.461321 0.887104 76.2365 0 1
-0.295753 -7.11983 3.38062 -0.0205321 -0.460468 0.887439 76.3871 0 1
-0.834186 -7.08347 3.38087 -0.0563741 -0.457257 0.887546 76.5378 0 1
-1.35604 -6.99236 3.38771 -0.0920606 -0.451746 0.887384 76.708 0 1
-1.92903 -6.83969 3.39848 -0.127182 -0.444031 0.886939 76.8618 0 1
-2.43003 -6.6841 3.39655 -0.161388 -0.43422 0.886232 77.0127 0 1
-2.90539 -6.47996 3.39528 -0.194459 -0.422399 0.885305 77.1614 0 1
-3.37002 -6.2454 3.38567 -0.226291 -0.408606 0.884214 77.3106 0 1
-3.82137 -5.97312 3.37877 -0.256833 -0.392817 0.883024 77.4615 0 1
-4.25863 -5.66871 3.37886 -0.286011 -0.374963 0.881816 77.6054 0 1
-4.65682 -5.35226 3.38015 -0.313691 -0.354939 0.880691 77.7635 0 1
-5.0599 -4.97359 3.37842 -0.339669 -0.33261 0.87977 77.9171 0 1
-5.4284 -4.58119 3.37695 -0.363699 -0.307825 0.879185 78.0655 0 1
-5.75766 -4.16657 3.37973 -0.385496 -0.280462 0.879053 78.2203 0 1
-6.06793 -3.70084 3.37772 -0.404761 -0.250513 0.879438 78.3757 0 1
-6.33522 -3.21733 3.38346 -0.421229 -0.218188 0.880318 78.5171 0 1
-6.55543 -2.76551 3.38569 -0.434746 -0.18394 0.881568 78.6991 0 1
-6.79088 -2.15338 3.38434 -0.445342 -0.148403 0.882976 78.8466 0 1
-6.93537 -1.63681 3.3934 -0.453257 -0.112282 0.88428 79.0288 0 1
-7.06586 -1.01064 3.39519 -0.458906 -0.0762489 0.885207 79.1893 0 1
-7.11357 -0.452698 3.39221 -0.462804 -0.0408583 0.885519 79.3332 0 1
-7.12047 0.0490573 3.38944 -0.46544 -0.00646122 0.885056 79.4832 0 1
-7.10763 0.568595 3.38538 -0.467129 0.0268605 0.883781 79.6484 0 1
-7.04089 1.13922 3.38571 -0.467896 0.059278 0.881793 79.7937 0 1
-6.9463 1.63848 3.39026 -0.467489 0.0910948 0.879293 79.959 0 1
-6.79407 2.18064 3.40037 -0.465491 0.122584 0.876523 80.0333 0 1
-6.72066 2.42145 3.40006 -0.461474 0.153878 0.873707 80.2368 0 1
-7.30077 2.57326 3.05312 -0.455085 0.184966 0.871025 80.4151 0 1
-7.0806 3.14884 3.05535 -0.446047 0.215746 0.868617 80.5731 0 1
-6.83199 3.6367 3.05749 -0.434125 0.246072 0.866593 80.739 0 1
-6.54348 4.13442 3.04679 -0.41915 0.275767 0.865024 80.8863 0 1
-6.25786 4.56061 3.03456 -0.401067 0.304607 0.863921 81.0787 0 1
-5.83388 5.10186 3.03347 -0.379986 0.332339 0.863227 81.2427 0 1
-5.43857 5.54105 3.03695 -0.35618 0.358701 0.862826 81.3915 0 1
-5.05183 5.89051 3.04977 -0.330041 0.383449 0.862578 81.5475 0 1
-4.62907 6.22705 3.05921 -0.302008 0.406363 0.862357 81.7132 0 1
-4.13789 6.53653 3.06334 -0.272499 0.427252 0.862091 81.8637 0 1
-3.67375 6.81125 3.05704 -0.241847 0.445965 0.861757 82.0173 0 1
-3.19518 7.06552 3.05164 -0.210269 0.462417 0.86137 82.1814 0 1
-2.66978 7.27876 3.05385 -0.177851 0.476578 0.860954 82.3323 0 1
-2.17092 7.4441 3.04982 -0.144586 0.488426 0.860543 82.4828 0 1
-1.66551 7.58067 3.04422 -0.11042 0.497876 0.86019 82.6434 0 1
-1.12591 7.68165 3.04763 -0.0753237 0.504749 0.859974 82.7943 0 1
-0.614356 7.72863 3.05786 -0.0393552 0.508817 0.859975 82.9592 0 1
-0.0493862 7.74798 3.06471 -0.0027159 0.509905 0.860227 83.1289 0 1
0.534849 7.74898 3.05825 0.0342402 0.50799 0.860682 83.2778 0 1
1.03356 7.69311 3.0591 0.0710557 0.503233 0.861225 83.4412 0 1
1.58123 7.5996 3.06101 0.107273 0.495912 0.861722 83.6029 0 1
2.12844 7.4584 3.05792 0.14255 0.48631 0.86208 83.7538 0 1
2.63828 7.28551 3.05397 0.17674 0.474613 0.862267 83.9459 0 1
3.25084 7.01345 3.05407 0.209869 0.460868 0.862296 84.0936 0 1
3.70097 6.77065 3.05285 0.242037 0.444997 0.862204 84.2538 0 1
4.19262 6.48981 3.04794 0.273284 0.426854 0.862039 84.4008 0 1
4.61568 6.19107 3.05764 0.303509 0.406307 0.861857 84.5531 0 1
5.03611 5.86453 3.05881 0.332461 0.383325 0.861703 84.7053 0 1
5.42958 5.50608 3.06516 0.3598 0.358042 0.861597 84.8755 0 1
5.84473 5.06818 3.06306 0.385188 0.33075 0.86153 85.046 0 1
6.22779 4.59079 3.05714 0.408359 0.30182 0.86148 85.1935 0 1
6.53436 4.15539 3.0513 0.429143 0.271599 0.861435 85.353 0 1
6.82614 3.67035 3.0464 0.447453 0.240346 0.861406 85.4961 0 1
7.03729 3.20534 3.04728 0.463238 0.208228 0.861424 85.6332 0 1
7.23217 2.7391 3.03689 0.47647 0.175355 0.861526 85.78 0 1
7.39997 2.22591 3.0373 0.487135 0.141821 0.861734 85.9267 0 1
7.52396 1.70424 3.04674 0.49524 0.107695 0.862055 86.082 0 1
7.64241 1.15051 3.0419 0.500812 0.073008 0.862472 86.2325 0 1
7.70184 0.6053 3.03872 0.503876 0.0377662 0.86295 86.4107 0 1
7.72639 -0.0377952 3.03999 0.504452 0.00199377 0.863437 86.5613 0 1
7.70879 -0.587231 3.03743 0.502552 -0.0342184 0.86387 86.7159 0 1
7.63162 -1.14491 3.05039 0.498198 -0.0707033 0.864176 86.8577 0 1
7.52394 -1.63375 3.06874 0.491432 -0.107251 0.864287 87.017 0 1
7.40087 -2.17465 3.06917 0.482307 -0.143648 0.864144 87.1738 0 1
7.23836 -2.70003 3.06013 0.470868 -0.17968 0.863712 87.3385 0 1
7.02081 -3.23468 3.05062 0.457158 -0.215086 0.862986 87.4929 0 1
6.77241 -3.73305 3.04677 0.441232 -0.24953 0.862003 87.6463 0 1
6.47883 -4.20692 3.04345 0.423178 -0.28262 0.86084 87.8014 0 1
6.15942 -4.66102 3.04276 0.403076 -0.313988 0.859617 87.9775 0 1
5.75197 -5.13819 3.04489 0.380934 -0.343366 0.858481 88.1353 0 1
5.33908 -5.5435 3.05071 0.356657 -0.370591 0.857588 88.2998 0 1
4.89363 -5.93852 3.04657 0.330117 -0.395554 0.857065 88.4439 0 1
4.48504 -6.25172 3.03922 0.301271 -0.418162 0.856958 88.5862 0 1
4.05077 -6.53092 3.04611 0.270273 -0.438337 0.857212 88.7424 0 1
3.55411 -6.83495 3.04583 0.237473 -0.456036 0.857693 88.8889 0 1
3.06352 -7.07921 3.04966 0.203324 -0.471245 0.858247 89.0661 0 1
2.46238 -7.30822 3.05512 0.168247 -0.483937 0.858777 89.2149 0 1
1.95168 -7.46126 3.05171 0.132531 -0.494041 0.859278 89.3811 0 1
1.36915 -7.59241 3.039 0.0963065 -0.501441 0.859815 89.5175 0 1
0.87439 -7.67618 3.03228 0.0595854 -0.506015 0.860464 89.6739 0 1
0.305724 -7.71968 3.03219 0.0223654 -0.507684 0.861253 89.8155 0 1
-0.217123 -7.73666 3.02909 -0.01526 -0.506447 0.862136 89.9858 0 1
-0.849853 -7.6847 3.03456 -0.0530356 -0.502396 0.863009 90.1495 0 1
-1.42882 -7.59942 3.03987 -0.0905588 -0.495698 0.863761 90.2945 0 1
-1.92447 -7.48089 3.05132 -0.127365 -0.486555 0.864316 90.4481 0 1
-2.43796 -7.32713 3.0536 -0.163044 -0.475159 0.864662 90.593 0 1
-2.90737 -7.14998 3.04672 -0.197321 -0.46166 0.864832 90.7574 0 1
-3.42834 -6.91419 3.03571 -0.230083 -0.446157 0.864873 90.9243 0 1
-3.94664 -6.61444 3.03157 -0.261316 -0.428722 0.864819 91.0973 0 1
-4.466 -6.27934 3.02304 -0.291019 -0.409425 0.864684 91.2403 0 1
-4.87732 -5.97307 3.02275 -0.319146 -0.388342 0.864486 91.3876 0 1
-5.27187 -5.62389 3.02488 -0.345617 -0.365548 0.864247 91.5441 0 1
-5.66281 -5.22704 3.02463 -0.37035 -0.341097 0.863998 91.7067 0 1
-6.0474 -4.79072 3.02176 -0.393276 -0.31501 0.863772 91.8567 0 1
-6.36573 -4.35497 3.02231 -0.414313 -0.287254 0.863615 92.0192 0 1
-6.67646 -3.85766 3.02128 -0.433329 -0.257764 0.863588 92.1797 0 1
-6.95402 -3.34941 3.02523 -0.450131 -0.226491 0.863762 92.3227 0 1
-7.17131 -2.87682 3.03033 -0.464504 -0.193462 0.864181 92.4826 0 1
-7.37052 -2.32294 3.03364 -0.476285 -0.158842 0.864825 92.6429 0 1
-7.53284 -1.75646 3.03566 -0.485438 -0.122976 0.865579 92.7905 0 1
-7.64451 -1.23553 3.0426 -0.492113 -0.0863809 0.866235 92.9617 0 1
-7.70949 -0.628258 3.05307 -0.496653 -0.0496744 0.866527 93.1111 0 1
-7.72979 -0.0968585 3.0526 -0.499509 -0.0134308 0.866205 93.2875 0 1
-7.73042 0.520366 3.04474 -0.501074 0.0219812 0.865125 93.4593 0 1
-7.67195 1.11793 3.04115 -0.501523 0.0564866 0.863298 93.6041 0 1
-7.5777 1.62137 3.04051 -0.500755 0.0902574 0.86087 93.7626 0 1
-7.43044 2.15355 3.05136 -0.498477 0.123556 0.858053 93.8748 0 1
-7.31609 2.52222 3.05369 -0.49435 0.156568 0.855046 94.0813 0 1
-7.89204 2.71107 2.67802 -0.488109 0.189314 0.852003 94.2348 0 1
-7.69763 3.22683 2.67863 -0.479575 0.221676 0.849039 94.3975 0 1
-7.4479 3.74978 2.68175 -0.468603 0.253475 0.846263 94.5738 0 1
-7.14274 4.29204 2.67434 -0.455039 0.284531 0.84379 94.7477 0 1
-6.7984 4.82101 2.66273 -0.438725 0.314678 0.841723 94.8963 0 1
-6.47593 5.26129 2.65058 -0.41956 0.343745 0.840124 95.0473 0 1
-6.11134 5.67555 2.65829 -0.397544 0.371534 0.839 95.1865 0 1
-5.75999 6.04812 2.65712 -0.372809 0.397808 0.838309 95.3405 0 1
-5.34579 6.42447 2.66191 -0.345613 0.422296 0.837984 95.5122 0 1
-4.84369 6.79065 2.67688 -0.316316 0.444742 0.837943 95.6805 0 1
-4.32459 7.11905 2.67943 -0.285303 0.464957 0.838103 95.8248 0 1
-3.86696 7.3806 2.67521 -0.252907 0.482858 0.838383 95.9961 0 1
-3.3194 7.65498 2.67175 -0.219356 0.498446 0.83871 96.1651 0 1
-2.76732 7.8741 2.67054 -0.184795 0.511761 0.839018 96.3435 0 1
-2.16895 8.05997 2.66643 -0.149327 0.522831 0.839255 96.4866 0 1
-1.67806 8.17975 2.66694 -0.113048 0.53165 0.839386 96.6423 0 1
-1.13477 8.28386 2.6676 -0.0760608 0.538168 0.839399 96.7916 0 1
-0.60871 8.32295 2.68494 -0.0384888 0.54229 0.83931 96.9577 0 1
-0.0333627 8.33551 2.69278 -0.000513357 0.5439 0.83915 97.1052 0 1
0.4827 8.33236 2.6808 0.0375821 0.542899 0.838957 97.2881 0 1
1.12964 8.28446 2.67129 0.0754041 0.539246 0.838766 97.4585 0 1
1.72208 8.1727 2.67812 0.112511 0.532978 0.838615 97.6082 0 1
2.23589 8.03954 2.68294 0.148538 0.524193 0.838545 97.7637 0 1
2.77221 7.86519 2.68192 0.183305 0.513003 0.838587 97.9066 0 1
3.23943 7.67395 2.67787 0.216835 0.499493 0.838743 98.0926 0 1
3.83348 7.38649 2.67157 0.249255 0.483716 0.838982 98.2452 0 1
4.31977 7.11064 2.67068 0.280656 0.465696 0.839262 98.3837 0 1
4.74375 6.83426 2.67297 0.311006 0.445436 0.839561 98.5446 0 1
5.20677 6.48479 2.68243 0.340156 0.422933 0.839894 98.7123 0 1
5.6706 6.09494 2.6895 0.3679 0.398199 0.84029 98.8626 0 1
6.06528 5.70715 2.68487 0.394048 0.371309 0.840747 99.0177 0 1
6.43722 5.29063 2.67609 0.418464 0.342432 0.841206 99.163 0 1
6.75845 4.87829 2.67032 0.441057 0.311847 0.841558 99.3248 0 1
7.08916 4.38581 2.6721 0.46173 0.279908 0.841699 99.4986 0 1
7.40434 3.83122 2.6726 0.480345 0.246994 0.841584 99.6476 0 1
7.63078 3.33746 2.66971 0.49672 0.213449 0.841254 99.8327 0 1
7.87493 2.70802 2.66362 0.510692 0.17953 0.840811 99.979 0 1
8.01875 2.19069 2.67086 0.522178 0.145374 0.840355 100.121 0 1
8.13986 1.68242 2.66688 0.531202 0.11099 0.839944 100.274 0 1
8.24967 1.11612 2.65628 0.537852 0.0762964 0.83958 100.412 0 1
8.30276 0.599981 2.6587 0.542199 0.0411946 0.83924 100.551 0 1
8.32596 0.0851811 2.6585 0.544241 0.00566041 0.83891 100.69 0 1
8.31435 -0.435024 2.65917 0.543892 -0.0302134 0.838611 100.847 0 1
8.24774 -1.03459 2.67219 0.54103 -0.066233 0.838391 101 0 1
8.15379 -1.59694 2.68239 0.535553 -0.102162 0.838299 101.147 0 1
8.02069 -2.12389 2.69409 0.527416 -0.137777 0.838362 101.29 0 1
7.88061 -2.63556 2.68392 0.516651 -0.172892 0.838559 101.428 0 1
7.71155 -3.13015 2.67267 0.503366 -0.207332 0.838831 101.589 0 1
7.47539 -3.67058 2.66599 0.487726 -0.240901 0.839101 101.736 0 1
7.22996 -4.13715 2.66315 0.469932 -0.273373 0.839304 101.881 0 1
6.9447 -4.57909 2.66824 0.450195 -0.304522 0.839399 102.035 0 1
6.61586 -5.03585 2.66845 0.428706 -0.334163 0.839372 102.186 0 1
6.26332 -5.45686 2.66407 0.405616 -0.362169 0.839231 102.367 0 1
5.79674 -5.92435 2.66389 0.380999 -0.388438 0.839021 102.505 0 1
5.41674 -6.2705 2.6604 0.354836 -0.412857 0.838833 102.654 0 1
4.98336 -6.62436 2.65667 0.327041 -0.43529 0.838789 102.806 0 1
4.50715 -6.94872 2.66217 0.297536 -0.455599 0.838988 102.961 0 1
4.01557 -7.26398 2.65657 0.266353 -0.473682 0.839453 103.122 0 1
3.47639 -7.53425 2.6617 0.233696 -0.489489 0.840111 103.254 0 1
3.01747 -7.73413 2.66523 0.199935 -0.503012 0.840836 103.395 0 1
2.52122 -7.9063 2.6762 0.165519 -0.51425 0.841517 103.562 0 1
1.93317 -8.0823 2.6696 0.130834 -0.523182 0.842118 103.7 0 1
1.42167 -8.19211 2.66533 0.0960733 -0.529765 0.842686 103.833 0 1
0.924412 -8.27047 2.65637 0.0611847 -0.533949 0.8433 103.988 0 1
0.35076 -8.3139 2.65283 0.0259479 -0.535694 0.844014 104.126 0 1
-0.16374 -8.32099 2.65174 -0.00984862 -0.534971 0.844813 104.277 0 1
-0.732112 -8.29452 2.6523 -0.0462311 -0.531775 0.845623 104.435 0 1
-1.30545 -8.22699 2.66187 -0.0829612 -0.526136 0.846344 104.577 0 1
-1.8089 -8.12714 2.67334 -0.119585 -0.518147 0.84689 104.742 0 1
-2.38799 -7.97989 2.67618 -0.155571 -0.507963 0.847214 104.908 0 1
-2.95038 -7.77564 2.67787 -0.190454 -0.495774 0.847311 105.076 0 1
-3.4971 -7.5319 2.67059 -0.223934 -0.481757 0.847209 105.224 0 1
-3.98247 -7.29026 2.65852 -0.255877 -0.466044 0.846954 105.377 0 1
-4.46765 -6.99276 2.65966 -0.286247 -0.448721 0.846589 105.521 0 1
-4.90523 -6.70201 2.65347 -0.315019 -0.429867 0.846155 105.658 0 1
-5.29954 -6.39109 2.65328 -0.342128 -0.409572 0.845694 105.807 0 1
-5.70569 -6.03936 2.65139 -0.367488 -0.387916 0.845265 105.958 0 1
-6.10221 -5.64997 2.6462 -0.391045 -0.364925 0.844934 106.097 0 1
-6.44419 -5.25999 2.64379 -0.412817 -0.340552 0.844752 106.235 0 1
-6.75093 -4.85857 2.64341 -0.432891 -0.314713 0.844726 106.381 0 1
-7.03908 -4.41429 2.64567 -0.451365 -0.287338 0.844811 106.523 0 1
-7.30425 -3.95691 2.64799 -0.468287 -0.258406 0.844946 106.657 0 1
-7.53893 -3.51338 2.65152 -0.483607 -0.227952 0.845081 106.814 0 1
-7.77086 -2.98074 2.66195 -0.497188 -0.196073 0.845198 106.975 0 1
-7.95839 -2.42004 2.66737 -0.508832 -0.162918 0.845309 107.118 0 1
-8.10733 -1.9081 2.66308 -0.518332 -0.128704 0.845439 107.278 0 1
-8.22879 -1.33187 2.66813 -0.525545 -0.0937408 0.845586 107.416 0 1
-8.29201 -0.823973 2.67636 -0.530498 -0.0585011 0.845665 107.555 0 1
-8.32273 -0.2974 2.68381 -0.533482 -0.0237094 0.845479 107.718 0 1
-8.33622 0.291904 2.67779 -0.535072 0.00957046 0.844752 107.86 0 1
-8.30924 0.791923 2.67546 -0.536037 0.0399349 0.843249 108.021 0 1
-8.24006 1.35561 2.6706 -0.537166 0.0657827 0.840907 108.198 0 1
-8.11297 1.96789 2.67331 -0.539074 0.0855777 0.837899 108.367 0 1
-7.94316 2.53638 2.68118 -0.542064 0.0981296 0.834588 108.405 0 1
-7.90633 2.66514 2.67852 -0.546087 0.102788 0.831398 108.602 0 1
-8.44096 2.90166 2.28301 -0.550798 0.0995048 0.828686 108.762 0 1
-8.62553 2.32569 2.27946 -0.555667 0.0887705 0.826652 108.913 0 1
-8.74777 1.79165 2.28063 -0.560105 0.0714816 0.825332 109.065 0 1
-8.84438 1.24673 2.27515 -0.563564 0.0487679 0.824632 109.226 0 1
-8.90805 0.656842 2.27657 -0.565579 0.0218283 0.824405 109.37 0 1
-8.92092 0.122586 2.28294 -0.565782 -0.00819522 0.824514 109.522 0 1
-8.8975 -0.432897 2.28769 -0.563896 -0.0402881 0.824863 109.674 0 1
-8.86208 -1.00144 2.27467 -0.559748 -0.073596 0.825388 109.836 0 1
-8.76611 -1.61498 2.27352 -0.553295 -0.107442 0.826027 109.98 0 1
-8.64414 -2.14743 2.27083 -0.54462 -0.141334 0.826689 110.114 0 1
-8.49429 -2.64885 2.27424 -0.533885 -0.174946 0.827261 110.264 0 1
-8.30716 -3.2008 2.26716 -0.521269 -0.208063 0.82764 110.424 0 1
-8.06899 -3.755 2.25922 -0.506906 -0.240521 0.827766 110.567 0 1
-7.82514 -4.2384 2.25401 -0.490873 -0.272155 0.827632 110.722 0 1
-7.52063 -4.75714 2.25234 -0.473205 -0.302797 0.827279 110.862 0 1
-7.22458 -5.20647 2.24732 -0.453921 -0.332275 0.82677 111.014 0 1
-6.86957 -5.65903 2.24763 -0.43306 -0.360426 0.826167 111.181 0 1
-6.44307 -6.13326 2.2506 -0.410696 -0.387095 0.825522 111.313 0 1
-6.07802 -6.48995 2.25384 -0.386899 -0.412151 0.824888 111.457 0 1
-5.6556 -6.84317 2.26246 -0.361669 -0.435499 0.82434 111.624 0 1
-5.1564 -7.23604 2.26136 -0.334889 -0.45707 0.823976 111.767 0 1
-4.70491 -7.54385 2.26397 -0.306371 -0.476802 0.823891 111.905 0 1
-4.25032 -7.80514 2.27009 -0.27599 -0.494613 0.824128 112.047 0 1
-3.78051 -8.04755 2.27027 -0.243818 -0.510406 0.824644 112.187 0 1
-3.29924 -8.2619 2.27743 -0.210157 -0.524098 0.825321 112.329 0 1
-2.81353 -8.45025 2.28277 -0.175454 -0.535655 0.826008 112.504 0 1
-2.20114 -8.6392 2.28415 -0.140139 -0.545102 0.826574 112.646 0 1
-1.69253 -8.75274 2.27741 -0.1045 -0.5525 0.826936 112.793 0 1
-1.16046 -8.83549 2.26752 -0.0686558 -0.557877 0.827079 112.954 0 1
-0.570807 -8.8917 2.25596 -0.0326313 -0.561196 0.827039 113.103 0 1
-0.00730358 -8.90784 2.25402 0.00355066 -0.562357 0.826887 113.264 0 1
0.611314 -8.88103 2.26156 0.0398125 -0.561243 0.826693 113.41 0 1
1.15742 -8.82571 2.26879 0.0760243 -0.557776 0.826503 113.568 0 1
1.74583 -8.72719 2.27011 0.112027 -0.551945 0.826321 113.719 0 1
2.31512 -8.57962 2.27546 0.147629 -0.543832 0.826107 113.853 0 1
2.80119 -8.42517 2.27475 0.182577 -0.533597 0.825797 114.005 0 1
3.34434 -8.22984 2.2634 0.216558 -0.52144 0.825351 114.138 0 1
3.82315 -8.02494 2.25395 0.249265 -0.507522 0.824796 114.302 0 1
4.39045 -7.71391 2.26166 0.280496 -0.4919 0.82423 114.476 0 1
4.95437 -7.35623 2.26476 0.310215 -0.474522 0.823769 114.604 0 1
5.36097 -7.0648 2.26206 0.338528 -0.455282 0.823479 114.741 0 1
5.78126 -6.71838 2.2601 0.365594 -0.434112 0.82334 114.868 0 1
6.14967 -6.38036 2.26533 0.391535 -0.41103 0.823259 115.017 0 1
6.56299 -5.98667 2.26615 0.416372 -0.386145 0.82312 115.164 0 1
6.93424 -5.57494 2.26996 0.440013 -0.359612 0.822841 115.317 0 1
7.28475 -5.12474 2.26551 0.462272 -0.331591 0.822406 115.455 0 1
7.57026 -4.68273 2.27093 0.482903 -0.302205 0.821874 115.606 0 1
7.85112 -4.19135 2.2694 0.501645 -0.271529 0.821355 115.752 0 1
8.09005 -3.70421 2.27204 0.518286 -0.239599 0.820958 115.898 0 1
8.30072 -3.20234 2.27337 0.532707 -0.206457 0.82073 116.032 0 1
8.46349 -2.71836 2.27659 0.544894 -0.172213 0.82063 116.174 0 1
8.60707 -2.18104 2.28419 0.554889 -0.137088 0.820552 116.331 0 1
8.74892 -1.58227 2.27783 0.562727 -0.10141 0.820399 116.469 0 1
8.83461 -1.05645 2.27281 0.568384 -0.0655259 0.82015 116.608 0 1
8.89025 -0.52043 2.26588 0.571772 -0.0296861 0.819875 116.752 0 1
8.90195 0.0316809 2.26306 0.572772 0.00602167 0.819693 116.896 0 1
8.87353 0.584042 2.26033 0.571278 0.0416428 0.8197 117.07 0 1
8.80659 1.2566 2.25126 0.567234 0.0772459 0.819926 117.211 0 1
8.69959 1.79678 2.26223 0.560655 0.112813 0.820329 117.361 0 1
8.56987 2.35747 2.26873 0.551628 0.148202 0.820818 117.521 0 1
8.40554 2.95102 2.27029 0.540296 0.183191 0.821293 117.686 0 1
8.184 3.54022 2.27531 0.526799 0.217557 0.821676 117.837 0 1
7.94984 4.04379 2.27368 0.511234 0.251118 0.821937 117.983 0 1
7.68414 4.51755 2.27765 0.493656 0.283722 0.822074 118.13 0 1
7.37659 4.99237 2.27961 0.474127 0.315206 0.8221 118.27 0 1
7.0614 5.42455 2.28115 0.452749 0.345382 0.822028 118.407 0 1
6.74385 5.81952 2.27879 0.429672 0.374061 0.821864 118.575 0 1
6.31814 6.27528 2.28851 0.405053 0.401095 0.821617 118.717 0 1
5.9342 6.63971 2.28826 0.379012 0.426396 0.821302 118.858 0 1
5.51649 6.96634 2.29004 0.351603 0.449924 0.820941 119.006 0 1
5.07726 7.30313 2.27337 0.322838 0.471651 0.820561 119.175 0 1
4.54882 7.64725 2.27172 0.292741 0.491529 0.820184 119.333 0 1
4.02299 7.93466 2.27617 0.261406 0.50947 0.819821 119.508 0 1
3.43198 8.22657 2.2678 0.229025 0.525348 0.819486 119.656 0 1
2.91882 8.42392 2.27716 0.195853 0.539005 0.819216 119.799 0 1
2.41314 8.58965 2.27913 0.162133 0.550275 0.819091 119.943 0 1
1.88026 8.72377 2.27885 0.128031 0.559016 0.819212 120.084 0 1
1.37179 8.83178 2.27156 0.0936168 0.565146 0.819662 120.231 0 1
0.837616 8.89021 2.27373 0.0589108 0.568667 0.820456 120.367 0 1
0.328811 8.91466 2.28175 0.023946 0.569667 0.821527 120.504 0 1
-0.184178 8.91617 2.28724 -0.0111782 0.568295 0.822749 120.642 0 1
-0.691242 8.89872 2.28345 -0.0462914 0.564724 0.823981 120.787 0 1
-1.21511 8.85712 2.27604 -0.0811988 0.559124 0.825098 120.955 0 1
-1.82189 8.74172 2.27905 -0.115751 0.551638 0.826013 121.103 0 1
-2.35259 8.61035 2.27494 -0.14988 0.542369 0.826663 121.267 0 1
-2.92193 8.43853 2.27115 -0.183554 0.531393 0.827 121.432 0 1
-3.47909 8.21725 2.27399 -0.216686 0.518779 0.826992 121.577 0 1
-3.96326 7.99762 2.27191 -0.249052 0.504591 0.826657 121.721 0 1
-4.42034 7.74182 2.28063 -0.280307 0.488877 0.826092 121.86 0 1
-4.85121 7.47365 2.28741 -0.310099 0.471634 0.82547 122.009 0 1
-5.31761 7.17202 2.27238 -0.338204 0.452787 0.824986 122.156 0 1
-5.74834 6.83911 2.25744 -0.364596 0.432213 0.82478 122.301 0 1
-6.14807 6.46872 2.25293 -0.389414 0.409837 0.824858 122.436 0 1
-6.51087 6.08552 2.25698 -0.412841 0.385808 0.825054 122.595 0 1
-6.92488 5.62412 2.25538 -0.434963 0.360681 0.825055 122.751 0 1
-7.28084 5.15141 2.27276 -0.455652 0.335544 0.824495 122.912 0 1
-7.61136 4.64134 2.28342 -0.474524 0.311964 0.823107 123.049 0 1
-7.87449 4.19567 2.28367 -0.491 0.291752 0.820853 123.22 0 1
-8.15319 3.6336 2.28486 -0.504421 0.27661 0.817953 123.361 0 1
-8.34999 3.15288 2.28352 -0.514191 0.26779 0.814798 123.413 0 1
-8.41529 2.97083 2.28399 -0.519883 0.265873 0.811808 123.601 0 1
-8.96137 3.13586 1.87008 -0.521304 0.270706 0.809296 123.742 0 1
-8.76217 3.63833 1.87857 -0.518514 0.281507 0.807402 123.887 0 1
-8.54524 4.14422 1.87017 -0.511788 0.297097 0.806106 124.026 0 1
-8.28439 4.61507 1.87473 -0.501524 0.316175 0.805299 124.162 0 1
-8.01115 5.07173 1.87287 -0.488117 0.337542 0.804865 124.311 0 1
-7.69084 5.54704 1.86224 -0.471863 0.360224 0.804726 124.465 0 1
-7.32175 6.02909 1.84466 -0.452932 0.383494 0.804851 124.603 0 1
-6.94606 6.43899 1.84682 -0.431424 0.406817 0.805216 124.767 0 1
-6.48793 6.92247 1.84182 -0.407467 0.429776 0.805769 124.904 0 1
-6.08069 7.29765 1.843 -0.381285 0.452014 0.806415 125.054 0 1
-5.61229 7.65387 1.86226 -0.353202 0.473209 0.807045 125.189 0 1
-5.17466 7.93914 1.87907 -0.323573 0.49307 0.807578 125.344 0 1
-4.66398 8.25709 1.87473 -0.292686 0.511352 0.807994 125.512 0 1
-4.1093 8.55762 1.86549 -0.260728 0.527868 0.808317 125.674 0 1
-3.55546 8.80609 1.86389 -0.227815 0.542498 0.808576 125.808 0 1
-3.07071 8.99074 1.86031 -0.194066 0.555201 0.808759 125.963 0 1
-2.50954 9.16001 1.86287 -0.159643 0.56601 0.808793 126.099 0 1
-2.00736 9.28421 1.86869 -0.124764 0.575014 0.808574 126.255 0 1
-1.42419 9.41217 1.86296 -0.0896577 0.582293 0.80802 126.388 0 1
-0.924036 9.47018 1.86245 -0.0545075 0.587855 0.807128 126.522 0 1
-0.411208 9.47972 1.87304 -0.0194138 0.591603 0.805995 126.661 0 1
0.121632 9.48057 1.87263 0.0156021 0.593351 0.804793 126.817 0 1
0.722099 9.4678 1.85732 0.050547 0.59288 0.803703 126.965 0 1
1.30139 9.40698 1.85181 0.0853871 0.590012 0.802866 127.097 0 1
1.80924 9.31983 1.85299 0.120007 0.584667 0.802348 127.228 0 1
2.30616 9.20118 1.859 0.154222 0.576876 0.80214 127.394 0 1
2.93571 9.01753 1.85793 0.187838 0.566766 0.80218 127.541 0 1
3.48196 8.81834 1.85211 0.220702 0.554496 0.802387 127.686 0 1
3.99902 8.579 1.85797 0.252711 0.540207 0.802692 127.854 0 1
4.58826 8.27646 1.85608 0.283781 0.524 0.803052 127.997 0 1
5.07205 7.99953 1.84841 0.313819 0.505952 0.803449 128.14 0 1
5.52829 7.66914 1.86825 0.342702 0.486139 0.80388 128.271 0 1
5.94077 7.356 1.87508 0.370306 0.464646 0.804349 128.402 0 1
6.33729 7.04274 1.86532 0.396528 0.441547 0.804861 128.569 0 1
6.80169 6.6051 1.86132 0.421312 0.416877 0.805425 128.703 0 1
7.14718 6.22307 1.86393 0.444639 0.390621 0.806047 128.851 0 1
7.5131 5.77638 1.86374 0.466488 0.362764 0.806716 128.982 0 1
7.81926 5.36138 1.86191 0.486802 0.333388 0.807389 129.125 0 1
8.1291 4.89091 1.85991 0.505472 0.302754 0.807984 129.256 0 1
8.38995 4.4451 1.85297 0.522376 0.2713 0.808406 129.383 0 1
8.60284 3.99167 1.86092 0.537431 0.23953 0.808575 129.552 0 1
8.85455 3.39095 1.85874 0.550634 0.207855 0.808454 129.699 0 1
9.02946 2.84288 1.85805 0.56205 0.176467 0.808059 129.829 0 1
9.16238 2.33861 1.84944 0.571755 0.145297 0.807456 129.956 0 1
9.26787 1.84147 1.84431 0.579787 0.114087 0.806741 130.088 0 1
9.36868 1.32311 1.8328 0.586114 0.0825183 0.806015 130.218 0 1
9.42653 0.795617 1.83907 0.590657 0.0503485 0.805351 130.341 0 1
9.458 0.283819 1.8478 0.593316 0.0174952 0.80478 130.467 0 1
9.46657 -0.221596 1.84911 0.593998 -0.0159514 0.804309 130.604 0 1
9.45086 -0.762965 1.84113 0.592617 -0.0497857 0.803944 130.734 0 1
9.37406 -1.28094 1.85816 0.5891 -0.083781 0.803705 130.873 0 1
9.26384 -1.85045 1.86662 0.583374 -0.117779 0.803619 131.002 0 1
9.13744 -2.36166 1.86921 0.575358 -0.151726 0.803706 131.166 0 1
8.96735 -2.99709 1.85567 0.564967 -0.185623 0.803963 131.291 0 1
8.80558 -3.4745 1.85006 0.552145 -0.219409 0.804361 131.428 0 1
8.5789 -3.9838 1.85646 0.536913 -0.252865 0.80485 131.578 0 1
8.31978 -4.51779 1.85509 0.519412 -0.285601 0.805384 131.718 0 1
8.04155 -4.98742 1.86064 0.499891 -0.31715 0.805931 131.885 0 1
7.67392 -5.53832 1.85995 0.478651 -0.347097 0.806484 132.025 0 1
7.33509 -5.97527 1.85591 0.455981 -0.375178 0.807046 132.194 0 1
6.88307 -6.45689 1.85239 0.432096 -0.401309 0.807617 132.319 0 1
6.51989 -6.80617 1.85009 0.407103 -0.425563 0.808185 132.467 0 1
6.07048 -7.21326 1.84854 0.381008 -0.4481 0.808727 132.614 0 1
5.61598 -7.58071 1.84859 0.353751 -0.469084 0.80921 132.764 0 1
5.12309 -7.92364 1.85269 0.325252 -0.488625 0.809603 132.894 0 1
4.67498 -8.20246 1.85208 0.295454 -0.50674 0.80989 133.022 0 1
4.2291 -8.45736 1.84714 0.26436 -0.523341 0.810079 133.176 0 1
3.66671 -8.71302 1.85777 0.232061 -0.53826 0.8102 133.31 0 1
3.15685 -8.90543 1.86537 0.198735 -0.551289 0.810299 133.462 0 1
2.58775 -9.09504 1.86021 0.164596 -0.562257 0.810417 133.614 0 1
2.01218 -9.25792 1.85069 0.129826 -0.571083 0.810562 133.74 0 1
1.51322 -9.35418 1.85306 0.0945292 -0.57778 0.8107 133.906 0 1
0.857876 -9.43211 1.85278 0.0587425 -0.582409 0.81077 134.052 0 1
0.288897 -9.46647 1.85023 0.0224866 -0.585005 0.810718 134.214 0 1
-0.345867 -9.47496 1.84895 -0.0141625 -0.585548 0.810514 134.364 0 1
-0.942624 -9.4363 1.85912 -0.051023 -0.583983 0.810161 134.495 0 1
-1.44201 -9.37418 1.86513 -0.0877986 -0.580265 0.809681 134.629 0 1
-1.94885 -9.28807 1.86264 -0.124112 -0.574396 0.809114 134.761 0 1
-2.44455 -9.16372 1.86294 -0.159568 -0.566416 0.808524 134.933 0 1
-3.07056 -8.95841 1.86778 -0.19383 -0.556385 0.808001 135.09 0 1
-3.62513 -8.74286 1.86163 -0.226688 -0.544353 0.807647 135.224 0 1
-4.10279 -8.52764 1.85377 -0.258073 -0.530361 0.807537 135.356 0 1
-4.55283 -8.28083 1.85713 -0.288021 -0.51445 0.807704 135.507 0 1
-5.05636 -7.98203 1.85344 -0.316592 -0.496671 0.808139 135.637 0 1
-5.48567 -7.69887 1.84744 -0.34382 -0.47708 0.808815 135.768 0 1
-5.90171 -7.37733 1.85146 -0.369711 -0.455742 0.809699 135.904 0 1
-6.3203 -7.02773 1.85118 -0.394276 -0.432735 0.810732 136.074 0 1
-6.82219 -6.56595 1.83944 -0.417557 -0.408177 0.811812 136.236 0 1
-7.25435 -6.08915 1.83312 -0.439614 -0.38224 0.812793 136.369 0 1
-7.58307 -5.66678 1.84087 -0.460489 -0.355142 0.813526 136.495 0 1
-7.88177 -5.25594 1.84638 -0.480176 -0.327098 0.813903 136.635 0 1
-8.17883 -4.79052 1.84818 -0.498621 -0.298271 0.813887 136.773 0 1
-8.43993 -4.31605 1.85018 -0.515753 -0.268721 0.813503 136.922 0 1
-8.68723 -3.78066 1.85606 -0.531501 -0.238406 0.812816 137.05 0 1
-8.86865 -3.30717 1.86463 -0.545789 -0.207225 0.811894 137.177 0 1
-9.03007 -2.82559 1.8682 -0.558515 -0.175088 0.810805 137.319 0 1
-9.19453 -2.28068 1.86402 -0.569537 -0.141979 0.809611 137.447 0 1
-9.31344 -1.77707 1.86289 -0.578683 -0.108007 0.808369 137.611 0 1
-9.417 -1.13766 1.86177 -0.585804 -0.0734364 0.807119 137.759 0 1
-9.47387 -0.556564 1.86644 -0.590839 -0.0387264 0.805859 137.892 0 1
-9.48673 -0.0270242 1.86868 -0.593887 -0.00458631 0.804536 138.043 0 1
-9.48452 0.558072 1.85551 -0.595239 0.0279669 0.803062 138.185 0 1
-9.43624 1.10867 1.85604 -0.595381 0.0576126 0.801375 138.337 0 1
-9.3442 1.69374 1.85838 -0.594931 0.0828556 0.799495 138.473 0 1
-9.23187 2.2104 1.86068 -0.594542 0.102268 0.797534 138.615 0 1
-9.08637 2.74203 1.86678 -0.594763 0.11475 0.795669 138.712 0 1
-8.97249 3.10192 1.8702 -0.595911 0.119709 0.794078 138.894 0 1
-9.48767 3.30243 1.44025 -0.598007 0.117084 0.792893 139.027 0 1
-9.65233 2.78643 1.4369 -0.600793 0.107277 0.792174 139.164 0 1
-9.79777 2.22893 1.43444 -0.603814 0.0910257 0.791911 139.302 0 1
-9.91189 1.67435 1.42829 -0.606542 0.0692836 0.792027 139.459 0 1
-10.0006 1.04272 1.42354 -0.608476 0.0431288 0.792399 139.599 0 1
-10.0306 0.464934 1.43394 -0.609209 0.0136793 0.792892 139.744 0 1
-10.038 -0.137747 1.44047 -0.608438 -0.0179992 0.793397 139.894 0 1
-10.0139 -0.765321 1.43635 -0.605941 -0.0509956 0.793873 140.048 0 1
-9.94136 -1.40866 1.4379 -0.601528 -0.0846334 0.794356 140.169 0 1
-9.85478 -1.90709 1.43754 -0.595022 -0.11848 0.794928 140.321 0 1
-9.7115 -2.52576 1.4333 -0.586284 -0.15227 0.795666 140.452 0 1
-9.55159 -3.04996 1.43677 -0.575272 -0.185799 0.796581 140.587 0 1
-9.36484 -3.57244 1.43978 -0.562077 -0.218846 0.797606 140.742 0 1
-9.12779 -4.17195 1.43348 -0.546905 -0.251168 0.79863 140.877 0 1
-8.87694 -4.69007 1.43653 -0.530012 -0.282533 0.799539 141.027 0 1
-8.57258 -5.22258 1.43834 -0.511642 -0.312741 0.80026 141.168 0 1
-8.26584 -5.69964 1.42208 -0.491995 -0.341637 0.800765 141.32 0 1
-7.87946 -6.19797 1.42068 -0.471228 -0.369106 0.801065 141.452 0 1
-7.52674 -6.64076 1.41066 -0.449464 -0.395081 0.801182 141.577 0 1
-7.16411 -7.01766 1.41962 -0.426787 -0.419552 0.801142 141.704 0 1
-6.77363 -7.38 1.42596 -0.403225 -0.442569 0.800963 141.849 0 1
-6.29779 -7.77752 1.43148 -0.378729 -0.464224 0.800663 141.977 0 1
-5.87513 -8.11199 1.42058 -0.353173 -0.484608 0.800265 142.123 0 1
-5.36139 -8.45615 1.42513 -0.326363 -0.50376 0.799821 142.247 0 1
-4.91319 -8.71621 1.43531 -0.298078 -0.521623 0.799412 142.382 0 1
-4.42684 -8.98081 1.43607 -0.268147 -0.538043 0.799129 142.512 0 1
-3.94811 -9.21058 1.43612 -0.236552 -0.552805 0.799031 142.657 0 1
-3.39253 -9.43469 1.43699 -0.203492 -0.565691 0.799115 142.819 0 1
-2.76533 -9.64841 1.43547 -0.169361 -0.576542 0.799322 142.968 0 1
-2.17884 -9.81065 1.43271 -0.134631 -0.585292 0.799567 143.107 0 1
-1.60833 -9.91597 1.43939 -0.0997145 -0.591967 0.79977 143.251 0 1
-1.03112 -9.99368 1.43922 -0.0648843 -0.596652 0.799873 143.378 0 1
-0.521958 -10.0335 1.42978 -0.0302767 -0.599448 0.799841 143.525 0 1
0.0847353 -10.0282 1.43199 0.00404698 -0.600418 0.799676 143.648 0 1
0.592382 -10.0157 1.42661 0.0380361 -0.599557 0.799428 143.781 0 1
1.13796 -9.9653 1.43283 0.0716179 -0.596799 0.799188 143.923 0 1
1.71332 -9.89159 1.42774 0.1047 -0.59205 0.799071 144.064 0 1
2.29204 -9.76396 1.42766 0.137194 -0.585242 0.799168 144.192 0 1
2.8098 -9.61137 1.4366 0.169036 -0.576375 0.799511 144.323 0 1
3.32628 -9.44613 1.4359 0.200186 -0.56555 0.800049 144.45 0 1
3.82084 -9.25504 1.43566 0.230602 -0.552973 0.800652 144.583 0 1
4.33704 -9.03315 1.42778 0.260226 -0.538922 0.801153 144.707 0 1
4.79157 -8.79592 1.42869 0.288995 -0.523668 0.801407 144.842 0 1
5.26884 -8.50976 1.42868 0.31689 -0.507382 0.801339 144.963 0 1
5.68898 -8.22207 1.43342 0.343958 -0.490073 0.80095 145.087 0 1
6.11196 -7.91877 1.42343 0.370282 -0.471606 0.8003 145.234 0 1
6.58093 -7.5305 1.41815 0.395903 -0.451776 0.799475 145.38 0 1
7.02257 -7.09623 1.4294 0.420761 -0.430395 0.798574 145.509 0 1
7.41179 -6.7126 1.42663 0.444681 -0.407359 0.797695 145.644 0 1
7.79924 -6.28797 1.42841 0.467416 -0.382678 0.796919 145.774 0 1
8.1238 -5.8536 1.43649 0.488707 -0.356471 0.7963 145.915 0 1
8.46139 -5.3656 1.42923 0.508344 -0.328937 0.795856 146.034 0 1
8.72251 -4.93758 1.42769 0.526199 -0.300294 0.795575 146.157 0 1
8.95868 -4.48262 1.43017 0.542228 -0.270714 0.795426 146.301 0 1
9.21895 -3.93832 1.42139 0.556443 -0.24029 0.795382 146.434 0 1
9.42321 -3.4 1.42288 0.568864 -0.209041 0.795422 146.561 0 1
9.583 -2.87972 1.43102 0.579483 -0.176973 0.795537 146.682 0 1
9.71268 -2.39459 1.43541 0.588258 -0.144166 0.795719 146.802 0 1
9.83039 -1.90665 1.4306 0.595138 -0.110826 0.795945 146.956 0 1
9.94064 -1.25593 1.42656 0.600109 -0.0772765 0.796177 147.075 0 1
9.9985 -0.738203 1.42005 0.603221 -0.0438678 0.796366 147.213 0 1
10.0287 -0.148386 1.41784 0.604577 -0.0108539 0.796473 147.355 0 1
10.0112 0.451508 1.41865 0.604287 0.0216971 0.796471 147.473 0 1
9.97968 0.953763 1.41004 0.602415 0.0539047 0.79636 147.606 0 1
9.89752 1.52439 1.41591 0.59895 0.0859904 0.796156 147.743 0 1
9.79119 2.10833 1.41918 0.593811 0.11815 0.795883 147.864 0 1
9.67465 2.6074 1.42621 0.58689 0.150455 0.795565 147.982 0 1
9.54033 3.09133 1.43131 0.578095 0.182817 0.795226 148.115 0 1
9.36494 3.61559 1.43333 0.567374 0.215033 0.794888 148.246 0 1
9.16437 4.1131 1.43184 0.554711 0.246847 0.794583 148.389 0 1
8.91011 4.64592 1.42972 0.540112 0.278006 0.79435 148.517 0 1
8.64112 5.10973 1.43731 0.523597 0.308301 0.794227 148.653 0 1
8.34016 5.5768 1.43832 0.505198 0.337573 0.794241 148.79 0 1
8.02148 6.0285 1.43736 0.484982 0.365704 0.794388 148.941 0 1
7.63309 6.5036 1.44195 0.463069 0.392599 0.794627 149.061 0 1
7.30234 6.88726 1.43283 0.439632 0.418172 0.794893 149.191 0 1
6.92187 7.25721 1.43857 0.414875 0.442352 0.795112 149.346 0 1
6.44942 7.66555 1.44545 0.388992 0.465085 0.795224 149.48 0 1
6.01931 7.99554 1.44976 0.362142 0.486327 0.795198 149.627 0 1
5.52907 8.36602 1.42783 0.334441 0.506033 0.795035 149.755 0 1
5.07177 8.64659 1.42458 0.305997 0.524133 0.794765 149.907 0 1
4.51348 8.94579 1.42618 0.276926 0.540536 0.794439 150.054 0 1
3.9601 9.22184 1.41868 0.247353 0.555143 0.794124 150.182 0 1
3.46236 9.41593 1.42586 0.217364 0.567885 0.793889 150.311 0 1
2.95834 9.59291 1.42456 0.186947 0.578749 0.793788 150.434 0 1
2.46027 9.73958 1.42107 0.155962 0.587786 0.793841 150.564 0 1
1.92913 9.85798 1.42005 0.12419 0.595063 0.794026 150.685 0 1
1.4338 9.94715 1.41877 0.0914386 0.600616 0.794292 150.812 0 1
0.904257 10.005 1.43278 0.0576508 0.60442 0.794577 150.94 0 1
0.374389 10.0422 1.43875 0.0229622 0.606406 0.794823 151.083 0 1
-0.205004 10.0462 1.44566 -0.0123259 0.606504 0.794985 151.238 0 1
-0.836315 10.0311 1.44413 -0.0478301 0.604677 0.795033 151.383 0 1
-1.41742 9.97792 1.4356 -0.0831875 0.600927 0.794963 151.531 0 1
-1.99106 9.86185 1.43964 -0.11813 0.595268 0.794796 151.669 0 1
-2.52642 9.72745 1.44337 -0.152494 0.587695 0.794581 151.809 0 1
-3.07512 9.56803 1.44207 -0.186176 0.578186 0.79438 151.967 0 1
-3.67658 9.35822 1.43657 -0.219068 0.566723 0.794251 152.096 0 1
-4.16014 9.15467 1.43563 -0.251011 0.553341 0.794234 152.222 0 1
-4.61453 8.92594 1.44328 -0.281808 0.538161 0.794334 152.379 0 1
-5.15316 8.61181 1.4556 -0.311268 0.52139 0.794521 152.507 0 1
-5.58957 8.34613 1.44395 -0.339276 0.503272 0.794738 152.628 0 1
-6.00169 8.06353 1.42821 -0.365839 0.484007 0.794921 152.765 0 1
-6.44666 7.71683 1.41573 -0.391083 0.463695 0.79501 152.907 0 1
-6.88285 7.32228 1.41285 -0.41519 0.44233 0.79496 153.033 0 1
-7.25962 6.92801 1.4192 -0.438293 0.419864 0.794741 153.174 0 1
-7.66933 6.48264 1.41711 -0.460366 0.396365 0.794328 153.296 0 1
-7.99369 6.07515 1.42613 -0.481152 0.372209 0.793696 153.414 0 1
-8.28948 5.668 1.43451 -0.500153 0.348237 0.792829 153.56 0 1
-8.61971 5.16079 1.43539 -0.516726 0.325764 0.791753 153.685 0 1
-8.87686 4.71128 1.43521 -0.530216 0.306395 0.790565 153.828 0 1
-9.14132 4.17501 1.43836 -0.540095 0.291713 0.789431 153.964 0 1
-9.3607 3.66308 1.43731 -0.546032 0.282936 0.78854 154.021 0 1
-9.44106 3.44865 1.43621 -0.547909 0.280682 0.788044 154.194 0 1
-9.96386 3.63163 1.00075 -0.545802 0.284877 0.788001 154.328 0 1
-9.73788 4.1863 1.00462 -0.539958 0.294834 0.788364 154.475 0 1
-9.46617 4.78829 0.996424 -0.530754 0.30945 0.789012 154.607 0 1
-9.17265 5.29085 1.01067 -0.518649 0.32747 0.789789 154.744 0 1
-8.8701 5.80811 0.998601 -0.504122 0.347711 0.790543 154.873 0 1
-8.53935 6.27777 0.996572 -0.487614 0.369214 0.791147 155.004 0 1
-8.1713 6.75021 0.985597 -0.469472 0.391282 0.791514 155.138 0 1
-7.76455 7.19218 0.994126 -0.449912 0.413437 0.791612 155.255 0 1
-7.4047 7.57567 0.988853 -0.429023 0.435348 0.791462 155.376 0 1
-7.00389 7.96597 0.98355 -0.406813 0.456747 0.791129 155.499 0 1
-6.5768 8.32252 0.988843 -0.383275 0.477393 0.790693 155.619 0 1
-6.15033 8.6375 0.995317 -0.35844 0.497057 0.790225 155.74 0 1
-5.69827 8.9315 1.0076 -0.332392 0.515541 0.789768 155.871 0 1
-5.21287 9.22251 1.01157 -0.305238 0.532704 0.789339 156.011 0 1
-4.69603 9.50702 1.00381 -0.277057 0.548469 0.788937 156.134 0 1
-4.21877 9.73663 0.997732 -0.247858 0.562799 0.788558 156.263 0 1
-3.68918 9.95183 0.997999 -0.217611 0.575655 0.788205 156.379 0 1
-3.20821 10.1135 1.00279 -0.186305 0.586952 0.787895 156.494 0 1
-2.72745 10.2514 1.00385 -0.154032 0.596552 0.787654 156.625 0 1
-2.16122 10.3943 0.999083 -0.121019 0.604295 0.787516 156.758 0 1
-1.60342 10.4969 1.00356 -0.0876041 0.61005 0.787505 156.913 0 1
-0.941631 10.5742 1.00418 -0.054152 0.613768 0.787627 157.053 0 1
-0.320711 10.5984 1.00955 -0.0209707 0.615488 0.787867 157.174 0 1
0.202662 10.6001 1.00631 0.0117426 0.615312 0.788196 157.294 0 1
0.724168 10.582 0.995912 0.0439066 0.613359 0.788583 157.409 0 1
1.23238 10.5321 0.987939 0.0755222 0.609732 0.789001 157.543 0 1
1.80235 10.4425 0.989549 0.106622 0.604517 0.789425 157.661 0 1
2.30142 10.3432 0.990808 0.137234 0.59779 0.789819 157.776 0 1
2.78788 10.2259 0.986119 0.167371 0.589631 0.790141 157.906 0 1
3.33894 10.0376 0.996928 0.197052 0.580114 0.790341 158.02 0 1
3.81939 9.86949 0.991354 0.226309 0.569286 0.790378 158.168 0 1
4.41243 9.62079 0.989895 0.255178 0.557152 0.790232 158.288 0 1
4.88091 9.3871 0.989368 0.283666 0.543673 0.789907 158.412 0 1
5.36674 9.12092 0.987589 0.311717 0.528785 0.789442 158.537 0 1
5.84196 8.81417 0.997091 0.339201 0.512423 0.788902 158.666 0 1
6.30768 8.4827 1.00416 0.365932 0.494541 0.788368 158.783 0 1
6.71266 8.16394 1.00864 0.391708 0.475128 0.78792 158.918 0 1
7.18272 7.77523 0.997466 0.416353 0.454198 0.787626 159.043 0 1
7.58151 7.38647 0.997089 0.439742 0.431774 0.787527 159.171 0 1
7.96092 6.96684 1.00397 0.461807 0.407866 0.787641 159.3 0 1
8.33507 6.52624 1.00111 0.482515 0.382469 0.78797 159.417 0 1
8.64888 6.11244 0.996236 0.50183 0.355585 0.788496 159.543 0 1
8.95515 5.66337 0.996193 0.519685 0.327279 0.789187 159.684 0 1
9.2596 5.14696 0.99647 0.535975 0.297732 0.789991 159.805 0 1
9.50396 4.67707 0.998712 0.550583 0.267234 0.79085 159.942 0 1
9.76334 4.11397 0.998309 0.563428 0.236124 0.791704 160.072 0 1
9.96466 3.58024 0.999294 0.5745 0.204672 0.792502 160.203 0 1
10.1333 3.04156 0.997298 0.583863 0.17301 0.793203 160.347 0 1
10.281 2.42796 0.999051 0.591615 0.141123 0.793773 160.461 0 1
10.3864 1.91758 0.993668 0.597844 0.108916 0.794179 160.59 0 1
10.4923 1.34035 0.980716 0.602582 0.0763084 0.7944 160.708 0 1
10.5436 0.806396 0.984821 0.605795 0.0433014 0.794442 160.831 0 1
10.5785 0.23746 0.984668 0.607398 0.00999691 0.794335 160.97 0 1
10.581 -0.394848 0.980932 0.607298 -0.0234338 0.794129 161.123 0 1
10.5243 -1.06678 0.987794 0.605434 -0.0567926 0.793866 161.248 0 1
10.4513 -1.6267 0.989353 0.601804 -0.0898817 0.79357 161.367 0 1
10.3399 -2.16744 0.999613 0.596453 -0.122521 0.793242 161.492 0 1
10.2106 -2.70513 0.998246 0.589437 -0.154574 0.792888 161.625 0 1
10.0462 -3.26658 0.995715 0.580772 -0.185967 0.79254 161.77 0 1
9.84403 -3.8798 0.985904 0.570414 -0.216691 0.792258 161.881 0 1
9.64252 -4.34688 0.989433 0.558303 -0.24674 0.792097 161.992 0 1
9.42207 -4.79582 0.991678 0.544435 -0.276051 0.792077 162.103 0 1
9.18402 -5.24272 0.98748 0.528913 -0.304483 0.792175 162.22 0 1
8.89903 -5.69741 0.995119 0.511928 -0.331867 0.792335 162.36 0 1
8.55225 -6.21943 0.997119 0.493679 -0.358083 0.792501 162.474 0 1
8.2432 -6.62661 0.995829 0.474299 -0.383108 0.792634 162.585 0 1
7.90387 -6.99475 1.00026 0.453824 -0.406999 0.792714 162.714 0 1
7.50571 -7.40298 0.997559 0.432222 -0.429839 0.792732 162.861 0 1
7.04457 -7.8574 0.989357 0.409461 -0.451676 0.792673 162.979 0 1
6.64515 -8.20926 0.990136 0.385568 -0.472496 0.792518 163.095 0 1
6.21915 -8.52472 1.00585 0.360646 -0.492219 0.792247 163.235 0 1
5.70931 -8.89281 0.997904 0.334855 -0.510727 0.791852 163.358 0 1
5.25895 -9.17674 0.992329 0.308346 -0.5279 0.791356 163.484 0 1
4.78303 -9.43612 0.993551 0.281216 -0.543643 0.790803 163.603 0 1
4.30977 -9.66443 0.989889 0.253503 -0.557879 0.790257 163.72 0 1
3.82359 -9.86001 0.991794 0.225236 -0.570545 0.789776 163.841 0 1
3.31461 -10.0256 1.00455 0.196483 -0.581584 0.789401 163.955 0 1
2.84001 -10.1881 0.993158 0.167334 -0.590962 0.789154 164.069 0 1
2.35556 -10.3149 0.994196 0.137838 -0.598674 0.789044 164.199 0 1
1.78344 -10.4361 0.994308 0.107941 -0.604741 0.789074 164.322 0 1
1.24267 -10.5166 0.99512 0.0775063 -0.609176 0.789239 164.452 0 1
0.686527 -10.56 1.00061 0.0464006 -0.61196 0.789526 164.571 0 1
0.173022 -10.5791 1.0039 0.0145776 -0.613035 0.789921 164.687 0 1
-0.332711 -10.5989 0.993908 -0.0178817 -0.612327 0.790402 164.798 0 1
-0.833986 -10.576 1.00031 -0.0507793 -0.609776 0.790946 164.927 0 1
-1.38607 -10.5053 1.01139 -0.0838395 -0.605366 0.791519 165.079 0 1
-2.02712 -10.4052 1.00327 -0.116749 -0.59914 0.792086 165.205 0 1
-2.56755 -10.2825 1.00169 -0.149193 -0.591194 0.79261 165.321 0 1
-3.06444 -10.1409 1.00095 -0.180886 -0.581666 0.793061 165.472 0 1
-3.69051 -9.91892 1.00459 -0.211603 -0.570704 0.793424 165.598 0 1
-4.20818 -9.69931 1.00711 -0.241202 -0.558437 0.793706 165.714 0 1
-4.66231 -9.48422 1.00523 -0.269612 -0.544954 0.793936 165.846 0 1
-5.16328 -9.22475 0.999407 -0.296806 -0.530308 0.794153 165.979 0 1
-5.65722 -8.92936 0.996183 -0.3228 -0.51453 0.794392 166.092 0 1
-6.08214 -8.65267 0.9907 -0.347673 -0.497633 0.79466 166.211 0 1
-6.50476 -8.32704 1.00049 -0.371603 -0.479606 0.794915 166.327 0 1
-6.9031 -7.99775 1.0044 -0.394828 -0.460405 0.795071 166.457 0 1
-7.34718 -7.61258 0.991742 -0.417556 -0.439976 0.795027 166.567 0 1
-7.71072 -7.2659 0.982325 -0.439848 -0.418275 0.79472 166.68 0 1
-8.04452 -6.8882 0.989435 -0.461568 -0.395307 0.794158 166.799 0 1
-8.36609 -6.47342 1.00502 -0.482421 -0.371127 0.793432 166.934 0 1
-8.73955 -6.00587 0.99228 -0.502063 -0.345823 0.792678 167.063 0 1
-9.04893 -5.52441 0.99708 -0.520224 -0.319454 0.792033 167.183 0 1
-9.29967 -5.06593 1.00219 -0.536772 -0.292012 0.791583 167.301 0 1
-9.53155 -4.60417 1.00009 -0.551711 -0.263428 0.791341 167.435 0 1
-9.77722 -4.05461 0.998825 -0.565104 -0.233629 0.791249 167.559 0 1
-9.97292 -3.53629 1.00227 -0.576997 -0.202634 0.791211 167.678 0 1
-10.138 -3.04543 1.00029 -0.587368 -0.170613 0.791132 167.832 0 1
-10.3071 -2.40244 1.0085 -0.596135 -0.137886 0.790955 167.961 0 1
-10.4359 -1.8542 1.00026 -0.603184 -0.104834 0.790683 168.122 0 1
-10.5375 -1.13338 0.999798 -0.608408 -0.0717981 0.79037 168.262 0 1
-10.5753 -0.522886 1.00604 -0.611741 -0.039018 0.790095 168.386 0 1
-10.5839 0.0175804 1.00591 -0.613187 -0.0066676 0.78991 168.503 0 1
-10.5807 0.543107 0.995512 -0.612827 0.0250735 0.789819 168.618 0 1
-10.5541 1.06434 0.986203 -0.610817 0.0559835 0.78979 168.739 0 1
-10.4908 1.59258 0.98639 -0.607348 0.0858424 0.789784 168.871 0 1
-10.379 2.15127 1.00068 -0.602588 0.114524 0.789793 168.998 0 1
-10.258 2.68691 1.00122 -0.596633 0.142066 0.78984 169.129 0 1
-10.0923 3.24737 1.00383 -0.589491 0.168682 0.789966 169.208 0 1
-9.98119 3.58197 1.00152 -0.581094 0.194682 0.790208 169.367 0 1
-10.4919 3.79782 0.565897 -0.571341 0.220364 0.790575 169.476 0 1
-10.288 4.31061 0.567955 -0.560143 0.2459 0.791058 169.575 0 1
-10.0873 4.76959 0.563883 -0.547464 0.271296 0.791632 169.683 0 1
-9.83954 5.26472 0.563375 -0.533334 0.29643 0.792265 169.79 0 1
-9.56988 5.74051 0.562223 -0.517829 0.321147 0.792917 169.914 0 1
-9.2229 6.26943 0.564321 -0.501052 0.345344 0.793527 170.03 0 1
-8.87507 6.74742 0.562076 -0.483098 0.368991 0.794017 170.135 0 1
-8.54745 7.17024 0.551886 -0.464042 0.392104 0.794304 170.26 0 1
-8.09914 7.64136 0.565463 -0.443939 0.414686 0.794326 170.371 0 1
-7.71475 8.05344 0.556672 -0.422832 0.436674 0.794059 170.483 0 1
-7.29596 8.4548 0.551041 -0.400754 0.45792 0.79354 170.587 0 1
-6.8706 8.78895 0.561493 -0.377737 0.478215 0.792858 170.694 0 1
-6.42574 9.10982 0.56625 -0.353804 0.497335 0.792137 170.812 0 1
-5.92718 9.44024 0.567713 -0.328966 0.5151 0.791488 170.913 0 1
-5.48829 9.70417 0.570003 -0.303238 0.531415 0.790977 171.016 0 1
-5.03479 9.95468 0.564257 -0.276641 0.546277 0.790602 171.132 0 1
-4.49786 10.2 0.568208 -0.249215 0.559741 0.790305 171.236 0 1
-4.01276 10.4111 0.563398 -0.221032 0.571865 0.790009 171.349 0 1
-3.47519 10.6144 0.559711 -0.192203 0.582666 0.789657 171.469 0 1
-2.88074 10.7784 0.571272 -0.162862 0.592086 0.789246 171.569 0 1
-2.39208 10.8985 0.568527 -0.133152 0.600003 0.788839 171.674 0 1
-1.87405 11.0092 0.56394 -0.103206 0.60627 0.788533 171.774 0 1
-1.37075 11.084 0.563044 -0.0731277 0.61077 0.788424 171.884 0 1
-0.811992 11.1322 0.563174 -0.0429972 0.613442 0.788569 171.988 0 1
-0.280579 11.1591 0.557186 -0.0128694 0.614292 0.788974 172.086 0 1
0.225159 11.1516 0.562564 0.0172084 0.613376 0.789603 172.197 0 1
0.790665 11.1332 0.553829 0.047178 0.610781 0.790393 172.309 0 1
1.36774 11.0638 0.559689 0.0769558 0.606602 0.791272 172.409 0 1
1.8754 10.9869 0.558997 0.106434 0.600945 0.792172 172.516 0 1
2.41601 10.8815 0.557583 0.135509 0.59392 0.79303 172.633 0 1
3.00018 10.7343 0.555463 0.164115 0.585641 0.793782 172.738 0 1
3.51396 10.5629 0.563449 0.192258 0.576221 0.794359 172.848 0 1
4.04205 10.3712 0.563362 0.22001 0.565733 0.794696 172.954 0 1
4.54184 10.1696 0.55654 0.247469 0.55419 0.794753 173.053 0 1
5.00226 9.93789 0.565051 0.274698 0.541529 0.794536 173.162 0 1
5.49607 9.68974 0.555206 0.301675 0.527631 0.794102 173.26 0 1
5.93198 9.42912 0.5561 0.32828 0.512365 0.793545 173.371 0 1
6.40059 9.10153 0.564714 0.35431 0.495623 0.792983 173.483 0 1
6.8591 8.76309 0.563364 0.379526 0.477352 0.792524 173.614 0 1
7.36948 8.3328 0.565245 0.403705 0.457566 0.792247 173.737 0 1
7.83387 7.91242 0.557357 0.426681 0.436342 0.79218 173.859 0 1
8.26563 7.45152 0.564188 0.448373 0.41379 0.7923 173.972 0 1
8.63849 7.0158 0.566433 0.468778 0.390036 0.79254 174.086 0 1
8.99943 6.56703 0.560588 0.487936 0.365212 0.792804 174.193 0 1
9.31763 6.11712 0.561864 0.505872 0.33948 0.792998 174.294 0 1
9.599 5.68372 0.555597 0.522536 0.313038 0.793072 174.398 0 1
9.85454 5.20964 0.56261 0.537792 0.286106 0.793047 174.5 0 1
10.0892 4.74465 0.563167 0.551449 0.258884 0.793021 174.599 0 1
10.2871 4.28301 0.567194 0.563327 0.23151 0.793136 174.708 0 1
10.4835 3.76769 0.563238 0.573322 0.204037 0.793518 174.814 0 1
10.647 3.24894 0.560486 0.581442 0.176435 0.794226 174.915 0 1
10.7711 2.74517 0.567367 0.587818 0.148615 0.795226 175.028 0 1
10.8994 2.187 0.564837 0.59267 0.120474 0.796385 175.135 0 1
11.0073 1.6569 0.554199 0.596257 0.0919449 0.797511 175.243 0 1
11.0858 1.10254 0.551018 0.598808 0.063024 0.798409 175.344 0 1
11.1268 0.578722 0.55225 0.600455 0.0337751 0.798945 175.44 0 1
11.1375 0.0780854 0.560091 0.601209 0.00429758 0.79908 175.539 0 1
11.1429 -0.431812 0.551785 0.600968 -0.0253142 0.798872 175.642 0 1
11.0923 -0.965677 0.55875 0.599555 -0.0549986 0.798442 175.739 0 1
11.0306 -1.46215 0.559703 0.596771 -0.0847231 0.797926 175.85 0 1
10.9433 -2.02117 0.556231 0.592454 -0.114457 0.797432 175.965 0 1
10.8124 -2.60413 0.55976 0.586514 -0.144153 0.797008 176.074 0 1
10.6655 -3.13988 0.563486 0.578936 -0.173749 0.796646 176.198 0 1
10.4776 -3.74522 0.559073 0.569745 -0.203184 0.796309 176.301 0 1
10.2879 -4.24098 0.560492 0.558968 -0.232389 0.795958 176.415 0 1
10.0549 -4.77788 0.555614 0.546632 -0.261254 0.795575 176.532 0 1
9.77754 -5.3146 0.557081 0.53278 -0.289605 0.795157 176.643 0 1
9.4817 -5.80737 0.560992 0.517499 -0.317221 0.794711 176.756 0 1
9.17134 -6.29604 0.559965 0.500903 -0.343872 0.794259 176.869 0 1
8.83744 -6.76729 0.55815 0.483106 -0.369371 0.793835 176.973 0 1
8.49876 -7.17898 0.557276 0.464182 -0.393596 0.793484 177.088 0 1
8.08727 -7.60587 0.566027 0.444161 -0.416502 0.793251 177.205 0 1
7.66371 -8.02652 0.565442 0.423036 -0.4381 0.793164 177.313 0 1
7.2672 -8.40334 0.556452 0.4008 -0.458431 0.793222 177.423 0 1
6.82387 -8.75991 0.565519 0.377473 -0.477548 0.793387 177.535 0 1
6.37485 -9.11131 0.559946 0.353114 -0.495502 0.793592 177.639 0 1
5.93293 -9.41079 0.560615 0.327808 -0.512342 0.793755 177.741 0 1
5.49766 -9.69379 0.549372 0.301638 -0.528101 0.793803 177.837 0 1
5.04699 -9.92463 0.557803 0.27467 -0.542783 0.79369 177.952 0 1
4.51353 -10.1837 0.552046 0.246968 -0.556338 0.793407 178.054 0 1
4.02233 -10.3737 0.560302 0.218602 -0.568668 0.792988 178.176 0 1
3.42553 -10.5723 0.567746 0.189649 -0.579654 0.792486 178.287 0 1
2.89115 -10.7381 0.564581 0.160165 -0.589197 0.791956 178.409 0 1
2.28715 -10.8931 0.561205 0.130164 -0.597243 0.791428 178.516 0 1
1.75179 -10.9987 0.557307 0.0996383 -0.603767 0.790909 178.635 0 1
1.14395 -11.0796 0.557649 0.0686117 -0.608739 0.790398 178.743 0 1
0.588327 -11.1111 0.569105 0.0371732 -0.612101 0.789906 178.855 0 1
0.0220336 -11.1453 0.560743 0.00547431 -0.613764 0.789471 178.963 0 1
-0.532393 -11.1425 0.562161 -0.0263101 -0.613642 0.789146 179.068 0 1
-1.06696 -11.0996 0.570055 -0.0580159 -0.611687 0.78897 179.183 0 1
-1.64021 -11.0169 0.57626 -0.089497 -0.607898 0.788955 179.293 0 1
-2.1801 -10.9357 0.56018 -0.120612 -0.60232 0.78909 179.413 0 1
-2.78076 -10.7981 0.561622 -0.151212 -0.59503 0.78935 179.516 0 1
-3.28757 -10.645 0.570074 -0.181147 -0.586132 0.789706 179.62 0 1
-3.78009 -10.4767 0.570855 -0.210278 -0.575749 0.790124 179.726 0 1
-4.27881 -10.2773 0.568104 -0.238496 -0.564017 0.790572 179.845 0 1
-4.82785 -10.0307 0.562919 -0.265727 -0.551069 0.79102 179.953 0 1
-5.31717 -9.77707 0.562994 -0.291936 -0.537011 0.791449 180.068 0 1
-5.82432 -9.48553 0.560268 -0.31713 -0.521915 0.791855 180.167 0 1
-6.25241 -9.21268 0.556784 -0.341362 -0.505804 0.792233 180.27 0 1
-6.67487 -8.89136 0.569774 -0.36474 -0.488658 0.792577 180.382 0 1
-7.1189 -8.54386 0.568508 -0.387416 -0.47041 0.792858 180.485 0 1
-7.52251 -8.21094 0.557854 -0.40954 -0.450985 0.793026 180.586 0 1
-7.9057 -7.86066 0.551191 -0.431189 -0.430345 0.793019 180.702 0 1
-8.3215 -7.41961 0.555992 -0.452304 -0.408538 0.792791 180.801 0 1
-8.65605 -7.03575 0.55566 -0.472688 -0.385706 0.792337 180.901 0 1
-8.96562 -6.61949 0.567742 -0.492065 -0.362051 0.791702 181.002 0 1
-9.27725 -6.21513 0.552996 -0.510166 -0.337776 0.790973 181.122 0 1
-9.59119 -5.67347 0.566127 -0.526796 -0.313017 0.790257 181.235 0 1
-9.85892 -5.16854 0.565856 -0.541858 -0.287802 0.789658 181.336 0 1
-10.0807 -4.7085 0.566467 -0.555333 -0.262048 0.789263 181.443 0 1
-10.3004 -4.2122 0.565805 -0.567251 -0.235616 0.789121 181.542 0 1
-10.4831 -3.74243 0.567315 -0.577643 -0.208392 0.789241 181.643 0 1
-10.6536 -3.25766 0.561909 -0.586529 -0.180359 0.789591 181.743 0 1
-10.7922 -2.76624 0.566607 -0.593912 -0.151614 0.790115 181.852 0 1
-10.9223 -2.23105 0.566614 -0.599801 -0.122341 0.790741 181.951 0 1
-11.0244 -1.73853 0.557002 -0.604235 -0.0927385 0.791391 182.068 0 1
-11.0912 -1.13637 0.563899 -0.60729 -0.0629643 0.791982 182.178 0 1
-11.1241 -0.577943 0.56894 -0.609061 -0.0331332 0.792431 182.295 0 1
-11.1448 0.0111772 0.56356 -0.60965 -0.00337817 0.792664 182.394 0 1
-11.1321 0.513913 0.564717 -0.60915 0.0260717 0.792626 182.499 0 1
-11.1069 1.04898 0.556454 -0.607663 0.054871 0.792297 182.622 0 1
-11.0301 1.67924 0.558216 -0.605305 0.0826365 0.791693 182.727 0 1
-10.9331 2.21344 0.563434 -0.602212 0.109087 0.790848 182.841 0 1
-10.8053 2.77714 0.564951 -0.598522 0.134167 0.789791 182.949 0 1
-10.6522 3.30688 0.569645 -0.594354 0.158082 0.788513 183.005 0 1
-10.5663 3.57772 0.568294 -0.589795 0.181236 0.786953 183.02 0 1
-10.5452 3.64696 0.566521 -0.58489 0.204117 0.78499 183.02 0 1
