-0.384952 -0.0408999 6.0567 -0.0264721 0.00710636 0.999617 0 1 1
-0.0906554 0.390983 6.05404 -0.0244461 -0.000358538 0.999701 0.318814 0 1
0.377335 0.104783 6.05368 -0.0217777 -0.00826613 0.999729 0.47256 0 1
0.13253 -0.356533 6.05944 -0.0177999 -0.0160888 0.999712 0.634434 0 1
-0.355943 -0.150347 6.05783 -0.0120686 -0.0227484 0.999668 0.844815 0 1
-0.984892 -0.436928 6.02382 -0.00469911 -0.0269604 0.999625 1.01308 0 1
-0.657072 -0.878596 6.02352 0.00351762 -0.0277036 0.99961 1.21286 0 1
-0.0475081 -1.07888 6.02375 0.0112451 -0.024627 0.999633 1.37472 0 1
0.464047 -0.972108 6.02034 0.0169228 -0.0182363 0.99969 1.52885 0 1
0.846026 -0.649563 6.02129 0.0191727 -0.00980818 0.999768 1.70106 0 1
1.08062 -0.130935 6.02231 0.0171578 -0.00109551 0.999852 1.85909 0 1
1.01703 0.383143 6.02084 0.0107971 0.00605478 0.999923 2.01925 0 1
0.719257 0.814951 6.01889 0.000824104 0.0100541 0.999949 2.19047 0 1
0.218973 1.07687 6.02296 -0.011294 0.0098298 0.999888 2.37081 0 1
-0.377505 1.03187 6.02537 -0.0235747 0.00497074 0.99971 2.53031 0 1
-0.813596 0.735797 6.0196 -0.0338716 -0.00422778 0.999417 2.6995 0 1
-1.05859 0.237503 6.01652 -0.0402961 -0.0168087 0.999046 2.89156 0 1
-1.00237 -0.395114 6.02333 -0.0415829 -0.0312796 0.998645 3.10204 0 1
-1.61971 -0.695742 5.95572 -0.037279 -0.0458084 0.998254 3.26536 0 1
-1.3388 -1.17181 5.95465 -0.0277273 -0.0584611 0.997905 3.44199 0 1
-0.894661 -1.5493 5.95365 -0.013913 -0.067446 0.997626 3.63404 0 1
-0.298647 -1.75642 5.95188 0.00273258 -0.07134 0.997448 3.79374 0 1
0.231797 -1.75177 5.94793 0.0205227 -0.0692776 0.997386 3.94519 0 1
0.714266 -1.60988 5.94618 0.0376912 -0.0610792 0.997421 4.11064 0 1
1.17925 -1.31334 5.9497 0.052549 -0.0472902 0.997498 4.26633 0 1
1.51809 -0.913166 5.95522 0.063611 -0.0291203 0.99755 4.42348 0 1
1.72583 -0.416356 5.9611 0.0697042 -0.00829834 0.997533 4.59011 0 1
1.77939 0.130243 5.95697 0.0700716 0.0131283 0.997456 4.75525 0 1
1.66005 0.655227 5.95216 0.064472 0.0330292 0.997373 4.91412 0 1
1.39085 1.10299 5.94731 0.0532405 0.0494488 0.997357 5.06796 0 1
1.02253 1.45302 5.94526 0.0372571 0.0608515 0.997451 5.23222 0 1
0.543511 1.71094 5.95001 0.0178033 0.066291 0.997641 5.39376 0 1
0.00883514 1.79728 5.95651 -0.00364895 0.0654519 0.997849 5.5565 0 1
-0.523232 1.71861 5.9583 -0.0256109 0.0585749 0.997954 5.72961 0 1
-1.04027 1.47185 5.96024 -0.0466437 0.046334 0.997836 5.91089 0 1
-1.46126 1.03952 5.95785 -0.0653392 0.0297251 0.99742 6.0962 0 1
-1.71625 0.485121 5.95232 -0.0803073 0.00997183 0.99672 6.2484 0 1
-1.7801 -0.017872 5.95029 -0.090254 -0.0115795 0.995851 6.41132 0 1
-1.66935 -0.561859 5.95476 -0.0941636 -0.0335835 0.99499 6.61574 0 1
-2.27332 -0.897401 5.85519 -0.0915083 -0.0548125 0.994295 6.77881 0 1
-2.02306 -1.38924 5.85745 -0.0823743 -0.074223 0.993834 6.93666 0 1
-1.69641 -1.7969 5.85348 -0.0674329 -0.0909424 0.99357 7.11494 0 1
-1.23524 -2.15384 5.85906 -0.0477711 -0.104196 0.993409 7.27271 0 1
-0.762198 -2.35966 5.86324 -0.0246786 -0.113243 0.993261 7.44474 0 1
-0.196187 -2.46259 5.8568 0.000501009 -0.117385 0.993086 7.60492 0 1
0.349962 -2.43585 5.85136 0.02641 -0.116053 0.992892 7.7679 0 1
0.876445 -2.29483 5.84404 0.0516547 -0.108942 0.992705 7.92792 0 1
1.34933 -2.05167 5.84408 0.0748131 -0.0961047 0.992556 8.08874 0 1
1.7681 -1.7153 5.8499 0.0945271 -0.078011 0.992461 8.25306 0 1
2.10116 -1.27334 5.85667 0.109657 -0.0555412 0.992417 8.42645 0 1
2.34981 -0.750466 5.85575 0.119414 -0.0299167 0.992394 8.60556 0 1
2.45685 -0.167338 5.84912 0.123403 -0.00257928 0.992353 8.76198 0 1
2.44716 0.347406 5.84725 0.121563 0.0249504 0.99227 8.94382 0 1
2.29005 0.930769 5.85254 0.114067 0.0511997 0.992153 9.10561 0 1
2.02292 1.41574 5.84763 0.101241 0.0748293 0.992044 9.26641 0 1
1.65359 1.82087 5.8416 0.0835553 0.0946659 0.991996 9.41649 0 1
1.25337 2.13135 5.84147 0.0616716 0.109705 0.992049 9.58059 0 1
0.749006 2.3686 5.84269 0.0365088 0.119128 0.992207 9.7225 0 1
0.258973 2.46626 5.8513 0.00925744 0.122376 0.992441 9.88414 0 1
-0.297763 2.46139 5.85757 -0.0187133 0.11927 0.992686 10.0629 0 1
-0.884907 2.32976 5.85632 -0.0460613 0.110139 0.992848 10.2192 0 1
-1.36259 2.09464 5.85999 -0.071711 0.0959252 0.992802 10.3935 0 1
-1.82241 1.69132 5.8615 -0.0950021 0.0782102 0.9924 10.5675 0 1
-2.16476 1.21487 5.85875 -0.115669 0.0591263 0.991526 10.768 0 1
-2.40866 0.597114 5.85135 -0.133678 0.0411094 0.990172 10.9505 0 1
-2.47724 -0.0105617 5.8486 -0.149023 0.0265259 0.988478 11.1163 0 1
-2.39649 -0.56542 5.84977 -0.161587 0.0172772 0.986707 11.1803 0 1
-2.3279 -0.774946 5.85253 -0.171103 0.0144988 0.985146 11.3854 0 1
-2.96579 -1.02389 5.71762 -0.177199 0.0184321 0.984002 11.5794 0 1
-3.1329 -0.383928 5.71578 -0.179474 0.0284862 0.98335 11.753 0 1
-3.16062 0.211146 5.71444 -0.177573 0.0434514 0.983148 11.9209 0 1
-3.07144 0.77097 5.71637 -0.171246 0.0617806 0.983289 12.089 0 1
-2.88111 1.30987 5.72395 -0.160407 0.0818431 0.983652 12.2435 0 1
-2.62046 1.77639 5.72805 -0.145175 0.10209 0.984125 12.3953 0 1
-2.29241 2.17967 5.72762 -0.125892 0.121141 0.98462 12.545 0 1
-1.92218 2.52195 5.7295 -0.103098 0.137825 0.985076 12.6967 0 1
-1.4964 2.80457 5.72986 -0.07747 0.15123 0.985458 12.8456 0 1
-1.03945 3.0091 5.72696 -0.0497536 0.160715 0.985746 13.0084 0 1
-0.502681 3.12675 5.7273 -0.0207139 0.165871 0.98593 13.1624 0 1
0.0144426 3.16433 5.72574 0.00889099 0.16644 0.986012 13.3128 0 1
0.524864 3.13594 5.71651 0.0383109 0.162255 0.986005 13.4927 0 1
1.11396 2.96476 5.71288 0.066794 0.153244 0.985928 13.6667 0 1
1.65269 2.68781 5.71407 0.0935697 0.139462 0.985797 13.8505 0 1
2.13688 2.31838 5.7085 0.117833 0.121125 0.985619 14.0293 0 1
2.53869 1.88861 5.71021 0.138753 0.0986246 0.985404 14.1901 0 1
2.81687 1.42933 5.71927 0.155519 0.0725606 0.985164 14.3492 0 1
2.99898 0.924169 5.72317 0.167427 0.0437766 0.984912 14.5118 0 1
3.12608 0.397102 5.71446 0.173962 0.0133537 0.984662 14.6718 0 1
3.14449 -0.130344 5.7106 0.174854 -0.0174729 0.984439 14.8726 0 1
3.03823 -0.79174 5.71684 0.170079 -0.0474579 0.984287 15.0477 0 1
2.83609 -1.35513 5.71844 0.159825 -0.0754916 0.984255 15.1967 0 1
2.5788 -1.78974 5.7177 0.144424 -0.100685 0.98438 15.3592 0 1
2.2311 -2.20917 5.71176 0.124318 -0.122375 0.984667 15.5273 0 1
1.79841 -2.58261 5.71037 0.100077 -0.140071 0.985071 15.7161 0 1
1.22321 -2.8958 5.71694 0.0724543 -0.153399 0.985505 15.8922 0 1
0.663335 -3.0738 5.72793 0.0424079 -0.162088 0.985865 16.057 0 1
0.131489 -3.14499 5.73424 0.011036 -0.166023 0.98606 16.2129 0 1
-0.377871 -3.13576 5.73842 -0.0205632 -0.165331 0.986024 16.3731 0 1
-0.888645 -3.04183 5.73993 -0.0514426 -0.160432 0.985705 16.5415 0 1
-1.39554 -2.83988 5.73319 -0.0808904 -0.15197 0.985069 16.7142 0 1
-1.87078 -2.54089 5.72472 -0.108422 -0.140623 0.984109 16.8713 0 1
-2.26429 -2.18993 5.72127 -0.133706 -0.126902 0.982862 17.0208 0 1
-2.57781 -1.79352 5.72206 -0.156463 -0.111052 0.981421 17.2004 0 1
-2.86315 -1.25925 5.72111 -0.176378 -0.0930795 0.979912 17.2511 0 1
-2.9314 -1.10206 5.71898 -0.193044 -0.0728849 0.978479 17.456 0 1
-3.57199 -1.32347 5.55888 -0.205968 -0.0504234 0.977259 17.6147 0 1
-3.74166 -0.806275 5.55352 -0.214639 -0.0258489 0.976351 17.7705 0 1
-3.82993 -0.263365 5.55221 -0.218615 0.000421205 0.975811 17.9223 0 1
-3.82876 0.262032 5.55123 -0.217602 0.027736 0.975643 18.1188 0 1
-3.71827 0.922483 5.5557 -0.211503 0.0553108 0.975811 18.2807 0 1
-3.55621 1.45231 5.5612 -0.200436 0.0823429 0.97624 18.4764 0 1
-3.24649 2.05644 5.56997 -0.184738 0.108096 0.976825 18.6294 0 1
-2.93319 2.47233 5.56985 -0.164937 0.131932 0.97744 18.7979 0 1
-2.5396 2.87962 5.57561 -0.14169 0.153301 0.977969 18.964 0 1
-2.10557 3.22247 5.58095 -0.1157 0.171725 0.978327 19.114 0 1
-1.676 3.48446 5.57921 -0.087637 0.186785 0.978484 19.2759 0 1
-1.1765 3.67738 5.57817 -0.0581066 0.198137 0.97845 19.4505 0 1
-0.605243 3.7915 5.57692 -0.0276758 0.20552 0.978261 19.6163 0 1
-0.0341402 3.84229 5.57172 0.00308909 0.208757 0.977963 19.766 0 1
0.477763 3.83039 5.56558 0.0336188 0.207714 0.977612 19.9357 0 1
1.03817 3.71393 5.56218 0.0633792 0.202269 0.977277 20.0901 0 1
1.53178 3.53286 5.56293 0.0919092 0.192319 0.977019 20.2348 0 1
1.9796 3.29931 5.55993 0.118816 0.177868 0.976855 20.3949 0 1
2.41369 2.97113 5.55516 0.143718 0.159131 0.976741 20.5698 0 1
2.8385 2.57102 5.55068 0.166181 0.13658 0.976591 20.7608 0 1
3.2368 2.07367 5.55468 0.18568 0.110893 0.976333 20.932 0 1
3.50988 1.55704 5.5626 0.201628 0.0828351 0.975953 21.088 0 1
3.68374 1.0722 5.5618 0.213462 0.0531762 0.975503 21.2663 0 1
3.80391 0.495441 5.54919 0.22073 0.0226472 0.975072 21.4205 0 1
3.82633 -0.0175677 5.54169 0.223165 -0.00806785 0.974747 21.6047 0 1
3.75767 -0.635844 5.54257 0.220708 -0.0383548 0.974585 21.7645 0 1
3.63175 -1.17404 5.5478 0.213493 -0.0677054 0.974596 21.9133 0 1
3.44333 -1.66169 5.55214 0.201788 -0.0957316 0.974739 22.0638 0 1
3.18029 -2.10749 5.55309 0.185924 -0.122127 0.974945 22.2285 0 1
2.83904 -2.54804 5.54967 0.166219 -0.146573 0.975135 22.3905 0 1
2.4481 -2.93751 5.55262 0.142965 -0.168634 0.975256 22.5389 0 1
2.03905 -3.24596 5.55622 0.116467 -0.187696 0.975298 22.6999 0 1
1.54633 -3.50277 5.56111 0.0871207 -0.20301 0.975293 22.8825 0 1
0.965957 -3.69562 5.56765 0.055476 -0.213839 0.975292 23.066 0 1
0.368089 -3.79552 5.57528 0.0222565 -0.219645 0.975326 23.2302 0 1
-0.17347 -3.82481 5.57687 -0.0116839 -0.220238 0.975376 23.4147 0 1
-0.767784 -3.76166 5.57804 -0.0454546 -0.215852 0.975368 23.5756 0 1
-1.26569 -3.62593 5.57545 -0.0782302 -0.207117 0.975183 23.777 0 1
-1.86175 -3.34862 5.5747 -0.109312 -0.194892 0.974714 23.9432 0 1
-2.32079 -3.05178 5.56887 -0.138147 -0.180008 0.973916 24.1116 0 1
-2.74411 -2.66953 5.56277 -0.164324 -0.163031 0.972841 24.2546 0 1
-3.06313 -2.28299 5.56199 -0.187581 -0.14418 0.97161 24.4278 0 1
-3.37147 -1.77767 5.56041 -0.207792 -0.123439 0.970353 24.5407 0 1
-3.5323 -1.4312 5.55862 -0.224916 -0.100739 0.969157 24.7443 0 1
-4.16968 -1.63339 5.3691 -0.238919 -0.0760969 0.968053 24.9223 0 1
-4.3637 -1.05352 5.37108 -0.249707 -0.0496728 0.967047 25.0797 0 1
-4.48964 -0.538586 5.36812 -0.257106 -0.0217719 0.966138 25.2587 0 1
-4.52369 0.0577705 5.36645 -0.260881 0.00717343 0.965344 25.4101 0 1
-4.4674 0.564687 5.364 -0.260778 0.0366343 0.964703 25.5833 0 1
-4.35169 1.15601 5.36468 -0.256544 0.0660338 0.964274 25.733 0 1
-4.20045 1.65711 5.36972 -0.247956 0.0948069 0.964121 25.9065 0 1
-3.95802 2.19678 5.3722 -0.234873 0.122454 0.964282 26.0566 0 1
-3.66771 2.61901 5.3806 -0.217328 0.148564 0.964727 26.2158 0 1
-3.32638 3.03949 5.38429 -0.195594 0.1728 0.965341 26.3879 0 1
-2.90819 3.43895 5.39462 -0.170189 0.194854 0.965954 26.5569 0 1
-2.4658 3.79932 5.39946 -0.141797 0.214412 0.966396 26.706 0 1
-2.0245 4.05943 5.4034 -0.111145 0.23114 0.966551 26.8968 0 1
-1.44194 4.30347 5.40445 -0.0789253 0.244693 0.966383 27.0625 0 1
-0.918722 4.4299 5.39626 -0.045785 0.254748 0.965923 27.2433 0 1
-0.318459 4.49128 5.39472 -0.0123679 0.26103 0.965251 27.394 0 1
0.190629 4.51032 5.38842 0.0206589 0.263333 0.964484 27.5507 0 1
0.710899 4.467 5.38007 0.0526527 0.261508 0.963764 27.729 0 1
1.29051 4.3455 5.37146 0.0830924 0.255429 0.96325 27.8872 0 1
1.79023 4.14869 5.37295 0.111654 0.244975 0.963079 28.0331 0 1
2.24546 3.9122 5.36898 0.138201 0.230051 0.963316 28.1795 0 1
2.6719 3.62127 5.36527 0.162686 0.210703 0.963918 28.3342 0 1
3.08521 3.27267 5.36356 0.185029 0.187252 0.964729 28.4893 0 1
3.46511 2.87865 5.37074 0.205029 0.160349 0.965532 28.6752 0 1
3.85367 2.35943 5.37245 0.222358 0.130877 0.966141 28.859 0 1
4.14158 1.79286 5.38021 0.236623 0.0997569 0.966467 29.0509 0 1
4.35478 1.18708 5.37926 0.247446 0.0677676 0.966529 29.2175 0 1
4.46018 0.638863 5.36574 0.254544 0.0354789 0.96641 29.3746 0 1
4.4934 0.0983418 5.35321 0.257755 0.00328144 0.966205 29.5366 0 1
4.45779 -0.459603 5.35052 0.257016 -0.0285422 0.965986 29.6933 0 1
4.36915 -0.99295 5.35395 0.25231 -0.0597564 0.9658 29.8575 0 1
4.22312 -1.54594 5.3568 0.243635 -0.0901386 0.965669 30.0161 0 1
3.998 -2.04743 5.3612 0.230998 -0.119467 0.965592 30.1751 0 1
3.72155 -2.51652 5.35886 0.214453 -0.147522 0.965529 30.3346 0 1
3.38125 -2.95408 5.35989 0.194133 -0.17407 0.965408 30.5031 0 1
2.96817 -3.37812 5.36384 0.170292 -0.19882 0.965128 30.6852 0 1
2.47212 -3.76705 5.369 0.143317 -0.22137 0.964601 30.852 0 1
1.97067 -4.05003 5.37225 0.113715 -0.241166 0.963799 31.0084 0 1
1.47257 -4.25144 5.37596 0.0820723 -0.257524 0.96278 31.1822 0 1
0.902334 -4.39886 5.37638 0.0489988 -0.269718 0.961692 31.3579 0 1
0.304711 -4.47376 5.37586 0.0150906 -0.277124 0.960716 31.5322 0 1
-0.298502 -4.48351 5.37186 -0.0190707 -0.279353 0.959999 31.6954 0 1
-0.842792 -4.41861 5.36922 -0.0528952 -0.276369 0.959595 31.8603 0 1
-1.38117 -4.29016 5.36749 -0.0857781 -0.268528 0.959445 32.0127 0 1
-1.86396 -4.0971 5.37518 -0.117152 -0.256558 0.959403 32.1622 0 1
-2.31895 -3.85234 5.3832 -0.146586 -0.241452 0.959277 32.3163 0 1
-2.74626 -3.56106 5.37833 -0.173864 -0.224249 0.958897 32.4765 0 1
-3.15185 -3.2109 5.37055 -0.198985 -0.205742 0.958162 32.6387 0 1
-3.50622 -2.78509 5.36926 -0.222062 -0.186254 0.957078 32.7891 0 1
-3.80303 -2.36979 5.36469 -0.243173 -0.165624 0.955738 32.9493 0 1
-4.05951 -1.88673 5.36757 -0.262244 -0.143425 0.954284 33.0083 0 1
-4.14316 -1.70315 5.3682 -0.278998 -0.119276 0.952855 33.211 0 1
-4.77375 -1.89736 5.15045 -0.293015 -0.0930615 0.951568 33.3988 0 1
-4.98654 -1.27784 5.15416 -0.303828 -0.0649602 0.95051 33.5793 0 1
-5.14148 -0.694026 5.15436 -0.311041 -0.0353592 0.949739 33.7562 0 1
-5.18972 -0.114352 5.15248 -0.314401 -0.00473337 0.949279 33.9152 0 1
-5.16106 0.414237 5.14716 -0.313828 0.0264499 0.949111 34.0873 0 1
-5.07647 1.00101 5.1402 -0.309412 0.0577966 0.94917 34.2376 0 1
-4.94117 1.51485 5.14887 -0.301359 0.0890155 0.949347 34.3906 0 1
-4.77054 2.01543 5.15343 -0.289906 0.11989 0.949516 34.5669 0 1
-4.51006 2.55839 5.15176 -0.275213 0.150185 0.94958 34.7372 0 1
-4.17432 3.05044 5.16111 -0.257314 0.179542 0.949502 34.895 0 1
-3.81622 3.47971 5.17226 -0.23618 0.207433 0.949311 35.0506 0 1
-3.44486 3.85787 5.17535 -0.21185 0.233201 0.949071 35.2255 0 1
-3.00072 4.23245 5.17644 -0.184543 0.256191 0.948847 35.3898 0 1
-2.54135 4.5258 5.18036 -0.154661 0.275855 0.948675 35.557 0 1
-2.05436 4.7762 5.18232 -0.122714 0.291817 0.94857 35.7389 0 1
-1.4985 4.9814 5.18604 -0.0892222 0.303869 0.948527 35.9026 0 1
-0.982676 5.09281 5.17956 -0.0546788 0.311939 0.948527 36.0666 0 1
-0.443639 5.15196 5.17487 -0.0195801 0.316063 0.948536 36.2413 0 1
0.129646 5.17521 5.16764 0.0155375 0.316349 0.948516 36.3983 0 1
0.649153 5.13069 5.16491 0.0501006 0.312945 0.948449 36.584 0 1
1.26474 5.0333 5.15412 0.0835547 0.305987 0.948362 36.7582 0 1
1.82934 4.85351 5.15527 0.115448 0.295567 0.948321 36.9205 0 1
2.32402 4.62384 5.14912 0.145496 0.281714 0.948403 37.0663 0 1
2.754 4.36842 5.14232 0.173578 0.264408 0.948662 37.2637 0 1
3.30274 3.96233 5.14347 0.199656 0.243644 0.949092 37.4355 0 1
3.73817 3.55849 5.14712 0.223634 0.219561 0.949621 37.5985 0 1
4.1231 3.13335 5.14999 0.245257 0.192575 0.950139 37.7448 0 1
4.42187 2.69954 5.16058 0.264111 0.163405 0.950549 37.9026 0 1
4.68068 2.21698 5.16908 0.279709 0.132942 0.950836 38.0596 0 1
4.87392 1.7326 5.17208 0.291629 0.102016 0.951076 38.2277 0 1
5.03682 1.20481 5.16884 0.299607 0.0711851 0.951403 38.3889 0 1
5.13505 0.677231 5.1513 0.30359 0.040667 0.951935 38.5378 0 1
5.16231 0.169003 5.13675 0.303743 0.010415 0.952697 38.6842 0 1
5.14615 -0.33373 5.13527 0.30042 -0.0197357 0.953603 38.8309 0 1
5.08073 -0.8351 5.14387 0.294077 -0.049931 0.954476 39.0089 0 1
4.95364 -1.44449 5.15047 0.28514 -0.0802175 0.955123 39.1631 0 1
4.77647 -1.96828 5.15633 0.273862 -0.11052 0.955398 39.3175 0 1
4.5478 -2.44995 5.15855 0.260257 -0.140647 0.955241 39.4722 0 1
4.26517 -2.89299 5.15902 0.244135 -0.1703 0.954671 39.623 0 1
3.94495 -3.30063 5.15675 0.225245 -0.199061 0.95375 39.7822 0 1
3.55889 -3.71258 5.15292 0.203439 -0.22638 0.952557 39.9532 0 1
3.11524 -4.11521 5.15112 0.178782 -0.251591 0.951178 40.1142 0 1
2.65344 -4.4318 5.14949 0.151552 -0.273983 0.949718 40.2949 0 1
2.0767 -4.72377 5.15273 0.122171 -0.292907 0.948304 40.4624 0 1
1.5202 -4.92511 5.1532 0.0910959 -0.307878 0.947055 40.6126 0 1
1.01927 -5.03786 5.15089 0.0587462 -0.318621 0.94606 40.7753 0 1
0.468634 -5.12225 5.14058 0.0254815 -0.325026 0.945362 40.9333 0 1
-0.073669 -5.13044 5.1418 -0.00835805 -0.327074 0.944962 41.1043 0 1
-0.659527 -5.10342 5.13793 -0.0423848 -0.324789 0.944836 41.2736 0 1
-1.22534 -5.02092 5.13096 -0.0761177 -0.318251 0.944946 41.4283 0 1
-1.72951 -4.86646 5.13455 -0.109004 -0.307685 0.945224 41.5968 0 1
-2.26138 -4.62969 5.14377 -0.140502 -0.293583 0.945552 41.7615 0 1
-2.75788 -4.35237 5.14839 -0.170153 -0.276828 0.945735 41.925 0 1
-3.21533 -4.03799 5.14557 -0.197562 -0.258746 0.945526 42.0827 0 1
-3.6139 -3.67519 5.14638 -0.222288 -0.241025 0.944719 42.2273 0 1
-3.94935 -3.30067 5.14627 -0.243749 -0.225489 0.943261 42.3926 0 1
-4.28891 -2.84663 5.14232 -0.261228 -0.213797 0.941303 42.5432 0 1
-4.55258 -2.40224 5.14278 -0.273987 -0.207183 0.939152 42.6466 0 1
-4.70102 -2.07346 5.1493 -0.281429 -0.206276 0.937149 42.8428 0 1
-5.32466 -2.25365 4.90336 -0.283203 -0.211049 0.93555 43.0135 0 1
-5.09852 -2.78775 4.89181 -0.279241 -0.220878 0.934472 43.1718 0 1
-4.81024 -3.23758 4.89831 -0.269732 -0.234719 0.933891 43.3546 0 1
-4.4417 -3.72892 4.90052 -0.255085 -0.251327 0.933684 43.5019 0 1
-4.11373 -4.1134 4.89287 -0.235893 -0.269461 0.933673 43.6815 0 1
-3.63827 -4.53221 4.89255 -0.212896 -0.288002 0.933665 43.8463 0 1
-3.17365 -4.85892 4.89032 -0.186917 -0.306006 0.9335 44.0301 0 1
-2.6302 -5.17336 4.88927 -0.158775 -0.322693 0.933091 44.1753 0 1
-2.17695 -5.38752 4.88936 -0.129185 -0.337413 0.93245 44.3461 0 1
-1.61978 -5.57962 4.88444 -0.0986602 -0.349602 0.931689 44.4945 0 1
-1.1262 -5.69641 4.87794 -0.0674847 -0.358748 0.930992 44.6451 0 1
-0.605487 -5.7551 4.88084 -0.0357761 -0.364421 0.930547 44.7967 0 1
-0.0723246 -5.77816 4.88134 -0.00361198 -0.36633 0.930478 44.9513 0 1
0.4678 -5.76935 4.87926 0.0288448 -0.364398 0.930797 45.1245 0 1
1.06308 -5.68944 4.88548 0.0612919 -0.358779 0.931408 45.2689 0 1
1.55826 -5.58177 4.89441 0.0933367 -0.349775 0.932172 45.4471 0 1
2.1565 -5.40171 4.90007 0.124611 -0.337684 0.932975 45.6075 0 1
2.65934 -5.17055 4.89883 0.154858 -0.322674 0.933756 45.7657 0 1
3.13336 -4.89617 4.90116 0.183925 -0.304767 0.934499 45.9113 0 1
3.54904 -4.5969 4.90164 0.211669 -0.283927 0.935191 46.0589 0 1
3.93897 -4.26911 4.89864 0.237867 -0.26021 0.935794 46.2207 0 1
4.32033 -3.86252 4.91192 0.262178 -0.233884 0.936248 46.4135 0 1
4.73671 -3.35952 4.92651 0.284208 -0.205458 0.93649 46.5954 0 1
5.07576 -2.84518 4.92571 0.303608 -0.175583 0.936479 46.7509 0 1
5.3148 -2.38579 4.91989 0.320153 -0.144867 0.936224 46.9006 0 1
5.49633 -1.91468 4.91525 0.333728 -0.11367 0.935791 47.0734 0 1
5.65443 -1.34568 4.90796 0.344268 -0.0820342 0.935281 47.2451 0 1
5.75795 -0.760263 4.90091 0.351672 -0.0497717 0.934799 47.4023 0 1
5.80501 -0.224924 4.89193 0.35578 -0.0166814 0.934421 47.5595 0 1
5.81712 0.309533 4.89131 0.356396 0.0172382 0.934176 47.7112 0 1
5.78 0.824596 4.89891 0.353363 0.0516874 0.934057 47.8687 0 1
5.67042 1.33694 4.91796 0.346644 0.08611 0.934036 48.0421 0 1
5.51045 1.88676 4.92316 0.336366 0.119841 0.934075 48.2519 0 1
5.2585 2.52894 4.9153 0.322804 0.152281 0.934135 48.4022 0 1
5.01127 2.96635 4.9139 0.306312 0.183008 0.934174 48.5552 0 1
4.72637 3.40163 4.90448 0.287234 0.211795 0.934152 48.6984 0 1
4.4094 3.79528 4.90024 0.265844 0.238531 0.93404 48.8892 0 1
3.94008 4.27715 4.89612 0.242327 0.263123 0.933833 49.0601 0 1
3.47565 4.66643 4.89237 0.216794 0.285447 0.933552 49.2228 0 1
3.00537 4.98789 4.89338 0.189313 0.305358 0.933229 49.3835 0 1
2.51405 5.24962 4.90713 0.159946 0.322717 0.932883 49.5381 0 1
2.03865 5.47133 4.90478 0.128792 0.337392 0.932512 49.6879 0 1
1.55868 5.62164 4.90669 0.0960222 0.349215 0.93211 49.8727 0 1
0.942004 5.7475 4.91598 0.0618941 0.357965 0.931682 50.0213 0 1
0.423164 5.80878 4.92008 0.0267354 0.363395 0.931251 50.1802 0 1
-0.116073 5.82469 4.92258 -0.00909588 0.365311 0.930841 50.3625 0 1
-0.719928 5.7757 4.92382 -0.0452313 0.363624 0.930447 50.5236 0 1
-1.25223 5.69824 4.92125 -0.0812749 0.35836 0.930039 50.7109 0 1
-1.87123 5.53782 4.91985 -0.116773 0.349613 0.929589 50.8779 0 1
-2.39024 5.3388 4.91792 -0.15121 0.337511 0.929097 51.0344 0 1
-2.84227 5.10334 4.92512 -0.18404 0.322198 0.928611 51.2014 0 1
-3.30184 4.81612 4.92178 -0.214733 0.303847 0.928206 51.3671 0 1
-3.73325 4.47627 4.92057 -0.242823 0.28268 0.92797 51.5302 0 1
-4.12619 4.11012 4.91697 -0.267974 0.258975 0.927966 51.7051 0 1
-4.51007 3.66864 4.9156 -0.290035 0.233058 0.928205 51.8589 0 1
-4.83081 3.24736 4.90821 -0.309073 0.205251 0.928626 52.0023 0 1
-5.10684 2.82387 4.89973 -0.325316 0.17583 0.929114 52.1504 0 1
-5.33311 2.35789 4.89908 -0.339013 0.145015 0.929538 52.3047 0 1
-5.51383 1.85741 4.90113 -0.350335 0.113042 0.929778 52.4624 0 1
-5.67211 1.33642 4.89304 -0.359394 0.0803024 0.929724 52.6136 0 1
-5.76402 0.824882 4.89484 -0.366401 0.047487 0.929245 52.7816 0 1
-5.83776 0.256502 4.88739 -0.371796 0.0156842 0.928182 52.9339 0 1
-5.83436 -0.270571 4.89046 -0.376238 -0.0136508 0.926422 53.0887 0 1
-5.77189 -0.809007 4.89668 -0.380416 -0.0388683 0.923998 53.2673 0 1
-5.628 -1.40034 4.90036 -0.384811 -0.0583911 0.921146 53.4269 0 1
-5.46617 -1.912 4.90024 -0.389547 -0.0709799 0.918267 53.4889 0 1
-5.38894 -2.1078 4.90187 -0.394388 -0.0759137 0.915803 53.6957 0 1
-6.00601 -2.29305 4.61538 -0.39886 -0.0730565 0.914097 53.8485 0 1
-6.17426 -1.7973 4.6142 -0.402423 -0.0628222 0.913296 54.0018 0 1
-6.31576 -1.28745 4.60838 -0.404618 -0.0460633 0.913325 54.1788 0 1
-6.42802 -0.68261 4.60789 -0.405131 -0.023905 0.913946 54.3473 0 1
-6.48426 -0.0970544 4.60652 -0.403796 0.0024409 0.914846 54.5073 0 1
-6.46046 0.460483 4.61664 -0.400538 0.0318233 0.915728 54.672 0 1
-6.3794 1.00693 4.62798 -0.395332 0.0632115 0.916361 54.8263 0 1
-6.28665 1.51403 4.62358 -0.388161 0.0956783 0.916612 54.985 0 1
-6.12391 2.03129 4.62688 -0.378977 0.128377 0.916458 55.1502 0 1
-5.92912 2.5863 4.61661 -0.367659 0.160574 0.915993 55.2995 0 1
-5.69787 3.06211 4.61986 -0.35399 0.191716 0.915389 55.4628 0 1
-5.39972 3.54601 4.62422 -0.337698 0.221471 0.914828 55.6508 0 1
-5.0033 4.07291 4.6241 -0.318557 0.249682 0.914429 55.8014 0 1
-4.65436 4.46869 4.62324 -0.296486 0.276258 0.914209 55.9493 0 1
-4.28698 4.81852 4.63226 -0.271596 0.301079 0.914104 56.1146 0 1
-3.86365 5.1869 4.63514 -0.244162 0.323948 0.914026 56.281 0 1
-3.39787 5.51384 4.64501 -0.214559 0.344599 0.913902 56.4357 0 1
-2.95071 5.77624 4.63986 -0.183197 0.362731 0.913709 56.6009 0 1
-2.45363 6.00009 4.63208 -0.150479 0.378051 0.913473 56.7955 0 1
-1.84309 6.20766 4.62965 -0.116777 0.390311 0.913247 56.9775 0 1
-1.23686 6.34312 4.63727 -0.082438 0.399337 0.91309 57.1239 0 1
-0.740541 6.41148 4.64399 -0.0478004 0.405021 0.913057 57.2746 0 1
-0.235863 6.4511 4.6436 -0.013224 0.407304 0.913197 57.4343 0 1
0.296601 6.44471 4.64447 0.0209121 0.406169 0.913558 57.6054 0 1
0.872766 6.39974 4.63951 0.0542596 0.401658 0.914181 57.7571 0 1
1.38855 6.32372 4.62731 0.0865771 0.3939 0.915067 57.9241 0 1
1.94565 6.17736 4.62211 0.117779 0.383139 0.916151 58.0868 0 1
2.46619 5.98492 4.62705 0.14792 0.369711 0.917297 58.2347 0 1
2.92624 5.77151 4.62359 0.177109 0.354005 0.918321 58.3808 0 1
3.37323 5.51141 4.62663 0.205414 0.336385 0.919049 58.5219 0 1
3.79582 5.23653 4.62796 0.232794 0.317119 0.919371 58.6875 0 1
4.2523 4.86022 4.63184 0.259085 0.296318 0.919277 58.8523 0 1
4.68729 4.44785 4.63146 0.284021 0.273926 0.918856 59.008 0 1
5.05072 4.03155 4.63262 0.307259 0.249781 0.91826 59.1532 0 1
5.35624 3.6202 4.63114 0.328417 0.223745 0.91765 59.299 0 1
5.63007 3.18146 4.63186 0.347113 0.195839 0.917148 59.4496 0 1
5.87664 2.72382 4.63064 0.363019 0.166303 0.916821 59.5974 0 1
6.06166 2.25451 4.63619 0.375918 0.135513 0.916691 59.7461 0 1
6.21936 1.76764 4.63645 0.385738 0.103833 0.916747 59.9346 0 1
6.37436 1.14715 4.62324 0.392549 0.0714538 0.916951 60.1003 0 1
6.44511 0.595518 4.62024 0.396503 0.0383584 0.917232 60.2571 0 1
6.46127 0.0635206 4.6215 0.397751 0.00439902 0.917483 60.4052 0 1
6.44027 -0.44972 4.62175 0.396365 -0.030518 0.917585 60.5686 0 1
6.36824 -1.00611 4.63331 0.392314 -0.066244 0.917443 60.7498 0 1
6.24975 -1.61232 4.64081 0.385483 -0.102299 0.917027 60.9249 0 1
6.07927 -2.19451 4.64223 0.375718 -0.137944 0.91641 61.0956 0 1
5.86559 -2.72921 4.63912 0.36285 -0.172383 0.915764 61.2648 0 1
5.57904 -3.22526 4.6502 0.346717 -0.204988 0.915296 61.4456 0 1
5.23729 -3.75093 4.64594 0.327207 -0.235423 0.915157 61.6189 0 1
4.86644 -4.20943 4.63606 0.304341 -0.263614 0.91536 61.8004 0 1
4.45383 -4.66356 4.62206 0.27836 -0.289596 0.915778 61.9533 0 1
4.05781 -5.00675 4.62948 0.249751 -0.313356 0.916205 62.1114 0 1
3.61924 -5.34363 4.63674 0.219193 -0.334752 0.916458 62.2562 0 1
3.19321 -5.61541 4.63257 0.187431 -0.353542 0.916449 62.4305 0 1
2.66246 -5.8734 4.63266 0.155137 -0.369464 0.916203 62.6313 0 1
2.03025 -6.10863 4.62305 0.122787 -0.382328 0.915832 62.7855 0 1
1.51204 -6.24044 4.60923 0.0905804 -0.392049 0.915474 62.9336 0 1
0.97888 -6.34894 4.59904 0.0584375 -0.398638 0.915245 63.0917 0 1
0.417121 -6.4064 4.59914 0.0260921 -0.402173 0.915192 63.2412 0 1
-0.107773 -6.42791 4.59229 -0.00674353 -0.402765 0.915279 63.4038 0 1
-0.684234 -6.39249 4.59626 -0.0402105 -0.400529 0.915401 63.5656 0 1
-1.26819 -6.32914 4.59479 -0.074208 -0.395552 0.915441 63.7116 0 1
-1.76475 -6.20674 4.6065 -0.108407 -0.387851 0.915325 63.8581 0 1
-2.24532 -6.0526 4.61344 -0.142348 -0.377375 0.915055 64.0222 0 1
-2.76614 -5.8241 4.61746 -0.175551 -0.364051 0.914685 64.1935 0 1
-3.30215 -5.53594 4.61084 -0.207594 -0.347898 0.91426 64.3694 0 1
-3.8053 -5.1994 4.61156 -0.238144 -0.329153 0.913754 64.5221 0 1
-4.21803 -4.88255 4.61041 -0.266964 -0.308323 0.913054 64.6864 0 1
-4.6319 -4.4975 4.61076 -0.293889 -0.286122 0.912011 64.8429 0 1
-4.97936 -4.09063 4.61807 -0.318799 -0.263269 0.910525 65.0129 0 1
-5.3193 -3.62488 4.61715 -0.341583 -0.240278 0.908619 65.2015 0 1
-5.65979 -3.08124 4.60956 -0.362139 -0.217298 0.906442 65.3492 0 1
-5.86976 -2.62202 4.61441 -0.380399 -0.194108 0.904223 65.4267 0 1
-5.97309 -2.37903 4.61459 -0.396332 -0.17022 0.90219 65.6321 0 1
-6.57721 -2.55185 4.30102 -0.409918 -0.145054 0.900515 65.7966 0 1
-6.75313 -1.99082 4.30747 -0.421092 -0.118106 0.899295 65.9348 0 1
-6.90124 -1.50584 4.30018 -0.429724 -0.0890791 0.898555 66.0775 0 1
-7.00688 -1.00999 4.30342 -0.43566 -0.0579496 0.898244 66.2452 0 1
-7.08085 -0.436042 4.30347 -0.4388 -0.024972 0.898238 66.4125 0 1
-7.09734 0.139683 4.31105 -0.43914 0.0093768 0.89837 66.5988 0 1
-7.04706 0.774917 4.32657 -0.436759 0.0444897 0.898478 66.7515 0 1
-6.97511 1.27069 4.32705 -0.431775 0.0797172 0.898452 66.948 0 1
-6.82507 1.9002 4.33461 -0.424323 0.114434 0.898251 67.1238 0 1
-6.63779 2.46812 4.3282 -0.414532 0.1481 0.897903 67.2679 0 1
-6.45629 2.93652 4.31708 -0.40248 0.180343 0.897489 67.4132 0 1
-6.23216 3.39084 4.31508 -0.388137 0.211022 0.897117 67.5675 0 1
-5.95629 3.8498 4.31742 -0.371352 0.24022 0.896879 67.7225 0 1
-5.63114 4.28833 4.32005 -0.351921 0.268117 0.896808 67.8867 0 1
-5.25084 4.74618 4.31492 -0.329712 0.294817 0.896868 68.0302 0 1
-4.89738 5.10286 4.32183 -0.304763 0.320221 0.896982 68.2093 0 1
-4.4461 5.51953 4.32862 -0.277286 0.344033 0.897081 68.4003 0 1
-3.92994 5.91428 4.33867 -0.247597 0.365838 0.897139 68.5728 0 1
-3.42888 6.22037 4.3412 -0.216035 0.385228 0.897178 68.751 0 1
-2.89713 6.48196 4.33263 -0.182897 0.401888 0.897237 68.9111 0 1
-2.4062 6.68332 4.31999 -0.14843 0.41564 0.897336 69.1057 0 1
-1.77536 6.86812 4.32156 -0.112868 0.426453 0.89744 69.2572 0 1
-1.26749 6.97452 4.32883 -0.0764893 0.434408 0.897463 69.4468 0 1
-0.631092 7.04861 4.33738 -0.0396596 0.439627 0.897304 69.6069 0 1
-0.082566 7.07928 4.33514 -0.0028026 0.442206 0.896909 69.7819 0 1
0.519988 7.0447 4.34154 0.0336879 0.442153 0.896307 69.9608 0 1
1.13527 6.99681 4.33285 0.0695238 0.439381 0.895607 70.1223 0 1
1.67634 6.89537 4.32337 0.104533 0.433724 0.894962 70.2879 0 1
2.2298 6.73429 4.31649 0.13862 0.424997 0.894518 70.4479 0 1
2.74963 6.53665 4.3165 0.17172 0.413067 0.894365 70.6087 0 1
3.2653 6.30285 4.31495 0.203773 0.397922 0.894503 70.7779 0 1
3.77495 6.00131 4.33123 0.234702 0.379702 0.894841 70.9526 0 1
4.27736 5.66504 4.33147 0.264383 0.358674 0.89524 71.1003 0 1
4.6626 5.34073 4.33386 0.292615 0.335162 0.895568 71.2597 0 1
5.061 4.96805 4.33423 0.319134 0.309481 0.895754 71.4377 0 1
5.47653 4.51594 4.33032 0.34365 0.281907 0.895786 71.6127 0 1
5.83441 4.0196 4.3321 0.365899 0.25269 0.895693 71.7569 0 1
6.11715 3.58522 4.32821 0.385679 0.222109 0.895499 71.9391 0 1
6.41922 3.02539 4.32452 0.402854 0.190521 0.895215 72.1087 0 1
6.63425 2.48636 4.33046 0.417336 0.158331 0.894853 72.2644 0 1
6.81212 1.97767 4.32619 0.429059 0.125876 0.894463 72.4184 0 1
6.94903 1.46765 4.31661 0.437961 0.0932895 0.89414 72.5801 0 1
7.03882 0.931809 4.31396 0.443977 0.060456 0.893996 72.7295 0 1
7.08274 0.4317 4.31397 0.447058 0.0270844 0.894095 72.8756 0 1
7.08328 -0.0678749 4.31292 0.447191 -0.00712505 0.89441 73.0368 0 1
7.05692 -0.624392 4.31302 0.44442 -0.0423103 0.894819 73.1865 0 1
6.97845 -1.13164 4.33431 0.438851 -0.0783383 0.895139 73.3744 0 1
6.85924 -1.76395 4.34275 0.430644 -0.114795 0.895192 73.5423 0 1
6.69746 -2.32322 4.34252 0.419996 -0.151071 0.894863 73.7158 0 1
6.47984 -2.86326 4.33844 0.407091 -0.186509 0.894143 73.9023 0 1
6.1994 -3.42143 4.33269 0.392019 -0.220539 0.893131 74.0676 0 1
5.90094 -3.90522 4.3251 0.374721 -0.252758 0.892019 74.2291 0 1
5.55716 -4.35365 4.32359 0.354979 -0.282919 0.891037 74.4128 0 1
5.14836 -4.83047 4.31758 0.33252 -0.310866 0.890389 74.5612 0 1
4.79311 -5.18992 4.31286 0.307195 -0.336459 0.890184 74.7172 0 1
4.38528 -5.54392 4.31415 0.279149 -0.359527 0.890402 74.8912 0 1
3.88403 -5.89919 4.32822 0.248873 -0.379867 0.890934 75.0433 0 1
3.44138 -6.18962 4.31935 0.217108 -0.397279 0.891646 75.2102 0 1
2.92715 -6.43403 4.32743 0.184646 -0.411621 0.892454 75.375 0 1
2.41183 -6.63521 4.32551 0.152108 -0.42286 0.893338 75.5222 0 1
1.93242 -6.7824 4.31174 0.11979 -0.431107 0.894314 75.679 0 1
1.39162 -6.90539 4.29704 0.0876176 -0.436603 0.895378 75.8299 0 1
0.860532 -6.99015 4.29235 0.0552508 -0.43967 0.896458 75.9749 0 1
0.346101 -7.0389 4.29182 0.0222906 -0.440629 0.897412 76.1283 0 1
-0.193226 -7.05983 4.2881 -0.0114934 -0.439714 0.898064 76.2782 0 1
-0.719351 -7.02511 4.29578 -0.0460201 -0.437009 0.898279 76.4518 0 1
-1.32593 -6.95797 4.29771 -0.0809006 -0.432439 0.898027 76.6113 0 1
-1.86777 -6.83834 4.30517 -0.115581 -0.425794 0.897407 76.7705 0 1
-2.38342 -6.6683 4.30916 -0.149544 -0.416794 0.896615 76.9357 0 1
-2.90108 -6.44578 4.30949 -0.182443 -0.405167 0.895854 77.0885 0 1
-3.37964 -6.21301 4.29981 -0.214111 -0.390744 0.895252 77.2589 0 1
-3.88881 -5.91319 4.29511 -0.24447 -0.373546 0.894817 77.4222 0 1
-4.33816 -5.57566 4.30024 -0.273438 -0.353841 0.894443 77.5676 0 1
-4.73257 -5.25386 4.30074 -0.300906 -0.332139 0.893946 77.734 0 1
-5.16689 -4.85082 4.30228 -0.326764 -0.309107 0.893128 77.8863 0 1
-5.4947 -4.44572 4.3116 -0.350935 -0.285386 0.891852 78.0357 0 1
-5.79548 -4.03412 4.30542 -0.373393 -0.261403 0.890082 78.1995 0 1
-6.10406 -3.5509 4.29703 -0.394164 -0.237239 0.887892 78.372 0 1
-6.38818 -2.9982 4.29947 -0.413295 -0.21264 0.885422 78.481 0 1
-6.54603 -2.64504 4.29894 -0.430789 -0.187142 0.882836 78.6733 0 1
-7.09595 -2.88613 3.96924 -0.446537 -0.160257 0.880297 78.8741 0 1
-7.31979 -2.21703 3.97454 -0.460296 -0.131626 0.877953 79.0309 0 1
-7.48352 -1.67809 3.97269 -0.471724 -0.101098 0.875931 79.199 0 1
-7.60822 -1.10589 3.97567 -0.480459 -0.0687302 0.87432 79.367 0 1
-7.68169 -0.53627 3.97447 -0.4862 -0.0347614 0.873156 79.5228 0 1
-7.72234 0.0038098 3.96846 -0.488771 0.000436473 0.872412 79.6914 0 1
-7.69546 0.606211 3.97508 -0.488141 0.0364064 0.872005 79.8704 0 1
-7.5917 1.2179 3.9948 -0.484404 0.0726464 0.871823 80.0332 0 1
-7.49705 1.76352 3.99393 -0.477728 0.108633 0.871765 80.1883 0 1
-7.3533 2.27744 3.99951 -0.468311 0.143844 0.871776 80.3335 0 1
-7.18021 2.74796 3.99889 -0.456358 0.177819 0.871847 80.5126 0 1
-6.95036 3.31871 3.98286 -0.442071 0.210234 0.871995 80.6757 0 1
-6.69136 3.82902 3.97566 -0.425605 0.240976 0.872233 80.8538 0 1
-6.34858 4.36052 3.97635 -0.407036 0.270125 0.872556 81.0095 0 1
-6.01465 4.79795 3.98125 -0.386357 0.297852 0.872933 81.174 0 1
-5.63878 5.23506 3.98388 -0.363558 0.324285 0.873307 81.3198 0 1
-5.27454 5.59334 3.99341 -0.338724 0.349403 0.873604 81.474 0 1
-4.88559 5.95343 3.99698 -0.312073 0.373013 0.873769 81.6325 0 1
-4.46218 6.28588 4.00405 -0.283898 0.394801 0.873804 81.7825 0 1
-4.04463 6.56581 4.0092 -0.254452 0.414436 0.873783 81.9524 0 1
-3.54324 6.8459 4.00593 -0.223851 0.431667 0.873816 82.108 0 1
-3.07425 7.07441 3.99236 -0.192066 0.446371 0.873993 82.2706 0 1
-2.55497 7.27551 3.98746 -0.158998 0.458545 0.874332 82.4405 0 1
-1.97927 7.44464 3.99072 -0.124599 0.468237 0.874774 82.5893 0 1
-1.46909 7.55448 3.99774 -0.0889607 0.4755 0.875206 82.7663 0 1
-0.8648 7.64498 4.00437 -0.0523524 0.480371 0.875501 82.9263 0 1
-0.31093 7.68943 4.00588 -0.0151856 0.482907 0.87554 83.1036 0 1
0.322433 7.67242 4.01331 0.0220727 0.483205 0.875229 83.2704 0 1
0.916261 7.63665 4.00593 0.0589882 0.481382 0.874524 83.4387 0 1
1.49885 7.55041 3.9976 0.0952139 0.477507 0.873453 83.5931 0 1
2.03311 7.43537 3.98784 0.1305 0.471536 0.872137 83.7412 0 1
2.54862 7.27098 3.98142 0.164677 0.463303 0.870765 83.9136 0 1
3.12071 7.04329 3.97737 0.197623 0.452577 0.869551 84.0587 0 1
3.57282 6.81795 3.97901 0.229245 0.439148 0.868675 84.2216 0 1
4.07064 6.54781 3.97718 0.259463 0.422918 0.868227 84.3684 0 1
4.50056 6.25869 3.98416 0.28822 0.403966 0.868182 84.5308 0 1
4.93877 5.90734 3.9927 0.315473 0.382539 0.868413 84.682 0 1
5.3254 5.56588 3.99323 0.341194 0.358981 0.868746 84.8425 0 1
5.7143 5.1732 3.99802 0.365341 0.333623 0.869035 84.9858 0 1
6.04023 4.79236 3.99426 0.387839 0.306701 0.869204 85.13 0 1
6.32828 4.37283 4.00013 0.408567 0.278341 0.869252 85.2811 0 1
6.62427 3.94055 3.98944 0.427356 0.248626 0.869225 85.4255 0 1
6.86518 3.50157 3.98421 0.443987 0.217694 0.869186 85.5947 0 1
7.1023 2.96938 3.98417 0.458223 0.185795 0.869202 85.7554 0 1
7.30505 2.45201 3.98391 0.469856 0.153246 0.869339 85.9386 0 1
7.4715 1.85469 3.9872 0.478764 0.120294 0.869663 86.0984 0 1
7.59496 1.32305 3.97696 0.484928 0.0869913 0.870217 86.2576 0 1
7.66832 0.782684 3.97135 0.488406 0.0531677 0.870995 86.4226 0 1
7.6919 0.214967 3.97813 0.489281 0.0185464 0.871929 86.5981 0 1
7.68733 -0.382046 3.97298 0.487635 -0.0170738 0.872881 86.7506 0 1
7.63894 -0.907883 3.98595 0.483553 -0.0536582 0.873669 86.9118 0 1
7.54764 -1.45683 4.00836 0.477146 -0.090874 0.874113 87.0923 0 1
7.41666 -2.05679 4.01633 0.468556 -0.128143 0.87409 87.2507 0 1
7.2555 -2.56104 4.01616 0.457939 -0.164772 0.87358 87.4226 0 1
7.0437 -3.09502 4.00856 0.445416 -0.200092 0.872679 87.5776 0 1
6.81898 -3.56181 4.00167 0.431033 -0.233585 0.871578 87.7396 0 1
6.54599 -4.02974 3.98848 0.414724 -0.264979 0.870511 87.8991 0 1
6.23303 -4.4716 3.98241 0.396315 -0.294271 0.869677 88.0523 0 1
5.89877 -4.89565 3.97788 0.375562 -0.321666 0.869186 88.2189 0 1
5.50834 -5.33152 3.97315 0.352233 -0.347414 0.869043 88.3817 0 1
5.09819 -5.72904 3.97009 0.326222 -0.371635 0.869176 88.5412 0 1
4.6777 -6.08749 3.96902 0.297664 -0.394207 0.869481 88.7111 0 1
4.19653 -6.43331 3.97865 0.266956 -0.4148 0.869871 88.9003 0 1
3.64107 -6.76969 3.98107 0.234682 -0.433004 0.870306 89.0501 0 1
3.1812 -6.98681 3.98611 0.201435 -0.448493 0.870791 89.209 0 1
2.66783 -7.18556 3.98579 0.167645 -0.461109 0.871363 89.3846 0 1
2.07147 -7.37194 3.9747 0.133469 -0.47085 0.872059 89.5509 0 1
1.49254 -7.50725 3.96115 0.0988152 -0.477782 0.872903 89.7175 0 1
0.90336 -7.60808 3.95337 0.063483 -0.481965 0.873887 89.8674 0 1
0.357808 -7.65607 3.96029 0.0273599 -0.483438 0.874951 90.0197 0 1
-0.195384 -7.6846 3.95785 -0.00942119 -0.482245 0.875985 90.1892 0 1
-0.793325 -7.63979 3.97083 -0.0464484 -0.478482 0.876868 90.3843 0 1
-1.47696 -7.55604 3.97298 -0.083139 -0.47229 0.877514 90.5284 0 1
-1.98083 -7.44994 3.97629 -0.11893 -0.463826 0.877907 90.7096 0 1
-2.5724 -7.25212 3.98179 -0.153454 -0.453211 0.878095 90.8652 0 1
-3.06107 -7.04726 3.97615 -0.1866 -0.440498 0.878147 91.0143 0 1
-3.53097 -6.82461 3.96531 -0.21844 -0.425681 0.878111 91.1627 0 1
-3.99278 -6.56621 3.95965 -0.249079 -0.408761 0.877995 91.31 0 1
-4.42178 -6.27583 3.96739 -0.278519 -0.389827 0.87776 91.4844 0 1
-4.90175 -5.90999 3.96966 -0.306615 -0.369157 0.877331 91.6556 0 1
-5.35143 -5.51702 3.97273 -0.333082 -0.347328 0.876596 91.8038 0 1
-5.71163 -5.1553 3.97349 -0.357514 -0.325302 0.875421 91.9505 0 1
-6.02612 -4.7634 3.97263 -0.37942 -0.304416 0.873711 92.1005 0 1
-6.32797 -4.34226 3.96553 -0.398264 -0.286219 0.871472 92.2522 0 1
-6.61765 -3.88527 3.95809 -0.413522 -0.272202 0.868853 92.4244 0 1
-6.90539 -3.34112 3.96217 -0.424722 -0.263557 0.866112 92.5464 0 1
-7.07371 -2.94756 3.96791 -0.431473 -0.261017 0.86354 92.7438 0 1
-7.65683 -3.08063 3.61902 -0.433512 -0.264785 0.861369 92.9103 0 1
-7.43463 -3.61909 3.61057 -0.430763 -0.274528 0.859696 93.0648 0 1
-7.18032 -4.09887 3.60486 -0.423402 -0.289407 0.858472 93.2184 0 1
-6.90091 -4.56707 3.60722 -0.411844 -0.308193 0.857556 93.4058 0 1
-6.51489 -5.11002 3.61946 -0.396658 -0.329478 0.8568 93.5577 0 1
-6.18099 -5.52908 3.61619 -0.378422 -0.351917 0.856126 93.7241 0 1
-5.78107 -5.93521 3.61933 -0.357576 -0.374433 0.855534 93.9087 0 1
-5.3101 -6.35569 3.61204 -0.334364 -0.39629 0.855076 94.0607 0 1
-4.87986 -6.66924 3.61641 -0.308856 -0.417048 0.854797 94.2192 0 1
-4.43624 -6.99554 3.6013 -0.281051 -0.436457 0.854702 94.3694 0 1
-3.98422 -7.26717 3.60529 -0.250992 -0.454333 0.854743 94.5188 0 1
-3.50735 -7.49696 3.62303 -0.218867 -0.470478 0.854838 94.687 0 1
-2.96285 -7.73791 3.6259 -0.185053 -0.484661 0.854903 94.8351 0 1
-2.48043 -7.90986 3.62661 -0.150084 -0.496653 0.854875 94.998 0 1
-1.94127 -8.06555 3.6202 -0.11454 -0.506298 0.854718 95.1613 0 1
-1.3746 -8.16971 3.61891 -0.078924 -0.513564 0.854414 95.3236 0 1
-0.799811 -8.24167 3.61059 -0.0435588 -0.518521 0.853955 95.4888 0 1
-0.217643 -8.28298 3.59602 -0.00856596 -0.521263 0.853353 95.6727 0 1
0.435082 -8.25513 3.59555 0.0261034 -0.521798 0.852669 95.8137 0 1
0.950494 -8.19954 3.59827 0.0605989 -0.520001 0.852014 95.9601 0 1
1.48393 -8.12177 3.59918 0.0950736 -0.515651 0.851508 96.1301 0 1
2.08246 -7.98065 3.61352 0.129578 -0.508554 0.851224 96.2696 0 1
2.5689 -7.84312 3.6147 0.163982 -0.498664 0.851143 96.4315 0 1
3.13604 -7.6467 3.61587 0.197973 -0.486148 0.851156 96.5998 0 1
3.69178 -7.40588 3.61598 0.231124 -0.471358 0.851119 96.7621 0 1
4.18999 -7.14187 3.62115 0.263003 -0.454734 0.850909 96.9093 0 1
4.61484 -6.86918 3.62157 0.293284 -0.436659 0.850479 97.0771 0 1
5.08204 -6.51957 3.61116 0.321815 -0.417344 0.849858 97.2414 0 1
5.52114 -6.14537 3.60603 0.348627 -0.39678 0.849132 97.3839 0 1
5.87918 -5.79646 3.60681 0.373869 -0.374771 0.848392 97.5447 0 1
6.26274 -5.3716 3.61137 0.397694 -0.351018 0.847718 97.6997 0 1
6.62905 -4.93248 3.61087 0.42015 -0.32522 0.847175 97.854 0 1
6.96052 -4.47722 3.61931 0.441126 -0.297169 0.846816 98.0039 0 1
7.23129 -4.03122 3.63622 0.460373 -0.266855 0.846667 98.1591 0 1
7.48549 -3.5692 3.64043 0.477591 -0.234523 0.846703 98.314 0 1
7.69756 -3.0863 3.64559 0.492529 -0.200649 0.84685 98.4651 0 1
7.87199 -2.59086 3.65028 0.50505 -0.16582 0.847012 98.6232 0 1
8.03309 -2.07171 3.64775 0.515107 -0.130562 0.847123 98.7772 0 1
8.14519 -1.56335 3.64468 0.522696 -0.0952239 0.847184 98.9304 0 1
8.22334 -1.04571 3.63247 0.527799 -0.0599499 0.847251 99.086 0 1
8.28035 -0.4943 3.61342 0.530379 -0.02475 0.847399 99.2433 0 1
8.29152 0.0647773 3.60971 0.530411 0.0104114 0.847677 99.4307 0 1
8.26854 0.722663 3.60334 0.527924 0.0455586 0.848069 99.5769 0 1
8.20698 1.23729 3.60713 0.523027 0.0806916 0.848488 99.7481 0 1
8.08325 1.84842 3.61759 0.515894 0.11579 0.848791 99.9247 0 1
7.92506 2.44914 3.6156 0.506718 0.150808 0.848819 100.115 0 1
7.69865 3.06937 3.62154 0.495645 0.185651 0.848451 100.262 0 1
7.50199 3.54243 3.62253 0.482725 0.220137 0.847654 100.409 0 1
7.2635 4.0078 3.62808 0.467902 0.253961 0.846505 100.56 0 1
6.9918 4.46623 3.62859 0.451061 0.286701 0.84519 100.711 0 1
6.69051 4.89692 3.62858 0.43209 0.31787 0.843954 100.854 0 1
6.38231 5.29672 3.62706 0.410936 0.347022 0.843035 100.992 0 1
6.04802 5.66995 3.62804 0.387622 0.37387 0.842597 101.145 0 1
5.65342 6.06334 3.62247 0.362237 0.398343 0.842678 101.32 0 1
5.18076 6.46913 3.61667 0.334928 0.420567 0.843177 101.491 0 1
4.69167 6.83452 3.60918 0.305877 0.440768 0.843897 101.635 0 1
4.24908 7.11767 3.60927 0.275275 0.459164 0.844625 101.81 0 1
3.69202 7.42388 3.61566 0.243275 0.475868 0.845202 101.967 0 1
3.18995 7.65993 3.62109 0.209974 0.490846 0.845565 102.136 0 1
2.6358 7.86747 3.62458 0.175434 0.50394 0.845734 102.286 0 1
2.11672 8.02409 3.6264 0.13975 0.514924 0.845768 102.439 0 1
1.57578 8.14268 3.63076 0.103141 0.523568 0.845718 102.595 0 1
1.03027 8.22307 3.63894 0.0659842 0.529691 0.84562 102.775 0 1
0.401237 8.27108 3.64676 0.0287615 0.533199 0.845501 102.938 0 1
-0.177437 8.28682 3.64507 -0.00807855 0.534085 0.845392 103.094 0 1
-0.725084 8.25679 3.64672 -0.0442451 0.532393 0.84534 103.261 0 1
-1.30367 8.19041 3.63737 -0.079651 0.528167 0.845397 103.423 0 1
-1.85693 8.07629 3.63157 -0.114362 0.521425 0.845599 103.576 0 1
-2.3821 7.94176 3.6273 -0.14849 0.512171 0.84595 103.721 0 1
-2.88785 7.79372 3.61917 -0.182081 0.500434 0.846411 103.875 0 1
-3.4015 7.58783 3.62721 -0.215047 0.486313 0.846909 104.021 0 1
-3.86249 7.35307 3.6418 -0.247155 0.469989 0.847363 104.178 0 1
-4.34002 7.08007 3.64444 -0.278088 0.451714 0.847716 104.34 0 1
-4.81647 6.77141 3.63645 -0.307537 0.431752 0.847945 104.492 0 1
-5.22871 6.45018 3.63458 -0.335274 0.410317 0.848075 104.645 0 1
-5.62157 6.09469 3.63269 -0.361181 0.387516 0.848163 104.792 0 1
-5.99844 5.72419 3.62503 -0.385221 0.363334 0.848288 104.94 0 1
-6.35284 5.32955 3.61587 -0.407408 0.337659 0.848531 105.111 0 1
-6.72912 4.85737 3.60741 -0.427773 0.310342 0.848939 105.263 0 1
-7.0353 4.41383 3.60745 -0.446362 0.281278 0.849496 105.43 0 1
-7.32911 3.88555 3.61891 -0.463208 0.250501 0.85011 105.573 0 1
-7.56369 3.41665 3.6213 -0.478279 0.21822 0.850664 105.739 0 1
-7.76987 2.86593 3.63783 -0.491435 0.184774 0.851087 105.882 0 1
-7.9361 2.3911 3.63644 -0.50242 0.150539 0.851418 106.038 0 1
-8.08438 1.85968 3.63457 -0.510923 0.115841 0.851786 106.192 0 1
-8.20317 1.3197 3.61914 -0.516698 0.0809711 0.85233 106.342 0 1
-8.27597 0.795583 3.60564 -0.519697 0.0462596 0.853097 106.501 0 1
-8.3115 0.234689 3.59775 -0.520176 0.0121478 0.853973 106.647 0 1
-8.30097 -0.287393 3.60335 -0.518708 -0.0208414 0.854697 106.822 0 1
-8.24507 -0.898269 3.61326 -0.516055 -0.052249 0.85496 106.97 0 1
-8.15647 -1.39549 3.62153 -0.512924 -0.0818531 0.854523 107.139 0 1
-8.02284 -1.95762 3.62294 -0.509728 -0.109759 0.853305 107.286 0 1
-7.88212 -2.4489 3.61843 -0.506476 -0.136367 0.851403 107.437 0 1
-7.70677 -2.94971 3.61887 -0.502793 -0.162254 0.849042 107.439 0 1
-7.70485 -2.95474 3.61891 -0.498066 -0.188055 0.846502 107.64 0 1
-8.26904 -3.12948 3.24035 -0.49162 -0.214333 0.844021 107.788 0 1
-8.07321 -3.61827 3.24175 -0.48288 -0.241459 0.841739 107.937 0 1
-7.84347 -4.09695 3.23842 -0.471497 -0.269493 0.839681 108.099 0 1
-7.5652 -4.61343 3.22601 -0.4574 -0.298131 0.837797 108.286 0 1
-7.20896 -5.16626 3.23257 -0.440749 -0.32677 0.836039 108.461 0 1
-6.83808 -5.65316 3.24082 -0.421834 -0.35468 0.834421 108.619 0 1
-6.4791 -6.06144 3.23636 -0.400936 -0.381208 0.833025 108.793 0 1
-6.05858 -6.48241 3.22824 -0.378219 -0.405919 0.831974 108.965 0 1
-5.59573 -6.86921 3.22184 -0.35369 -0.428645 0.831364 109.115 0 1
-5.15421 -7.1894 3.22627 -0.327236 -0.449436 0.831218 109.273 0 1
-4.69878 -7.51588 3.21653 -0.298724 -0.468454 0.831454 109.431 0 1
-4.21452 -7.7983 3.22524 -0.268127 -0.48585 0.8319 109.591 0 1
-3.70586 -8.04987 3.23869 -0.235609 -0.501672 0.832354 109.747 0 1
-3.20207 -8.27079 3.24261 -0.201536 -0.515829 0.832649 109.902 0 1
-2.68891 -8.45111 3.24947 -0.166409 -0.528129 0.832699 110.055 0 1
-2.16899 -8.60656 3.24602 -0.13077 -0.538362 0.832506 110.208 0 1
-1.63013 -8.72687 3.23398 -0.0950881 -0.54637 0.832129 110.372 0 1
-1.05171 -8.80263 3.22785 -0.0597008 -0.552103 0.831636 110.54 0 1
-0.455721 -8.8526 3.21703 -0.0247919 -0.555614 0.83107 110.689 0 1
0.082627 -8.85731 3.21253 0.00958936 -0.557023 0.830442 110.845 0 1
0.651119 -8.80968 3.22257 0.0435063 -0.556427 0.829756 111.01 0 1
1.24833 -8.75279 3.2139 0.0771171 -0.553826 0.829054 111.16 0 1
1.79788 -8.65739 3.21652 0.110625 -0.549084 0.828413 111.297 0 1
2.28849 -8.53638 3.22331 0.144177 -0.541996 0.827921 111.433 0 1
2.7655 -8.38279 3.23054 0.17774 -0.532393 0.827627 111.612 0 1
3.37901 -8.16318 3.23092 0.211046 -0.520245 0.827529 111.754 0 1
3.8571 -7.96346 3.22958 0.243638 -0.505692 0.827597 111.916 0 1
4.3664 -7.70447 3.23809 0.274997 -0.489011 0.827795 112.073 0 1
4.83611 -7.42997 3.23645 0.304693 -0.470523 0.828113 112.243 0 1
5.31177 -7.07649 3.23075 0.332495 -0.450488 0.828558 112.39 0 1
5.71191 -6.74007 3.22701 0.358425 -0.429028 0.829136 112.551 0 1
6.13488 -6.34723 3.23013 0.382728 -0.406118 0.829812 112.701 0 1
6.50923 -5.96937 3.2288 0.405778 -0.381644 0.830477 112.868 0 1
6.90527 -5.50708 3.22986 0.427942 -0.355493 0.830958 113.013 0 1
7.23706 -5.09302 3.22872 0.449453 -0.327615 0.83106 113.165 0 1
7.53546 -4.64218 3.24525 0.470314 -0.298069 0.830638 113.312 0 1
7.80414 -4.21192 3.24822 0.490266 -0.26703 0.829659 113.483 0 1
8.06633 -3.68802 3.25666 0.50883 -0.234787 0.828231 113.639 0 1
8.27355 -3.18238 3.25905 0.525419 -0.201686 0.826594 113.791 0 1
8.45829 -2.66992 3.25024 0.539487 -0.168048 0.825054 113.955 0 1
8.61516 -2.11342 3.24959 0.550653 -0.134099 0.823892 114.104 0 1
8.71893 -1.61249 3.24477 0.558769 -0.0999608 0.823277 114.248 0 1
8.79518 -1.11345 3.23382 0.563896 -0.0656947 0.823228 114.408 0 1
8.84843 -0.546331 3.22629 0.566228 -0.0313636 0.823652 114.554 0 1
8.87177 -0.0196544 3.21941 0.565985 0.00296885 0.82441 114.726 0 1
8.85815 0.591199 3.21582 0.563363 0.037281 0.825368 114.886 0 1
8.80855 1.15572 3.21569 0.558512 0.0716208 0.826399 115.065 0 1
8.68245 1.78503 3.2317 0.551566 0.106072 0.827359 115.216 0 1
8.55982 2.30956 3.23094 0.542662 0.140674 0.828088 115.386 0 1
8.38609 2.87728 3.23429 0.53193 0.175351 0.828434 115.531 0 1
8.21134 3.35103 3.24485 0.519466 0.20989 0.828312 115.677 0 1
8.02076 3.83328 3.23781 0.505301 0.243962 0.82774 115.838 0 1
7.75407 4.35025 3.23342 0.489405 0.277185 0.826832 115.978 0 1
7.48614 4.77692 3.23263 0.47173 0.309182 0.825758 116.145 0 1
7.13845 5.26132 3.23259 0.452246 0.339644 0.824691 116.302 0 1
6.78795 5.70672 3.22713 0.430945 0.368375 0.823763 116.438 0 1
6.44996 6.08083 3.2251 0.407826 0.395303 0.823051 116.616 0 1
5.9785 6.54377 3.21882 0.382877 0.420449 0.822574 116.794 0 1
5.48276 6.96252 3.21994 0.356092 0.443873 0.822299 116.934 0 1
5.07399 7.2693 3.21613 0.327492 0.465624 0.822158 117.079 0 1
4.62725 7.55669 3.2215 0.29716 0.485714 0.822057 117.244 0 1
4.10728 7.85819 3.22371 0.265249 0.504113 0.821896 117.423 0 1
3.53543 8.14099 3.22959 0.231965 0.520741 0.821597 117.578 0 1
3.01538 8.34591 3.23379 0.19753 0.535465 0.821133 117.738 0 1
2.44977 8.52963 3.23211 0.162147 0.548104 0.820543 117.881 0 1
1.93759 8.65603 3.23802 0.126014 0.558456 0.819907 118.049 0 1
1.34121 8.75229 3.24764 0.0893623 0.566344 0.81931 118.226 0 1
0.699892 8.82216 3.24927 0.0524805 0.571646 0.81882 118.362 0 1
0.19991 8.85619 3.24544 0.0156791 0.574305 0.818492 118.506 0 1
-0.31881 8.851 3.25107 -0.0207767 0.574303 0.818379 118.671 0 1
-0.908044 8.81745 3.24979 -0.0567267 0.571628 0.81855 118.824 0 1
-1.45924 8.74608 3.23876 -0.0921255 0.566247 0.819071 118.968 0 1
-1.97726 8.63919 3.2356 -0.127003 0.558111 0.81999 119.139 0 1
-2.5831 8.48328 3.23166 -0.161399 0.547181 0.821306 119.302 0 1
-3.1531 8.30598 3.22673 -0.195298 0.533492 0.822949 119.462 0 1
-3.69344 8.08255 3.23862 -0.228577 0.517198 0.824778 119.604 0 1
-4.14866 7.85445 3.25139 -0.260988 0.498596 0.826612 119.757 0 1
-4.62543 7.58081 3.25551 -0.292205 0.47809 0.828279 119.931 0 1
-5.15277 7.24346 3.25055 -0.321898 0.45611 0.829666 120.101 0 1
-5.62343 6.87976 3.25022 -0.349825 0.433038 0.830723 120.249 0 1
-6.01994 6.54148 3.23903 -0.37586 0.409145 0.831462 120.4 0 1
-6.40048 6.16261 3.23209 -0.399988 0.384565 0.831937 120.549 0 1
-6.75074 5.75817 3.23105 -0.42227 0.359274 0.832232 120.711 0 1
-7.12011 5.30838 3.22384 -0.442823 0.333099 0.832438 120.859 0 1
-7.4277 4.8795 3.2228 -0.461806 0.305768 0.832611 121.01 0 1
-7.71554 4.4158 3.22387 -0.479379 0.27702 0.83274 121.168 0 1
-7.97338 3.89963 3.23558 -0.495648 0.246744 0.832737 121.311 0 1
-8.18393 3.42571 3.24484 -0.510607 0.215068 0.832482 121.457 0 1
-8.37527 2.94008 3.24974 -0.524109 0.18231 0.831909 121.604 0 1
-8.53407 2.44549 3.25503 -0.535881 0.148825 0.831073 121.752 0 1
-8.66739 1.9406 3.24926 -0.545583 0.114849 0.83015 121.908 0 1
-8.78254 1.39971 3.23224 -0.552903 0.0804895 0.829349 122.085 0 1
-8.862 0.773014 3.21341 -0.557692 0.0458975 0.828778 122.228 0 1
-8.88125 0.258608 3.21016 -0.560112 0.0115181 0.828337 122.405 0 1
-8.87534 -0.371308 3.21222 -0.56071 -0.0217152 0.827728 122.561 0 1
-8.8288 -0.916609 3.23154 -0.560377 -0.0523706 0.82658 122.735 0 1
-8.73458 -1.50374 3.24906 -0.560163 -0.0787188 0.824634 122.901 0 1
-8.6038 -2.06027 3.24926 -0.560998 -0.0990834 0.821866 123.072 0 1
-8.439 -2.63859 3.24471 -0.56343 -0.112216 0.818507 123.183 0 1
-8.31227 -3.01043 3.2409 -0.567496 -0.117554 0.814941 123.378 0 1
-8.84628 -3.20745 2.84391 -0.572782 -0.115278 0.811562 123.543 0 1
-9.0287 -2.64202 2.84463 -0.578619 -0.106138 0.808662 123.687 0 1
-9.16947 -2.12662 2.84107 -0.584305 -0.0911606 0.806398 123.864 0 1
-9.30198 -1.48383 2.83651 -0.589234 -0.0713465 0.804806 124.008 0 1
-9.37935 -0.978788 2.82035 -0.592928 -0.0475031 0.803853 124.151 0 1
-9.43427 -0.470688 2.80146 -0.594995 -0.0202449 0.803474 124.296 0 1
-9.44704 0.048831 2.80037 -0.595103 0.00989417 0.803589 124.442 0 1
-9.43522 0.573394 2.80066 -0.592985 0.042346 0.804099 124.608 0 1
-9.38024 1.1793 2.8144 -0.588473 0.076465 0.804893 124.77 0 1
-9.2844 1.78758 2.83309 -0.581517 0.111554 0.80585 124.941 0 1
-9.1414 2.39329 2.84305 -0.572187 0.146914 0.806857 125.098 0 1
-8.98285 2.93139 2.84309 -0.560645 0.181901 0.80783 125.255 0 1
-8.78206 3.46431 2.84355 -0.547096 0.215992 0.808723 125.436 0 1
-8.51414 4.08134 2.83438 -0.531733 0.248858 0.809524 125.573 0 1
-8.29772 4.53209 2.82441 -0.514691 0.280398 0.810228 125.762 0 1
-7.9464 5.12182 2.82523 -0.496029 0.310698 0.810816 125.932 0 1
-7.58557 5.64616 2.81769 -0.475752 0.339925 0.81124 126.074 0 1
-7.2554 6.04931 2.82526 -0.453839 0.368211 0.81145 126.241 0 1
-6.85986 6.50428 2.83317 -0.430281 0.395562 0.811412 126.399 0 1
-6.47007 6.90553 2.84036 -0.405119 0.421842 0.811128 126.552 0 1
-6.05929 7.25811 2.85198 -0.378478 0.446795 0.810635 126.7 0 1
-5.65164 7.57813 2.84986 -0.350581 0.470118 0.809989 126.856 0 1
-5.19603 7.88779 2.8494 -0.321709 0.491552 0.809247 126.998 0 1
-4.75379 8.16066 2.84665 -0.292127 0.510949 0.808451 127.147 0 1
-4.2761 8.42845 2.83424 -0.262003 0.528311 0.807615 127.288 0 1
-3.81429 8.65111 2.82044 -0.231381 0.543757 0.806717 127.436 0 1
-3.29708 8.84739 2.81746 -0.200225 0.557443 0.805709 127.598 0 1
-2.7062 9.03184 2.81813 -0.1685 0.569475 0.804553 127.737 0 1
-2.19644 9.16041 2.82658 -0.136203 0.579842 0.803263 127.875 0 1
-1.68998 9.28066 2.82183 -0.10336 0.588405 0.801933 128.011 0 1
-1.17262 9.34828 2.83297 -0.0699834 0.594943 0.800716 128.142 0 1
-0.674689 9.40463 2.82629 -0.0360627 0.599224 0.799768 128.291 0 1
-0.115586 9.40978 2.82847 -0.00158534 0.601072 0.799193 128.449 0 1
0.477346 9.39719 2.82354 0.0334147 0.600391 0.799008 128.586 0 1
0.999438 9.35873 2.82371 0.0688051 0.597173 0.799156 128.743 0 1
1.61171 9.27667 2.82947 0.104327 0.591484 0.799539 128.897 0 1
2.17896 9.17737 2.81846 0.139611 0.583438 0.800068 129.059 0 1
2.75727 9.02498 2.8122 0.174245 0.573181 0.800689 129.209 0 1
3.29111 8.83942 2.81836 0.207857 0.560868 0.801388 129.362 0 1
3.82132 8.61362 2.81906 0.240187 0.546665 0.802164 129.506 0 1
4.30273 8.38334 2.81384 0.271098 0.530746 0.803003 129.653 0 1
4.77875 8.13051 2.80565 0.300563 0.513284 0.803867 129.792 0 1
5.21072 7.85629 2.80459 0.328631 0.494411 0.804711 129.947 0 1
5.67896 7.52721 2.80359 0.355423 0.47418 0.805498 130.107 0 1
6.14461 7.1571 2.80527 0.3811 0.452538 0.806208 130.244 0 1
6.52578 6.80335 2.81186 0.405809 0.429344 0.806835 130.388 0 1
6.9132 6.40762 2.81426 0.429609 0.40444 0.807381 130.541 0 1
7.29327 5.97272 2.81945 0.452421 0.377745 0.807851 130.681 0 1
7.62383 5.56382 2.81943 0.474056 0.349326 0.808234 130.845 0 1
7.96882 5.04528 2.83727 0.494277 0.319396 0.808503 131 0 1
8.27627 4.56648 2.83058 0.512879 0.288252 0.80862 131.139 0 1
8.50919 4.12244 2.82928 0.529717 0.256194 0.808557 131.298 0 1
8.72923 3.59765 2.83513 0.544694 0.223494 0.808306 131.442 0 1
8.90777 3.11905 2.82801 0.557746 0.190392 0.80788 131.615 0 1
9.08949 2.52928 2.82099 0.568831 0.157108 0.807309 131.756 0 1
9.21002 2.04341 2.82206 0.577931 0.123832 0.806636 131.916 0 1
9.32456 1.47822 2.81587 0.585045 0.0906788 0.805915 132.067 0 1
9.3998 0.951304 2.80794 0.590162 0.0576603 0.805223 132.215 0 1
9.42536 0.418671 2.81136 0.593228 0.0246738 0.804656 132.364 0 1
9.42869 -0.126776 2.81244 0.594132 -0.00848163 0.804323 132.503 0 1
9.39826 -0.641718 2.81666 0.59271 -0.042057 0.804317 132.68 0 1
9.33178 -1.278 2.82296 0.588783 -0.0762649 0.804685 132.829 0 1
9.24985 -1.81377 2.82748 0.58222 -0.111171 0.805395 133.001 0 1
9.11698 -2.42405 2.83131 0.572998 -0.146618 0.806335 133.172 0 1
8.93851 -3.00693 2.84273 0.561252 -0.182229 0.807334 133.317 0 1
8.76247 -3.49308 2.85163 0.547268 -0.217495 0.808204 133.471 0 1
8.54994 -3.99374 2.85603 0.531434 -0.251911 0.808776 133.638 0 1
8.28836 -4.50876 2.84803 0.514149 -0.285101 0.80893 133.795 0 1
7.99516 -4.97664 2.84455 0.495721 -0.316887 0.808606 133.959 0 1
7.67001 -5.45367 2.83497 0.476262 -0.347274 0.807821 134.106 0 1
7.34357 -5.8751 2.82542 0.455672 -0.376353 0.806673 134.277 0 1
6.93239 -6.33707 2.82622 0.433702 -0.404159 0.805331 134.422 0 1
6.55985 -6.73164 2.81756 0.410098 -0.430571 0.804008 134.593 0 1
6.09589 -7.16583 2.81095 0.384721 -0.455307 0.802923 134.766 0 1
5.60743 -7.55822 2.81543 0.357582 -0.478013 0.802271 134.904 0 1
5.19965 -7.85186 2.81944 0.328802 -0.498387 0.802184 135.073 0 1
4.69321 -8.17363 2.81499 0.29856 -0.516275 0.802697 135.218 0 1
4.23695 -8.41183 2.81096 0.26706 -0.531704 0.803722 135.367 0 1
3.73621 -8.62242 2.81983 0.234545 -0.544848 0.805065 135.509 0 1
3.23256 -8.81907 2.81916 0.201291 -0.555952 0.806474 135.673 0 1
2.65348 -9.01611 2.81767 0.16759 -0.565254 0.807713 135.845 0 1
2.04217 -9.18719 2.81192 0.133691 -0.572926 0.80863 135.994 0 1
1.48731 -9.29599 2.81003 0.0997346 -0.579024 0.809188 136.148 0 1
0.898859 -9.37052 2.81101 0.065701 -0.583487 0.809461 136.298 0 1
0.339563 -9.40978 2.81021 0.0314278 -0.586164 0.809583 136.442 0 1
-0.196281 -9.4258 2.80703 -0.00330297 -0.586875 0.809671 136.618 0 1
-0.864283 -9.38362 2.81977 -0.0386324 -0.585481 0.809765 136.761 0 1
-1.39427 -9.33683 2.81763 -0.0745024 -0.581933 0.809817 136.899 0 1
-1.89424 -9.25385 2.83161 -0.110598 -0.576287 0.809729 137.044 0 1
-2.41136 -9.13519 2.84246 -0.146386 -0.568687 0.809424 137.185 0 1
-2.91406 -8.97589 2.84947 -0.181248 -0.559313 0.808899 137.328 0 1
-3.39908 -8.80499 2.84557 -0.214682 -0.548311 0.808249 137.469 0 1
-3.85991 -8.60716 2.83689 -0.246466 -0.535717 0.807627 137.618 0 1
-4.34176 -8.36753 2.82614 -0.276698 -0.521431 0.807185 137.773 0 1
-4.85029 -8.09544 2.80469 -0.305672 -0.505257 0.807019 137.912 0 1
-5.25987 -7.79971 2.81971 -0.333673 -0.487 0.807152 138.076 0 1
-5.74523 -7.45845 2.81639 -0.360803 -0.466569 0.807549 138.214 0 1
-6.1459 -7.15301 2.81485 -0.386956 -0.444033 0.808146 138.385 0 1
-6.61047 -6.74391 2.82441 -0.411894 -0.41965 0.808849 138.561 0 1
-7.03501 -6.29977 2.83422 -0.435361 -0.39391 0.809504 138.735 0 1
-7.41891 -5.83173 2.8354 -0.457147 -0.367604 0.809867 138.888 0 1
-7.74103 -5.39294 2.82671 -0.477069 -0.34189 0.80964 139.047 0 1
-8.0454 -4.92098 2.82551 -0.494888 -0.318251 0.80858 139.194 0 1
-8.30043 -4.4662 2.83342 -0.51025 -0.298316 0.80663 139.348 0 1
-8.54215 -3.96422 2.84254 -0.522698 -0.283586 0.803969 139.488 0 1
-8.73342 -3.50058 2.84464 -0.531764 -0.275164 0.800945 139.571 0 1
-8.84115 -3.22238 2.84377 -0.537063 -0.273588 0.797943 139.762 0 1
-9.35747 -3.40916 2.42706 -0.538343 -0.278804 0.795271 139.903 0 1
-9.18266 -3.89854 2.41507 -0.535483 -0.290247 0.793104 140.04 0 1
-8.97486 -4.3598 2.41423 -0.528489 -0.306966 0.791499 140.185 0 1
-8.73329 -4.84558 2.4087 -0.517519 -0.327738 0.790419 140.357 0 1
-8.40155 -5.38869 2.41156 -0.502929 -0.351206 0.789757 140.539 0 1
-8.02834 -5.93915 2.40341 -0.485281 -0.376023 0.789373 140.695 0 1
-7.67327 -6.39798 2.40581 -0.465267 -0.401032 0.789113 140.863 0 1
-7.26763 -6.86155 2.4034 -0.443564 -0.425426 0.788837 141.029 0 1
-6.85051 -7.27786 2.39602 -0.420664 -0.448811 0.788423 141.169 0 1
-6.46631 -7.60298 2.39197 -0.396764 -0.471139 0.787786 141.321 0 1
-6.01298 -7.94222 2.39473 -0.371774 -0.49252 0.786898 141.491 0 1
-5.49101 -8.30759 2.3937 -0.345434 -0.513004 0.785813 141.629 0 1
-5.06691 -8.60433 2.37864 -0.317479 -0.532432 0.78468 141.764 0 1
-4.62042 -8.84787 2.3954 -0.28778 -0.550426 0.783718 141.923 0 1
-4.07381 -9.11204 2.40856 -0.256405 -0.566497 0.783159 142.073 0 1
-3.55622 -9.32076 2.42052 -0.223606 -0.580219 0.783164 142.23 0 1
-3.01635 -9.52455 2.41367 -0.189747 -0.591356 0.783769 142.376 0 1
-2.49057 -9.67429 2.41076 -0.155214 -0.599903 0.784872 142.515 0 1
-1.9814 -9.79097 2.40228 -0.120326 -0.606046 0.786276 142.664 0 1
-1.41976 -9.89017 2.3907 -0.0852787 -0.610057 0.787755 142.819 0 1
-0.832007 -9.9458 2.397 -0.0501673 -0.612199 0.789111 142.954 0 1
-0.316753 -9.97759 2.38816 -0.0150421 -0.612663 0.790201 143.112 0 1
0.286118 -9.96779 2.39212 0.0200241 -0.611563 0.790942 143.252 0 1
0.81868 -9.93991 2.38938 0.0549137 -0.608948 0.791307 143.394 0 1
1.35245 -9.87407 2.3954 0.0894921 -0.604816 0.791321 143.565 0 1
2.00051 -9.7639 2.39111 0.12365 -0.599113 0.791059 143.7 0 1
2.50677 -9.64055 2.39126 0.157318 -0.591747 0.790624 143.844 0 1
3.02868 -9.47102 2.39896 0.190432 -0.58262 0.79012 144.005 0 1
3.60685 -9.26572 2.39297 0.222885 -0.571679 0.789624 144.136 0 1
4.07684 -9.07563 2.38772 0.254501 -0.558951 0.789179 144.297 0 1
4.65382 -8.81743 2.37708 0.285052 -0.544551 0.788803 144.446 0 1
5.13748 -8.53789 2.38655 0.314319 -0.528644 0.788504 144.585 0 1
5.56924 -8.25986 2.38601 0.342166 -0.511396 0.788287 144.747 0 1
6.06482 -7.91114 2.37568 0.368607 -0.492913 0.78814 144.886 0 1
6.46303 -7.57064 2.3858 0.393823 -0.473209 0.788021 145.02 0 1
6.83363 -7.22913 2.39304 0.418114 -0.452176 0.787856 145.156 0 1
7.1987 -6.86682 2.39539 0.441789 -0.429618 0.78756 145.296 0 1
7.55855 -6.47237 2.40215 0.465025 -0.40533 0.787058 145.448 0 1
7.92531 -6.0369 2.40447 0.487769 -0.379183 0.786322 145.597 0 1
8.25037 -5.59232 2.41503 0.509718 -0.351186 0.785402 145.742 0 1
8.54404 -5.13845 2.42253 0.530387 -0.32149 0.784432 145.886 0 1
8.81538 -4.67592 2.42337 0.549253 -0.290359 0.78359 146.05 0 1
9.07975 -4.14568 2.42503 0.565889 -0.258144 0.783027 146.21 0 1
9.29712 -3.62058 2.41702 0.58006 -0.225241 0.782814 146.363 0 1
9.48549 -3.08846 2.40849 0.591746 -0.192014 0.782923 146.512 0 1
9.64558 -2.56589 2.39951 0.601097 -0.158711 0.783258 146.67 0 1
9.78292 -1.99504 2.39138 0.608342 -0.125427 0.783701 146.807 0 1
9.86163 -1.47606 2.39724 0.613702 -0.0921329 0.784143 146.947 0 1
9.92477 -0.953575 2.39155 0.61732 -0.0587532 0.784516 147.082 0 1
9.95817 -0.451973 2.3902 0.619245 -0.0252338 0.784792 147.227 0 1
9.97951 0.0925185 2.38364 0.619459 0.0084437 0.784984 147.384 0 1
9.9645 0.698909 2.38373 0.617901 0.0422737 0.785119 147.55 0 1
9.89832 1.31497 2.38781 0.614494 0.0762345 0.785229 147.709 0 1
9.80218 1.88797 2.39325 0.60916 0.110277 0.785343 147.864 0 1
9.67423 2.4404 2.40212 0.601827 0.1443 0.785482 148.013 0 1
9.53086 2.97828 2.40165 0.592456 0.178131 0.785662 148.159 0 1
9.36534 3.49715 2.40387 0.581067 0.211519 0.785889 148.309 0 1
9.16521 3.99646 2.40597 0.567733 0.244178 0.786165 148.448 0 1
8.95943 4.45757 2.39707 0.552575 0.275841 0.786494 148.588 0 1
8.7121 4.91268 2.40093 0.535725 0.306306 0.786877 148.73 0 1
8.42381 5.35966 2.40988 0.517323 0.335449 0.787306 148.873 0 1
8.11919 5.80797 2.40184 0.497508 0.363212 0.787758 149.01 0 1
7.80046 6.22656 2.39386 0.476419 0.389594 0.788189 149.161 0 1
7.41865 6.66928 2.3918 0.454184 0.414639 0.788537 149.317 0 1
7.0068 7.10382 2.39315 0.430907 0.438426 0.788734 149.463 0 1
6.59077 7.49244 2.38852 0.406643 0.461038 0.788724 149.597 0 1
6.19296 7.83296 2.37867 0.38138 0.482536 0.788485 149.73 0 1
5.78539 8.13875 2.37728 0.355036 0.502926 0.788045 149.878 0 1
5.31506 8.44898 2.37928 0.327482 0.522139 0.787481 150.013 0 1
4.86811 8.70996 2.38221 0.298598 0.540033 0.786895 150.169 0 1
4.33264 8.97831 2.38873 0.268356 0.556414 0.786377 150.322 0 1
3.81084 9.22729 2.3804 0.236881 0.571077 0.785977 150.462 0 1
3.31451 9.41971 2.38224 0.204435 0.583854 0.785697 150.601 0 1
2.80386 9.58727 2.3788 0.17132 0.594638 0.785528 150.778 0 1
2.14538 9.74868 2.38493 0.137758 0.603372 0.785471 150.914 0 1
1.63289 9.83084 2.39492 0.103849 0.610031 0.785543 151.068 0 1
1.03707 9.90109 2.39334 0.0696244 0.614614 0.78575 151.203 0 1
0.506906 9.9521 2.38251 0.0351455 0.617146 0.786063 151.336 0 1
-0.022942 9.96015 2.39078 0.000555105 0.617694 0.786418 151.502 0 1
-0.679908 9.95747 2.38669 -0.0339554 0.616358 0.786734 151.638 0 1
-1.21058 9.90074 2.40041 -0.0682259 0.61325 0.786937 151.784 0 1
-1.76866 9.82208 2.40073 -0.102185 0.608465 0.786974 151.922 0 1
-2.29407 9.70697 2.40158 -0.135846 0.602062 0.786808 152.068 0 1
-2.84028 9.56644 2.39504 -0.169262 0.594038 0.786428 152.213 0 1
-3.37966 9.40643 2.38902 -0.202481 0.584313 0.785862 152.355 0 1
-3.89701 9.21657 2.38891 -0.235511 0.572731 0.785183 152.502 0 1
-4.41571 8.97968 2.39978 -0.268285 0.559109 0.784487 152.654 0 1
-4.91934 8.70816 2.41061 -0.300621 0.543323 0.783854 152.796 0 1
-5.37522 8.4267 2.41693 -0.332225 0.525374 0.783332 152.943 0 1
-5.84143 8.11133 2.4218 -0.362756 0.505379 0.782943 153.095 0 1
-6.29452 7.77724 2.41889 -0.39192 0.483503 0.782703 153.242 0 1
-6.70186 7.43268 2.42074 -0.419551 0.45987 0.782622 153.397 0 1
-7.10664 7.04215 2.41617 -0.445636 0.434522 0.782687 153.559 0 1
-7.50752 6.60678 2.39965 -0.470268 0.407422 0.782851 153.722 0 1
-7.89129 6.14576 2.39221 -0.493549 0.378512 0.783031 153.886 0 1
-8.25324 5.6492 2.39901 -0.515499 0.347787 0.783137 154.052 0 1
-8.60293 5.10858 2.39823 -0.536002 0.315363 0.783101 154.226 0 1
-8.91403 4.52928 2.40439 -0.554802 0.281519 0.782906 154.395 0 1
-9.17649 3.95543 2.41645 -0.571572 0.246683 0.782594 154.573 0 1
-9.42237 3.32518 2.41702 -0.586005 0.211354 0.782258 154.728 0 1
-9.60266 2.75969 2.41109 -0.597906 0.175998 0.782006 154.873 0 1
-9.74357 2.23637 2.40524 -0.607245 0.140961 0.78191 155.009 0 1
-9.84543 1.73644 2.39603 -0.614143 0.106429 0.781985 155.144 0 1
-9.92188 1.21795 2.38214 -0.618808 0.0724677 0.782192 155.304 0 1
-9.98495 0.593102 2.37095 -0.621483 0.0391023 0.782451 155.443 0 1
-9.99028 0.0599195 2.38104 -0.622436 0.00641509 0.782645 155.577 0 1
-9.97519 -0.445684 2.38163 -0.621998 -0.0254188 0.782606 155.739 0 1
-9.9182 -1.05112 2.39305 -0.620559 -0.0561908 0.782144 155.875 0 1
-9.83751 -1.56291 2.40358 -0.618481 -0.0857783 0.781104 156.014 0 1
-9.73568 -2.08659 2.40985 -0.615956 -0.114246 0.779453 156.158 0 1
-9.60455 -2.61517 2.41986 -0.612905 -0.141864 0.777317 156.325 0 1
-9.42418 -3.21703 2.42671 -0.608992 -0.169039 0.774955 156.328 0 1
-9.42002 -3.22958 2.42676 -0.603743 -0.19619 0.77266 156.519 0 1
-9.94556 -3.36365 1.97592 -0.596703 -0.223623 0.770674 156.67 0 1
-9.74985 -3.92013 1.97103 -0.587536 -0.251474 0.769131 156.818 0 1
-9.52623 -4.4492 1.96749 -0.576042 -0.279708 0.768075 156.955 0 1
-9.29302 -4.9409 1.9645 -0.562123 -0.308151 0.767503 157.097 0 1
-9.01544 -5.43012 1.96935 -0.54577 -0.336539 0.767383 157.251 0 1
-8.69549 -5.93197 1.96359 -0.527094 -0.364551 0.767642 157.395 0 1
-8.36281 -6.37801 1.96469 -0.506361 -0.391861 0.768143 157.534 0 1
-8.02209 -6.79999 1.9685 -0.483967 -0.418197 0.768692 157.699 0 1
-7.6061 -7.28026 1.95854 -0.460331 -0.44339 0.769091 157.865 0 1
-7.1564 -7.72154 1.95642 -0.435761 -0.46738 0.7692 158.02 0 1
-6.70478 -8.09696 1.96043 -0.410379 -0.490171 0.768975 158.172 0 1
-6.23196 -8.45806 1.9558 -0.384144 -0.511761 0.768462 158.309 0 1
-5.79485 -8.76505 1.94894 -0.356935 -0.532078 0.767783 158.442 0 1
-5.3653 -9.05529 1.93505 -0.328651 -0.550958 0.767094 158.582 0 1
-4.88793 -9.32375 1.9481 -0.299267 -0.568173 0.766563 158.726 0 1
-4.37289 -9.56304 1.96283 -0.268834 -0.583499 0.766327 158.875 0 1
-3.8457 -9.78395 1.96342 -0.237446 -0.596775 0.766472 159.018 0 1
-3.32319 -9.97777 1.96119 -0.205183 -0.607945 0.767009 159.16 0 1
-2.77817 -10.1504 1.95711 -0.172104 -0.617051 0.767873 159.308 0 1
-2.21522 -10.2884 1.95459 -0.138273 -0.624187 0.768941 159.447 0 1
-1.6805 -10.3998 1.94691 -0.103808 -0.629441 0.770083 159.575 0 1
-1.16441 -10.4652 1.95355 -0.0689033 -0.632849 0.771204 159.702 0 1
-0.662315 -10.5024 1.95691 -0.0338114 -0.634395 0.772269 159.86 0 1
-0.0422286 -10.517 1.95563 0.00119987 -0.634049 0.773292 160.035 0 1
0.640558 -10.4911 1.95721 0.0358755 -0.631818 0.774286 160.179 0 1
1.21521 -10.4407 1.95363 0.0700056 -0.627773 0.775242 160.318 0 1
1.74909 -10.3627 1.94767 0.103473 -0.622035 0.776122 160.463 0 1
2.30393 -10.248 1.94916 0.136287 -0.614726 0.776877 160.593 0 1
2.80213 -10.1091 1.96368 0.168562 -0.605924 0.777459 160.718 0 1
3.27966 -9.96007 1.96686 0.200426 -0.595661 0.777829 160.852 0 1
3.77277 -9.78253 1.95805 0.231913 -0.583942 0.777964 160.991 0 1
4.28234 -9.58118 1.94692 0.262917 -0.57078 0.777871 161.144 0 1
4.84058 -9.32626 1.94133 0.293229 -0.556199 0.777598 161.301 0 1
5.38132 -9.02325 1.94899 0.322645 -0.540221 0.777214 161.467 0 1
5.91564 -8.66953 1.95579 0.351082 -0.52284 0.776775 161.597 0 1
6.34212 -8.38111 1.93597 0.378622 -0.504009 0.776286 161.733 0 1
6.7557 -8.03371 1.94384 0.405449 -0.483649 0.77569 161.883 0 1
7.18479 -7.64053 1.95312 0.431729 -0.461671 0.7749 162.031 0 1
7.59388 -7.23709 1.95639 0.457494 -0.438005 0.773855 162.175 0 1
7.97808 -6.81833 1.96276 0.482585 -0.412642 0.772553 162.349 0 1
8.39427 -6.30222 1.97624 0.506677 -0.385666 0.771064 162.509 0 1
8.75386 -5.81499 1.97564 0.52934 -0.357274 0.769516 162.643 0 1
9.03344 -5.37182 1.97679 0.550137 -0.327736 0.768074 162.783 0 1
9.29182 -4.89633 1.98144 0.568709 -0.297316 0.766925 162.94 0 1
9.55636 -4.3647 1.9778 0.584833 -0.266214 0.766225 163.083 0 1
9.77389 -3.86498 1.96559 0.598458 -0.23455 0.766051 163.24 0 1
9.97925 -3.29065 1.95661 0.609686 -0.202406 0.766365 163.378 0 1
10.1354 -2.77244 1.95215 0.618724 -0.169845 0.767029 163.519 0 1
10.2728 -2.23924 1.9489 0.625828 -0.136932 0.767847 163.644 0 1
10.3715 -1.74924 1.94935 0.631247 -0.103735 0.768613 163.799 0 1
10.4474 -1.14648 1.9559 0.635181 -0.0703403 0.769153 163.936 0 1
10.4962 -0.619737 1.94545 0.637757 -0.0368487 0.769356 164.097 0 1
10.519 0.0145394 1.93908 0.639009 -0.00335726 0.769192 164.24 0 1
10.5123 0.574603 1.93754 0.638884 0.0300753 0.768715 164.369 0 1
10.4722 1.07629 1.94271 0.63725 0.0634397 0.768042 164.514 0 1
10.393 1.63333 1.94727 0.633923 0.0967588 0.767319 164.659 0 1
10.2838 2.17705 1.95293 0.628702 0.130053 0.766694 164.81 0 1
10.1467 2.74353 1.95722 0.621407 0.163295 0.766282 164.945 0 1
10.0003 3.26137 1.95832 0.611926 0.196362 0.766152 165.088 0 1
9.82509 3.78741 1.95895 0.60025 0.229026 0.766321 165.237 0 1
9.6114 4.3098 1.95528 0.586484 0.261005 0.766755 165.383 0 1
9.37841 4.81603 1.94699 0.570811 0.292058 0.767383 165.52 0 1
9.1069 5.28734 1.96126 0.553433 0.322054 0.76811 165.669 0 1
8.78632 5.77718 1.97049 0.534532 0.350961 0.768831 165.814 0 1
8.47235 6.24305 1.95471 0.514238 0.378779 0.769471 165.943 0 1
8.15481 6.63585 1.9561 0.492635 0.40548 0.769998 166.09 0 1
7.77141 7.094 1.94948 0.469781 0.430979 0.77043 166.232 0 1
7.3795 7.49798 1.95534 0.445746 0.455162 0.770804 166.371 0 1
6.9751 7.86272 1.95527 0.420628 0.477918 0.771146 166.527 0 1
6.50044 8.2785 1.9363 0.394557 0.499172 0.771461 166.672 0 1
6.03781 8.61238 1.94056 0.367654 0.518881 0.771747 166.815 0 1
5.56934 8.92376 1.93937 0.339992 0.537032 0.772011 166.94 0 1
5.13485 9.17408 1.94466 0.311591 0.553626 0.772276 167.081 0 1
4.63216 9.43086 1.94863 0.28245 0.568647 0.772569 167.21 0 1
4.18054 9.65046 1.93914 0.252596 0.582063 0.772915 167.34 0 1
3.70835 9.84388 1.93714 0.222114 0.593835 0.773321 167.469 0 1
3.22013 10.0233 1.93158 0.191128 0.60396 0.773759 167.626 0 1
2.61965 10.1984 1.93615 0.159732 0.612503 0.774161 167.76 0 1
2.09912 10.3053 1.94334 0.127941 0.619585 0.774433 167.894 0 1
1.56487 10.3906 1.94648 0.0956855 0.625326 0.774475 168.019 0 1
1.0641 10.4471 1.94869 0.0628868 0.629787 0.774218 168.165 0 1
0.481143 10.497 1.9435 0.0295422 0.632942 0.773635 168.302 0 1
-0.0783314 10.5112 1.94414 -0.00423403 0.634692 0.772754 168.444 0 1
-0.669213 10.4948 1.94695 -0.0382506 0.634896 0.77165 168.586 0 1
-1.24256 10.4405 1.95629 -0.0723202 0.633412 0.770428 168.718 0 1
-1.75877 10.374 1.95197 -0.106316 0.630122 0.769184 168.873 0 1
-2.36175 10.2443 1.95719 -0.140164 0.624938 0.767989 169.011 0 1
-2.9172 10.1111 1.94535 -0.173808 0.617805 0.766881 169.139 0 1
-3.41403 9.96144 1.94407 -0.207181 0.608685 0.765884 169.279 0 1
-3.93407 9.7676 1.951 -0.240203 0.597535 0.76502 169.447 0 1
-4.55616 9.49724 1.95823 -0.27278 0.584309 0.764313 169.579 0 1
-5.02205 9.26475 1.96039 -0.304767 0.568994 0.763782 169.725 0 1
-5.51246 8.97648 1.9629 -0.335933 0.551654 0.763431 169.879 0 1
-6.02308 8.64731 1.96161 -0.365975 0.532465 0.763245 170.023 0 1
-6.47344 8.31018 1.96948 -0.394597 0.51168 0.763202 170.18 0 1
-6.93787 7.93237 1.96981 -0.42161 0.489562 0.763265 170.322 0 1
-7.33436 7.56079 1.97282 -0.446987 0.466324 0.763377 170.454 0 1
-7.68793 7.2005 1.95878 -0.470837 0.442093 0.763457 170.612 0 1
-8.0843 6.74197 1.95363 -0.493318 0.416914 0.763426 170.751 0 1
-8.43004 6.32976 1.94182 -0.514548 0.390771 0.763242 170.878 0 1
-8.7127 5.91694 1.95614 -0.534543 0.36361 0.762923 171.013 0 1
-8.99991 5.46366 1.9661 -0.553215 0.335362 0.762552 171.156 0 1
-9.28261 4.98704 1.95661 -0.570394 0.305985 0.76225 171.29 0 1
-9.51289 4.51592 1.96104 -0.585877 0.275511 0.762129 171.43 0 1
-9.7409 4.01122 1.95736 -0.599486 0.244087 0.762258 171.573 0 1
-9.93354 3.4776 1.96042 -0.611099 0.211948 0.762651 171.721 0 1
-10.1052 2.92274 1.96328 -0.620674 0.179351 0.763281 171.851 0 1
-10.2383 2.42229 1.96123 -0.628242 0.146504 0.7641 171.989 0 1
-10.364 1.88642 1.94342 -0.633897 0.113543 0.765038 172.12 0 1
-10.4427 1.36981 1.9351 -0.637777 0.080577 0.765995 172.261 0 1
-10.5013 0.809911 1.92943 -0.640064 0.0477512 0.766836 172.408 0 1
-10.5191 0.209413 1.93916 -0.640984 0.0153222 0.767401 172.562 0 1
-10.5109 -0.405868 1.94517 -0.640812 -0.0162541 0.767526 172.693 0 1
-10.479 -0.927837 1.94673 -0.639873 -0.0462283 0.767089 172.816 0 1
-10.412 -1.42579 1.95249 -0.638536 -0.0735224 0.766072 172.947 0 1
-10.3087 -1.94256 1.96606 -0.637191 -0.0968228 0.7646 173.098 0 1
-10.1848 -2.52037 1.96959 -0.636226 -0.114802 0.762913 173.231 0 1
-10.0478 -3.01659 1.97748 -0.635965 -0.126386 0.761298 173.303 0 1
-9.96827 -3.28578 1.9771 -0.636596 -0.130958 0.759997 173.482 0 1
-10.4688 -3.45557 1.51306 -0.638115 -0.128455 0.75915 173.605 0 1
-10.6199 -2.95881 1.5128 -0.640332 -0.119326 0.758773 173.754 0 1
-10.7664 -2.36247 1.51314 -0.642923 -0.104392 0.758783 173.88 0 1
-10.8773 -1.85577 1.50276 -0.645518 -0.0846581 0.759038 174.008 0 1
-10.9618 -1.32757 1.49916 -0.647768 -0.0611283 0.759381 174.134 0 1
-11.0228 -0.79339 1.49045 -0.649374 -0.0346781 0.759678 174.278 0 1
-11.0436 -0.181037 1.49062 -0.65009 -0.00601809 0.759833 174.413 0 1
-11.045 0.392272 1.48248 -0.649714 0.0242764 0.759791 174.547 0 1
-11.011 0.967747 1.48649 -0.648084 0.0557165 0.759528 174.669 0 1
-10.9591 1.47603 1.48578 -0.645071 0.0878724 0.759053 174.798 0 1
-10.8654 2.00589 1.49604 -0.640564 0.120376 0.758411 174.957 0 1
-10.7187 2.65668 1.50661 -0.634454 0.152924 0.757682 175.078 0 1
-10.5806 3.15527 1.50912 -0.626635 0.185266 0.756971 175.217 0 1
-10.4083 3.70939 1.49853 -0.617033 0.217177 0.756375 175.348 0 1
-10.2124 4.21212 1.50276 -0.605645 0.248445 0.755956 175.491 0 1
-9.97768 4.76026 1.4983 -0.592546 0.278888 0.755718 175.619 0 1
-9.73 5.24907 1.5003 -0.577865 0.308395 0.755622 175.755 0 1
-9.45206 5.73299 1.50617 -0.561714 0.336948 0.755608 175.884 0 1
-9.16792 6.17292 1.50491 -0.544152 0.364616 0.755614 176.015 0 1
-8.8581 6.6196 1.49477 -0.525187 0.391491 0.755588 176.143 0 1
-8.52495 7.03995 1.4963 -0.504811 0.417619 0.755487 176.297 0 1
-8.11332 7.51395 1.49824 -0.483036 0.442957 0.755292 176.425 0 1
-7.75138 7.88008 1.50963 -0.459905 0.467369 0.755019 176.577 0 1
-7.30131 8.30765 1.50972 -0.435481 0.490664 0.754722 176.71 0 1
-6.88373 8.65794 1.5106 -0.409854 0.512635 0.75447 176.843 0 1
-6.45599 8.98304 1.50214 -0.383152 0.5331 0.754321 176.979 0 1
-5.98967 9.29464 1.50008 -0.355546 0.551931 0.754294 177.111 0 1
-5.51059 9.5888 1.49828 -0.327233 0.569076 0.754368 177.247 0 1
-5.01635 9.86169 1.49366 -0.2984 0.584555 0.754488 177.382 0 1
-4.50953 10.1026 1.49209 -0.269184 0.598416 0.754611 177.506 0 1
-4.01287 10.2959 1.49537 -0.23964 0.610691 0.754737 177.625 0 1
-3.53834 10.4743 1.48484 -0.209731 0.621364 0.75493 177.748 0 1
-3.03905 10.6289 1.48375 -0.179349 0.630377 0.755288 177.876 0 1
-2.50099 10.7486 1.5022 -0.14838 0.637667 0.755886 177.998 0 1
-1.98974 10.8609 1.49571 -0.116768 0.643208 0.756735 178.126 0 1
-1.44339 10.9513 1.49066 -0.0845431 0.647019 0.757772 178.246 0 1
-0.93871 11.0017 1.49586 -0.0517931 0.649146 0.758898 178.383 0 1
-0.355816 11.0308 1.50032 -0.0186355 0.649633 0.760019 178.53 0 1
0.281092 11.0393 1.49652 0.0147996 0.648509 0.761063 178.671 0 1
0.886729 11.0082 1.49499 0.0483679 0.645799 0.761974 178.793 0 1
1.39551 10.9463 1.50032 0.0819089 0.641539 0.762705 178.945 0 1
2.02886 10.8602 1.4927 0.115252 0.635778 0.763219 179.071 0 1
2.54651 10.7669 1.48289 0.148226 0.628558 0.763507 179.218 0 1
3.12588 10.6037 1.48809 0.180666 0.619915 0.763587 179.372 0 1
3.72238 10.4026 1.48849 0.212423 0.609875 0.763498 179.491 0 1
4.19655 10.2226 1.48719 0.243386 0.59846 0.763288 179.626 0 1
4.70104 9.98809 1.49956 0.27351 0.585686 0.762997 179.77 0 1
5.2281 9.72555 1.4981 0.302806 0.571549 0.762654 179.892 0 1
5.67419 9.48571 1.48765 0.331311 0.556033 0.762273 180.019 0 1
6.11982 9.19131 1.49323 0.359035 0.539142 0.761853 180.149 0 1
6.5691 8.89026 1.481 0.385937 0.520907 0.761386 180.301 0 1
7.06396 8.49321 1.48992 0.411942 0.501385 0.760866 180.433 0 1
7.47999 8.11775 1.50551 0.436967 0.480622 0.760304 180.568 0 1
7.89569 7.74049 1.49563 0.460945 0.458637 0.759725 180.704 0 1
8.27147 7.32832 1.49903 0.483828 0.435418 0.759159 180.828 0 1
8.60454 6.93408 1.49801 0.505584 0.410944 0.758624 180.961 0 1
8.93706 6.48767 1.50904 0.526168 0.385232 0.758118 181.092 0 1
9.24695 6.0442 1.51159 0.545503 0.358372 0.757626 181.223 0 1
9.53736 5.59234 1.50525 0.56346 0.330541 0.757136 181.352 0 1
9.81007 5.12274 1.49427 0.579881 0.301962 0.756675 181.489 0 1
10.0548 4.60418 1.49857 0.594602 0.272823 0.756318 181.615 0 1
10.2613 4.12813 1.49669 0.607489 0.243235 0.756171 181.747 0 1
10.4367 3.62178 1.50008 0.61846 0.213232 0.756333 181.875 0 1
10.5853 3.11794 1.50216 0.627502 0.182808 0.75685 181.996 0 1
10.7184 2.63557 1.49445 0.634689 0.151927 0.757686 182.145 0 1
10.8439 2.02666 1.50263 0.640164 0.120514 0.758727 182.294 0 1
10.9627 1.43419 1.49003 0.644104 0.0884924 0.759802 182.418 0 1
11.0221 0.937687 1.4864 0.646671 0.0558456 0.760722 182.542 0 1
11.0514 0.423994 1.48468 0.647981 0.0226781 0.761319 182.675 0 1
11.0411 -0.113221 1.49954 0.648103 -0.0107898 0.761477 182.813 0 1
11.0253 -0.674309 1.50069 0.647062 -0.0442909 0.76115 182.963 0 1
10.9678 -1.28927 1.50586 0.644838 -0.0775912 0.760371 183.128 0 1
10.8723 -1.94907 1.494 0.641355 -0.110534 0.759241 183.274 0 1
10.7384 -2.52418 1.49837 0.636458 -0.143043 0.757931 183.393 0 1
10.6095 -3.00727 1.50007 0.629914 -0.175098 0.756669 183.513 0 1
10.4695 -3.48779 1.49666 0.621437 -0.206701 0.755705 183.649 0 1
10.2801 -4.01742 1.50098 0.610762 -0.237842 0.755249 183.78 0 1
10.064 -4.50811 1.51441 0.597739 -0.26846 0.755405 183.933 0 1
9.78411 -5.07088 1.52238 0.58241 -0.298432 0.756133 184.061 0 1
9.53563 -5.53307 1.52248 0.565026 -0.327591 0.757251 184.194 0 1
9.26063 -5.99053 1.52459 0.545989 -0.355769 0.758501 184.342 0 1
8.92957 -6.48281 1.5226 0.525739 -0.382839 0.759626 184.491 0 1
8.5625 -6.9575 1.51669 0.504623 -0.408742 0.760451 184.621 0 1
8.22229 -7.34784 1.51142 0.482809 -0.43347 0.76092 184.745 0 1
7.88076 -7.71415 1.50348 0.46029 -0.457033 0.761087 184.9 0 1
7.41658 -8.15066 1.50067 0.436971 -0.479417 0.761062 185.039 0 1
6.99742 -8.52626 1.48986 0.412776 -0.500581 0.760944 185.193 0 1
6.49772 -8.91676 1.49167 0.387702 -0.520475 0.760785 185.313 0 1
6.08029 -9.19807 1.50693 0.361807 -0.539065 0.760595 185.44 0 1
5.64701 -9.49012 1.49717 0.335172 -0.556318 0.760375 185.572 0 1
5.17497 -9.75108 1.49699 0.307856 -0.572187 0.760149 185.695 0 1
4.71476 -9.97502 1.49699 0.279884 -0.586604 0.759974 185.83 0 1
4.18937 -10.1945 1.50491 0.251246 -0.5995 0.759918 185.956 0 1
3.69966 -10.3812 1.51346 0.22192 -0.610826 0.760028 186.083 0 1
3.20521 -10.5381 1.52251 0.19189 -0.620588 0.760295 186.204 0 1
2.72559 -10.6895 1.50316 0.161152 -0.628848 0.760645 186.339 0 1
2.17633 -10.8122 1.50429 0.129724 -0.635699 0.760959 186.482 0 1
1.59793 -10.932 1.4934 0.0976458 -0.64123 0.761111 186.632 0 1
0.987199 -10.9967 1.50558 0.0649962 -0.645486 0.761002 186.756 0 1
0.47376 -11.0263 1.51246 0.0318909 -0.648447 0.760592 186.878 0 1
-0.0310917 -11.0433 1.51128 -0.00152778 -0.650037 0.759901 187.004 0 1
-0.553332 -11.0341 1.5097 -0.0351125 -0.650143 0.759 187.136 0 1
-1.09354 -10.9954 1.50768 -0.0687249 -0.648639 0.757987 187.278 0 1
-1.68494 -10.9277 1.49496 -0.102222 -0.645393 0.756979 187.4 0 1
-2.19052 -10.8308 1.49879 -0.135428 -0.640289 0.756101 187.541 0 1
-2.76802 -10.693 1.50114 -0.168127 -0.633238 0.755476 187.677 0 1
-3.31108 -10.5322 1.50166 -0.200109 -0.624197 0.755205 187.816 0 1
-3.86228 -10.3302 1.5123 -0.23125 -0.613175 0.755341 187.949 0 1
-4.38402 -10.1282 1.50385 -0.261558 -0.600221 0.755858 188.089 0 1
-4.91023 -9.89357 1.49341 -0.291151 -0.585425 0.756643 188.231 0 1
-5.43258 -9.62002 1.48412 -0.320166 -0.568918 0.757513 188.375 0 1
-5.94427 -9.30271 1.49097 -0.348675 -0.550862 0.758273 188.529 0 1
-6.46928 -8.94086 1.50629 -0.376654 -0.531418 0.758766 188.66 0 1
-6.89729 -8.62333 1.51043 -0.404014 -0.510705 0.758916 188.807 0 1
-7.37012 -8.24564 1.50317 -0.430634 -0.48877 0.758721 188.954 0 1
-7.79777 -7.8426 1.50098 -0.456385 -0.465613 0.758233 189.081 0 1
-8.14692 -7.464 1.50453 -0.481104 -0.441253 0.757518 189.228 0 1
-8.54136 -7.0037 1.50632 -0.504563 -0.41583 0.756638 189.359 0 1
-8.87611 -6.58059 1.50572 -0.526435 -0.389736 0.755627 189.502 0 1
-9.2232 -6.09692 1.50319 -0.546291 -0.363728 0.754498 189.642 0 1
-9.52848 -5.60028 1.50493 -0.563656 -0.338957 0.75326 189.771 0 1
-9.78098 -5.13165 1.50376 -0.578079 -0.316849 0.751952 189.913 0 1
-10.0385 -4.59687 1.50135 -0.589214 -0.29887 0.750669 190.044 0 1
-10.245 -4.09529 1.50491 -0.596848 -0.286255 0.749553 190.195 0 1
-10.4523 -3.50655 1.51229 -0.600899 -0.27981 0.74875 190.36 0 1
-10.964 -3.61186 1.05037 -0.601392 -0.2798 0.748358 190.478 0 1
-10.8003 -4.10754 1.03902 -0.598467 -0.285942 0.748381 190.598 0 1
-10.5954 -4.61069 1.03995 -0.592372 -0.29749 0.748729 190.714 0 1
-10.3875 -5.07904 1.03689 -0.583442 -0.313407 0.749247 190.832 0 1
-10.1611 -5.5422 1.03519 -0.572034 -0.332568 0.749784 190.979 0 1
-9.83155 -6.10625 1.04395 -0.558431 -0.353942 0.750253 191.106 0 1
-9.53175 -6.57864 1.03729 -0.542796 -0.376678 0.750657 191.223 0 1
-9.23391 -6.99024 1.03334 -0.525191 -0.400109 0.751058 191.344 0 1
-8.89443 -7.39729 1.04205 -0.505668 -0.423693 0.751521 191.465 0 1
-8.53826 -7.80277 1.04554 -0.484365 -0.446972 0.752068 191.592 0 1
-8.15905 -8.21615 1.04097 -0.461531 -0.469563 0.752662 191.723 0 1
-7.75807 -8.60573 1.03927 -0.437489 -0.491179 0.753224 191.863 0 1
-7.30003 -8.97788 1.05039 -0.412558 -0.511645 0.753668 192 0 1
-6.83304 -9.33309 1.04508 -0.386996 -0.530884 0.753921 192.142 0 1
-6.31833 -9.68436 1.03706 -0.360971 -0.54888 0.753944 192.269 0 1
-5.85745 -9.97757 1.02694 -0.334571 -0.565641 0.753732 192.387 0 1
-5.41259 -10.22 1.03069 -0.307819 -0.581166 0.753321 192.517 0 1
-4.90385 -10.4617 1.04113 -0.280685 -0.595432 0.752779 192.641 0 1
-4.39971 -10.6918 1.03545 -0.253093 -0.608397 0.752195 192.76 0 1
-3.90288 -10.8741 1.0435 -0.224933 -0.620009 0.751661 192.875 0 1
-3.42299 -11.043 1.03622 -0.196079 -0.630208 0.75126 193.004 0 1
-2.87317 -11.1954 1.04142 -0.166429 -0.638928 0.751048 193.125 0 1
-2.33828 -11.321 1.04411 -0.135948 -0.646107 0.751042 193.24 0 1
-1.84209 -11.4338 1.02807 -0.104702 -0.651706 0.751211 193.373 0 1
-1.26769 -11.5011 1.04526 -0.0728697 -0.655714 0.751485 193.503 0 1
-0.703816 -11.5549 1.04442 -0.0407038 -0.658153 0.751783 193.622 0 1
-0.177229 -11.5652 1.05343 -0.00846252 -0.659056 0.752046 193.758 0 1
0.425891 -11.5548 1.05428 0.0236542 -0.658452 0.752251 193.876 0 1
0.931353 -11.5289 1.05006 0.0555318 -0.656356 0.752405 194.003 0 1
1.47047 -11.4752 1.04035 0.0871309 -0.652779 0.752521 194.119 0 1
1.97127 -11.3914 1.03932 0.118457 -0.647735 0.7526 194.258 0 1
2.57445 -11.2618 1.0428 0.149528 -0.641243 0.752628 194.394 0 1
3.14758 -11.1156 1.0443 0.180331 -0.633316 0.75259 194.518 0 1
3.65981 -10.9472 1.05274 0.21079 -0.623957 0.752492 194.646 0 1
4.19789 -10.7581 1.04701 0.240754 -0.613177 0.752364 194.788 0 1
4.78153 -10.5196 1.03769 0.270032 -0.601006 0.752246 194.905 0 1
5.24458 -10.2993 1.03736 0.298463 -0.587501 0.752172 195.024 0 1
5.70741 -10.0523 1.03474 0.325983 -0.572725 0.752145 195.144 0 1
6.16413 -9.76783 1.04089 0.352657 -0.556709 0.752135 195.287 0 1
6.68732 -9.41213 1.03731 0.378646 -0.539429 0.752092 195.412 0 1
7.13558 -9.09615 1.02357 0.404125 -0.520809 0.751958 195.524 0 1
7.51777 -8.773 1.03386 0.429183 -0.500776 0.751682 195.643 0 1
7.89896 -8.42266 1.04536 0.453763 -0.479319 0.751234 195.798 0 1
8.37677 -7.9604 1.04634 0.477658 -0.456521 0.750621 195.933 0 1
8.7684 -7.52259 1.05602 0.500568 -0.432538 0.749895 196.053 0 1
9.09898 -7.12788 1.05589 0.522175 -0.407549 0.749158 196.197 0 1
9.46241 -6.62945 1.06014 0.542214 -0.381724 0.748526 196.319 0 1
9.75266 -6.18998 1.05393 0.560511 -0.355208 0.748101 196.449 0 1
10.029 -5.71819 1.05 0.576994 -0.328125 0.747939 196.572 0 1
10.2683 -5.24936 1.05717 0.591687 -0.300561 0.748044 196.708 0 1
10.5383 -4.71693 1.0456 0.604688 -0.272549 0.748378 196.829 0 1
10.7483 -4.22598 1.04243 0.616118 -0.244071 0.748885 196.949 0 1
10.9284 -3.74486 1.03814 0.626081 -0.215083 0.749508 197.077 0 1
11.0896 -3.21534 1.04231 0.634635 -0.18556 0.750204 197.221 0 1
11.2541 -2.59557 1.04316 0.641795 -0.155506 0.750944 197.338 0 1
11.3667 -2.09849 1.04225 0.647562 -0.124951 0.751699 197.46 0 1
11.4595 -1.58287 1.04074 0.651939 -0.093951 0.752429 197.577 0 1
11.518 -1.08384 1.04559 0.654939 -0.0626163 0.753083 197.693 0 1
11.5614 -0.577655 1.04051 0.656583 -0.0311236 0.753611 197.811 0 1
11.575 -0.0607626 1.03778 0.656894 0.000310754 0.753982 197.936 0 1
11.5727 0.493761 1.03015 0.655893 0.0315029 0.754197 198.055 0 1
11.5374 1.0197 1.02987 0.653579 0.06237 0.754284 198.202 0 1
11.4476 1.65383 1.03396 0.64993 0.0929496 0.754289 198.341 0 1
11.3349 2.23708 1.03727 0.644897 0.123358 0.754249 198.459 0 1
11.2369 2.74236 1.02506 0.638426 0.153717 0.754178 198.595 0 1
11.0702 3.32428 1.04029 0.630474 0.184076 0.754068 198.722 0 1
10.9074 3.8529 1.04008 0.621021 0.21438 0.753905 198.839 0 1
10.7378 4.3319 1.03829 0.61007 0.24448 0.753687 198.977 0 1
10.4959 4.89132 1.04061 0.597628 0.274176 0.753438 199.1 0 1
10.2597 5.38593 1.03263 0.583694 0.303271 0.753212 199.215 0 1
10.0111 5.82476 1.03848 0.568259 0.33159 0.75308 199.346 0 1
9.70009 6.31411 1.04418 0.551331 0.358984 0.753104 199.46 0 1
9.40876 6.72738 1.0455 0.532959 0.385322 0.753314 199.587 0 1
9.07294 7.17658 1.04125 0.513259 0.410507 0.75369 199.742 0 1
8.64083 7.69475 1.04108 0.492397 0.434475 0.754173 199.868 0 1
8.27257 8.10562 1.03206 0.470557 0.457198 0.754683 199.987 0 1
7.88275 8.45828 1.04866 0.447903 0.478666 0.755157 200.107 0 1
7.50421 8.80571 1.03852 0.424556 0.498876 0.755563 200.231 0 1
7.09877 9.14684 1.02697 0.400584 0.51783 0.7559 200.357 0 1
6.65299 9.4746 1.02744 0.376 0.535544 0.756185 200.489 0 1
6.16104 9.80023 1.02875 0.350773 0.552051 0.756437 200.603 0 1
5.72766 10.0617 1.02812 0.324839 0.567398 0.756663 200.721 0 1
5.25376 10.2956 1.04625 0.298124 0.58163 0.756855 200.84 0 1
4.78865 10.5254 1.04343 0.270577 0.594778 0.756985 200.956 0 1
4.32953 10.7391 1.03289 0.242179 0.606849 0.757023 201.084 0 1
3.80431 10.9317 1.03578 0.212927 0.617819 0.756942 201.209 0 1
3.27709 11.1033 1.03505 0.182826 0.62763 0.75674 201.337 0 1
2.75308 11.2559 1.02816 0.151891 0.636186 0.756437 201.473 0 1
2.18451 11.3722 1.03043 0.120171 0.643359 0.756074 201.607 0 1
1.60749 11.445 1.04581 0.0877501 0.648995 0.755715 201.739 0 1
1.01654 11.515 1.04553 0.0547444 0.652932 0.755435 201.86 0 1
0.477827 11.5597 1.03954 0.021278 0.655029 0.755304 202.001 0 1
-0.164295 11.5614 1.03973 -0.0125258 0.655199 0.755353 202.126 0 1
-0.723672 11.5334 1.04113 -0.0465419 0.653443 0.755543 202.276 0 1
-1.40642 11.4757 1.03255 -0.0806272 0.649852 0.755772 202.417 0 1
-2.04699 11.3756 1.03565 -0.114602 0.644579 0.755899 202.557 0 1
-2.66131 11.2465 1.04259 -0.148252 0.637806 0.755794 202.714 0 1
-3.34112 11.0939 1.02075 -0.181359 0.629696 0.755375 202.845 0 1
-3.90414 10.8996 1.03124 -0.213753 0.620342 0.754643 202.963 0 1
-4.40902 10.71 1.02969 -0.245342 0.609734 0.753678 203.094 0 1
-4.95316 10.4688 1.03159 -0.276089 0.597763 0.752631 203.211 0 1
-5.42517 10.2338 1.03078 -0.305961 0.584272 0.751674 203.323 0 1
-5.86653 9.98277 1.03286 -0.334893 0.569136 0.750954 203.446 0 1
-6.33471 9.68711 1.03671 -0.362783 0.552319 0.750554 203.592 0 1
-6.86878 9.33313 1.03207 -0.389531 0.533896 0.750481 203.726 0 1
-7.32237 8.97292 1.04488 -0.415075 0.51401 0.75067 203.86 0 1
-7.76139 8.59009 1.04712 -0.439418 0.492829 0.75102 203.973 0 1
-8.12805 8.24129 1.04657 -0.462604 0.470499 0.751417 204.113 0 1
-8.55482 7.81556 1.03235 -0.484682 0.447134 0.751768 204.235 0 1
-8.89579 7.41913 1.03499 -0.505663 0.42283 0.75201 204.365 0 1
-9.24364 6.97719 1.03519 -0.525508 0.397673 0.752129 204.486 0 1
-9.55388 6.53244 1.04155 -0.544131 0.371735 0.752153 204.608 0 1
-9.84451 6.07984 1.04458 -0.561434 0.345055 0.752149 204.742 0 1
-10.1441 5.58288 1.03394 -0.577335 0.317625 0.752196 204.875 0 1
-10.4027 5.05696 1.04204 -0.591777 0.289402 0.752361 204.986 0 1
-10.6128 4.6007 1.04028 -0.604733 0.26035 0.752672 205.119 0 1
-10.8352 4.04412 1.0423 -0.616196 0.230494 0.75311 205.246 0 1
-11.0203 3.51012 1.04439 -0.626172 0.199954 0.75361 205.366 0 1
-11.1704 2.99504 1.04764 -0.634674 0.16893 0.75409 205.491 0 1
-11.31 2.44904 1.04149 -0.64172 0.137642 0.754486 205.635 0 1
-11.4344 1.82986 1.03242 -0.647329 0.10624 0.75477 205.757 0 1
-11.503 1.29556 1.03454 -0.65151 0.0747701 0.754946 205.887 0 1
-11.5488 0.716042 1.03466 -0.654265 0.0432099 0.75503 206.001 0 1
-11.5727 0.201625 1.02784 -0.655589 0.0115913 0.755029 206.118 0 1
-11.5682 -0.322575 1.02993 -0.655491 -0.0198984 0.754941 206.238 0 1
-11.541 -0.861494 1.03191 -0.654009 -0.0509132 0.754772 206.362 0 1
-11.4807 -1.42015 1.03731 -0.651224 -0.0810536 0.754545 206.507 0 1
-11.3736 -2.06128 1.04846 -0.647256 -0.110012 0.754293 206.637 0 1
-11.2486 -2.63561 1.05005 -0.642222 -0.137673 0.754054 206.762 0 1
-11.1038 -3.17232 1.04859 -0.636187 -0.164145 0.753872 206.854 0 1
-10.9811 -3.55862 1.05045 -0.629127 -0.189724 0.753793 207.012 0 1
-11.4779 -3.72671 0.587213 -0.620938 -0.214807 0.753853 207.142 0 1
-11.2756 -4.33154 0.575358 -0.611484 -0.239791 0.754048 207.254 0 1
-11.0629 -4.84601 0.576294 -0.600658 -0.264975 0.754319 207.359 0 1
-10.8489 -5.32497 0.572442 -0.588427 -0.290495 0.754564 207.462 0 1
-10.623 -5.78804 0.569587 -0.574833 -0.316311 0.754662 207.576 0 1
-10.3325 -6.28447 0.582108 -0.559967 -0.342238 0.754526 207.685 0 1
-10.0506 -6.74585 0.575494 -0.543918 -0.368005 0.754139 207.794 0 1
-9.73438 -7.18898 0.574683 -0.526721 -0.393307 0.753575 207.923 0 1
-9.33381 -7.69432 0.573757 -0.508349 -0.417846 0.752985 208.052 0 1
-8.90391 -8.17561 0.58055 -0.488749 -0.441362 0.752545 208.16 0 1
-8.53997 -8.56323 0.578246 -0.467895 -0.463653 0.752396 208.263 0 1
-8.16873 -8.91491 0.581132 -0.44583 -0.484601 0.752594 208.364 0 1
-7.7962 -9.2536 0.573823 -0.422662 -0.504177 0.753102 208.465 0 1
-7.39219 -9.5579 0.590898 -0.398535 -0.522432 0.753813 208.586 0 1
-6.92405 -9.90773 0.581446 -0.373598 -0.53947 0.754584 208.701 0 1
-6.44939 -10.2245 0.573955 -0.347983 -0.555403 0.755272 208.82 0 1
-5.93972 -10.5295 0.572674 -0.321802 -0.570326 0.755759 208.92 0 1
-5.49008 -10.7597 0.578476 -0.295141 -0.5843 0.755966 209.033 0 1
-4.98491 -11.0012 0.580464 -0.268054 -0.597343 0.755863 209.152 0 1
-4.4494 -11.2451 0.567066 -0.240557 -0.609432 0.755463 209.258 0 1
-3.94112 -11.4142 0.580325 -0.212637 -0.62051 0.75482 209.375 0 1
-3.39207 -11.5966 0.573131 -0.184261 -0.630488 0.754011 209.487 0 1
-2.84548 -11.7286 0.586022 -0.155388 -0.639258 0.753129 209.614 0 1
-2.23822 -11.8697 0.5791 -0.125982 -0.646709 0.752261 209.724 0 1
-1.70454 -11.9785 0.564747 -0.096043 -0.652739 0.75147 209.831 0 1
-1.15923 -12.0313 0.581939 -0.0656409 -0.657276 0.750786 209.934 0 1
-0.654101 -12.0728 0.581259 -0.0349306 -0.660275 0.750211 210.052 0 1
-0.0706729 -12.0782 0.592171 -0.00412071 -0.661715 0.749744 210.157 0 1
0.438934 -12.0788 0.583887 0.0265757 -0.661586 0.749398 210.265 0 1
0.969103 -12.0566 0.57784 0.0569825 -0.659871 0.749215 210.385 0 1
1.56368 -11.9819 0.579069 0.0869848 -0.656545 0.749254 210.497 0 1
2.10734 -11.8868 0.579343 0.116537 -0.651581 0.749574 210.606 0 1
2.63568 -11.7694 0.587383 0.145654 -0.644971 0.750198 210.716 0 1
3.16379 -11.6541 0.577948 0.174376 -0.636748 0.751096 210.839 0 1
3.74748 -11.47 0.585695 0.202726 -0.627 0.752179 210.945 0 1
4.23822 -11.2988 0.584239 0.230691 -0.615867 0.753319 211.049 0 1
4.71503 -11.1141 0.581051 0.258236 -0.60352 0.754373 211.166 0 1
5.24393 -10.8788 0.580718 0.285329 -0.590129 0.755206 211.285 0 1
5.76404 -10.6089 0.580924 0.311971 -0.575831 0.755706 211.387 0 1
6.20294 -10.3589 0.576191 0.338192 -0.560703 0.755803 211.498 0 1
6.66822 -10.0564 0.578642 0.364025 -0.544732 0.755482 211.62 0 1
7.16758 -9.71255 0.573586 0.389484 -0.527812 0.754796 211.73 0 1
7.60563 -9.38445 0.568361 0.41453 -0.50978 0.75385 211.855 0 1
8.08287 -8.96956 0.577118 0.439045 -0.490473 0.752779 211.96 0 1
8.46007 -8.60528 0.58663 0.462815 -0.469805 0.751721 212.066 0 1
8.82613 -8.23611 0.582837 0.485568 -0.447803 0.750797 212.191 0 1
9.23161 -7.77209 0.59042 0.507031 -0.424586 0.750097 212.314 0 1
9.61553 -7.31164 0.583153 0.526998 -0.400323 0.749677 212.426 0 1
9.92514 -6.85656 0.594279 0.545363 -0.375183 0.749545 212.543 0 1
10.2413 -6.39031 0.57918 0.562107 -0.349326 0.749671 212.658 0 1
10.5232 -5.8927 0.580705 0.577278 -0.322892 0.749994 212.786 0 1
10.8121 -5.32821 0.584741 0.590962 -0.295994 0.750434 212.889 0 1
11.0356 -4.87419 0.580589 0.603258 -0.268709 0.750916 213.005 0 1
11.2528 -4.3432 0.585727 0.614251 -0.241062 0.751389 213.122 0 1
11.4657 -3.80848 0.565417 0.623984 -0.213026 0.751841 213.224 0 1
11.5978 -3.30911 0.583927 0.632444 -0.184531 0.752305 213.338 0 1
11.7509 -2.76856 0.57824 0.63958 -0.155478 0.752837 213.448 0 1
11.8674 -2.23407 0.580956 0.645322 -0.125791 0.753482 213.56 0 1
11.964 -1.69068 0.579903 0.64962 -0.0954713 0.754241 213.672 0 1
12.0309 -1.1369 0.585976 0.652459 -0.0646521 0.755061 213.777 0 1
12.0801 -0.628146 0.576776 0.653873 -0.0335817 0.755859 213.9 0 1
12.0969 -0.0112731 0.57774 0.653939 -0.00255168 0.756543 214.023 0 1
12.0971 0.597589 0.569626 0.65275 0.0282053 0.757048 214.123 0 1
12.0554 1.09899 0.572261 0.650383 0.0585912 0.757344 214.237 0 1
11.9676 1.66878 0.580378 0.646862 0.0886518 0.757437 214.34 0 1
11.8739 2.16929 0.584435 0.642167 0.118518 0.757347 214.452 0 1
11.7757 2.7098 0.571836 0.636252 0.148308 0.757092 214.582 0 1
11.609 3.34185 0.580193 0.629069 0.178044 0.756685 214.688 0 1
11.4536 3.84486 0.583364 0.62059 0.207611 0.756152 214.806 0 1
11.2678 4.39515 0.578612 0.610811 0.236778 0.755544 214.933 0 1
11.026 4.97554 0.584158 0.59975 0.265268 0.754939 215.041 0 1
10.8029 5.45831 0.57596 0.587432 0.292846 0.75443 215.143 0 1
10.5717 5.90892 0.567205 0.57388 0.319381 0.754094 215.245 0 1
10.2903 6.34594 0.584075 0.559099 0.344856 0.753978 215.353 0 1
10.0046 6.79027 0.578691 0.543086 0.369339 0.754086 215.463 0 1
9.68031 7.22945 0.58553 0.525834 0.392924 0.754393 215.566 0 1
9.37563 7.63228 0.57894 0.507348 0.415683 0.754855 215.68 0 1
9.00725 8.06389 0.581741 0.487663 0.437646 0.755414 215.795 0 1
8.632 8.49064 0.567812 0.466854 0.458809 0.756004 215.902 0 1
8.23458 8.85969 0.577796 0.445027 0.47915 0.756549 216.012 0 1
7.82418 9.21878 0.581131 0.422303 0.498645 0.756976 216.121 0 1
7.41041 9.56841 0.571677 0.398798 0.517261 0.757233 216.236 0 1
6.94249 9.90474 0.575026 0.374602 0.534949 0.7573 216.361 0 1
6.41982 10.2471 0.576296 0.349773 0.551633 0.757206 216.464 0 1
5.98211 10.5188 0.570948 0.324323 0.567225 0.757014 216.586 0 1
5.43586 10.7897 0.587533 0.298232 0.581649 0.756797 216.695 0 1
4.96065 11.0335 0.575057 0.271465 0.594858 0.756605 216.797 0 1
4.49087 11.2356 0.5754 0.244003 0.606836 0.756447 216.9 0 1
4.0057 11.402 0.586502 0.215851 0.617579 0.75631 217.008 0 1
3.50473 11.5711 0.582922 0.187031 0.627061 0.756184 217.119 0 1
2.97915 11.7358 0.570252 0.15758 0.635219 0.756086 217.237 0 1
2.40095 11.8708 0.56617 0.127565 0.641953 0.756058 217.339 0 1
1.88727 11.934 0.586552 0.0971177 0.647147 0.756154 217.453 0 1
1.33617 12.0081 0.581763 0.066434 0.650705 0.756419 217.578 0 1
0.72211 12.0753 0.566872 0.0357228 0.652572 0.756885 217.703 0 1
0.0880649 12.0849 0.5757 0.00513193 0.652755 0.757552 217.829 0 1
-0.53836 12.0691 0.578543 -0.0252965 0.651321 0.758381 217.947 0 1
-1.12595 12.0324 0.574889 -0.0556119 0.648379 0.759284 218.051 0 1
-1.64271 11.9619 0.580267 -0.0858975 0.644059 0.760138 218.166 0 1
-2.20499 11.8745 0.578803 -0.116209 0.638486 0.76081 218.279 0 1
-2.75217 11.7686 0.578833 -0.14653 0.631771 0.761179 218.408 0 1
-3.37615 11.6235 0.573107 -0.17676 0.624014 0.761159 218.526 0 1
-3.94244 11.4508 0.571059 -0.206713 0.615304 0.760705 218.628 0 1
-4.42271 11.2701 0.572605 -0.236156 0.605698 0.759842 218.743 0 1
-4.95286 11.0341 0.578071 -0.264866 0.595187 0.758682 218.862 0 1
-5.48666 10.7837 0.573462 -0.292678 0.583672 0.757408 218.964 0 1
-5.93588 10.5409 0.575417 -0.319511 0.570982 0.756236 219.067 0 1
-6.37391 10.2728 0.577667 -0.345356 0.556935 0.755349 219.184 0 1
-6.86175 9.94894 0.577132 -0.370249 0.541399 0.754853 219.286 0 1
-7.28099 9.66465 0.567745 -0.39425 0.524326 0.754751 219.394 0 1
-7.70417 9.32286 0.580665 -0.417425 0.505745 0.754969 219.517 0 1
-8.17157 8.93296 0.573819 -0.439839 0.485739 0.75538 219.626 0 1
-8.56628 8.5525 0.576489 -0.461532 0.464416 0.755848 219.73 0 1
-8.92735 8.1835 0.572109 -0.482486 0.441903 0.75626 219.836 0 1
-9.27561 7.77847 0.577483 -0.502622 0.418346 0.756543 219.938 0 1
-9.59402 7.38151 0.576253 -0.521808 0.39391 0.756671 220.064 0 1
-9.96425 6.87453 0.572365 -0.539898 0.368764 0.756653 220.183 0 1
-10.271 6.36482 0.591992 -0.556767 0.343046 0.756525 220.306 0 1
-10.5825 5.85326 0.577154 -0.572331 0.316831 0.756343 220.432 0 1
-10.8642 5.29417 0.57989 -0.586553 0.290104 0.756171 220.55 0 1
-11.1037 4.75872 0.584233 -0.599418 0.262793 0.756067 220.66 0 1
-11.31 4.25855 0.581864 -0.610914 0.234816 0.756073 220.765 0 1
-11.4859 3.77506 0.578399 -0.62101 0.206136 0.75621 220.87 0 1
-11.6213 3.26823 0.596542 -0.629678 0.176782 0.756475 220.982 0 1
-11.7803 2.75596 0.578025 -0.636906 0.146836 0.756829 221.106 0 1
-11.9101 2.14914 0.572489 -0.642719 0.116413 0.757206 221.213 0 1
-11.9849 1.62187 0.578639 -0.647162 0.0856299 0.757528 221.339 0 1
-12.0471 0.996259 0.581585 -0.650274 0.0546201 0.757734 221.45 0 1
-12.0835 0.450839 0.575649 -0.652068 0.0235663 0.757794 221.56 0 1
-12.0942 -0.0971784 0.573696 -0.652548 -0.00723189 0.757713 221.687 0 1
-12.08 -0.737036 0.567387 -0.651753 -0.037322 0.757512 221.809 0 1
-12.0217 -1.34775 0.571118 -0.649798 -0.0661455 0.757223 221.917 0 1
-11.9387 -1.88653 0.579542 -0.646875 -0.0931785 0.756882 222.027 0 1
-11.8342 -2.42012 0.586574 -0.643217 -0.118108 0.75652 222.131 0 1
-11.7306 -2.92283 0.575134 -0.639039 -0.140955 0.756149 222.232 0 1
-11.5731 -3.39821 0.59458 -0.634496 -0.162096 0.755738 222.264 0 1
-11.5313 -3.549 0.590638 -0.629669 -0.182165 0.755204 222.279 0 1
-11.5111 -3.61651 0.589416 -0.62458 -0.201904 0.754409 222.279 0 1
