-0.437179 0.0279815 0.879131 -0.0523862 0.00920323 0.998575
-0.114124 0.434663 0.882022 -0.0329328 0.0340705 0.998874
0.409292 0.237029 0.895223 0.000589394 0.013838 0.999855
0.360618 -0.269245 0.891386 0.00833902 -0.019648 0.999761
-0.154383 -0.393173 0.8846 -0.0186871 -0.0240794 0.999528
-0.434072 0.0134533 0.879364 -0.0468729 0.00251349 0.99888
-1.16613 -0.189919 0.833732 -0.0738145 0.0040661 0.997259
-0.936682 -0.70291 0.846102 -0.0564509 -0.0175039 0.998243
-0.504015 -1.07038 0.851098 -0.0247235 -0.0558481 0.998111
0.00517079 -1.18811 0.849754 -0.00169988 -0.0748047 0.997195
0.571658 -1.04373 0.853382 0.0319103 -0.0743414 0.996717
0.992314 -0.694932 0.856472 0.0557919 -0.0597128 0.996655
1.19273 -0.226941 0.865811 0.0561789 -0.0243487 0.998096
1.16928 0.30023 0.869845 0.066201 0.0250793 0.997455
0.946351 0.782261 0.853237 0.0528373 0.085801 0.994902
0.413522 1.13303 0.842285 0.0288577 0.0909188 0.995438
-0.190856 1.18261 0.840689 -0.0120228 0.0790717 0.996796
-0.77161 0.915006 0.834644 -0.0523821 0.0509194 0.997321
-1.15019 0.368223 0.828111 -0.0765601 0.0213393 0.996832
-1.19127 -0.0592993 0.830947 -0.0764785 0.00723013 0.997043
-1.95024 -0.110633 0.759111 -0.117305 0.00513059 0.993079
-1.80629 -0.667285 0.772054 -0.120077 -0.0229237 0.992485
-1.54192 -1.14443 0.783268 -0.113624 -0.0531795 0.992074
-1.10027 -1.59281 0.790777 -0.0733701 -0.0986452 0.992401
-0.608228 -1.83563 0.780424 -0.0147836 -0.1277 0.991686
-0.0856918 -1.93102 0.773555 -0.0117537 -0.131253 0.991272
0.429405 -1.89357 0.773877 0.0331153 -0.122459 0.991903
0.968657 -1.68154 0.768519 0.0718926 -0.116417 0.990595
1.39078 -1.35423 0.768822 0.0968269 -0.106548 0.98958
1.72446 -0.925672 0.777281 0.106998 -0.0874572 0.990394
1.91565 -0.433094 0.784228 0.14092 -0.0433146 0.989054
1.95567 0.156396 0.787689 0.144745 0.0169726 0.989311
1.84325 0.656476 0.781281 0.127229 0.0897766 0.987787
1.61308 1.1246 0.761466 0.104648 0.110476 0.988352
1.24826 1.50675 0.752824 0.0868416 0.121294 0.988807
0.780466 1.77113 0.755766 0.0653221 0.127713 0.989647
0.220701 1.92828 0.761223 0.0277785 0.125647 0.991684
-0.303725 1.92107 0.768351 -0.00681048 0.112481 0.993607
-0.830222 1.76818 0.768394 -0.0464273 0.0948218 0.994411
-1.25215 1.48365 0.763327 -0.0844694 0.0843455 0.992849
-1.59195 1.11202 0.759971 -0.0953378 0.060343 0.993614
-1.84705 0.624441 0.759418 -0.100683 0.0336926 0.994338
-1.95063 0.0513703 0.757899 -0.118871 0.00750001 0.992881
-2.70534 -0.00925072 0.650433 -0.180208 -0.00159574 0.983617
-2.65941 0.509004 0.6531 -0.165888 0.0258609 0.985773
-2.49524 1.03215 0.651316 -0.161063 0.0704164 0.984419
-2.25088 1.47307 0.651097 -0.141443 0.0936361 0.985494
-1.87942 1.91265 0.650452 -0.131469 0.124896 0.983421
-1.47057 2.25897 0.655313 -0.109438 0.137865 0.984382
-1.02068 2.49642 0.660568 -0.0693432 0.174942 0.982087
-0.473506 2.64075 0.658155 -0.0231791 0.187379 0.982006
0.0813497 2.67832 0.651076 0.0203781 0.175783 0.984213
0.600435 2.60408 0.6478 0.0401 0.157292 0.986721
1.08943 2.45229 0.641031 0.0808021 0.13576 0.987427
1.5614 2.20407 0.62962 0.100304 0.138184 0.985314
1.94154 1.87586 0.635477 0.108979 0.131562 0.98529
2.25235 1.48247 0.645764 0.142395 0.107303 0.983976
2.52594 0.943343 0.653781 0.174551 0.078149 0.981527
2.65957 0.452837 0.656734 0.194794 0.0325725 0.980276
2.69939 -0.154594 0.654489 0.204527 -0.0116393 0.978788
2.61839 -0.674046 0.655995 0.191492 -0.0402764 0.980664
2.39711 -1.25054 0.657973 0.155913 -0.0903597 0.983549
2.08304 -1.70155 0.652923 0.125182 -0.117937 0.985089
1.65969 -2.1012 0.646477 0.104566 -0.148275 0.983402
1.21693 -2.39892 0.643708 0.0887988 -0.164528 0.98236
0.739849 -2.587 0.646862 0.063247 -0.182689 0.981134
0.124432 -2.67362 0.649043 0.00117174 -0.197569 0.980276
-0.411458 -2.63408 0.650819 -0.0196207 -0.195644 0.980473
-0.903694 -2.50653 0.66036 -0.0450879 -0.195817 0.979598
-1.36988 -2.29831 0.668969 -0.0891831 -0.180887 0.979449
-1.77574 -1.99966 0.668373 -0.134426 -0.14983 0.97953
-2.13147 -1.58819 0.664936 -0.157199 -0.103423 0.982134
-2.40057 -1.15318 0.661858 -0.168649 -0.0823902 0.982212
-2.61789 -0.575047 0.655375 -0.171132 -0.036802 0.984536
-2.70464 -0.0249064 0.650471 -0.175057 -0.00891098 0.984481
-2.70535 -0.0146601 0.650405 -0.183296 -0.00555057 0.983042
-3.44269 -0.0236136 0.49442 -0.230325 -0.00701253 0.973086
-3.37606 -0.568688 0.495022 -0.230365 -0.0436632 0.972118
-3.22807 -1.06563 0.500032 -0.229236 -0.0728691 0.970631
-3.01726 -1.5499 0.503703 -0.215379 -0.0982687 0.971571
-2.76099 -1.9807 0.505649 -0.205286 -0.137203 0.969019
-2.43466 -2.38195 0.502855 -0.17572 -0.16834 0.969926
-2.0337 -2.7341 0.503174 -0.144095 -0.192908 0.970554
-1.5367 -3.04336 0.497413 -0.0919941 -0.222356 0.970585
-1.06772 -3.22885 0.489996 -0.0603529 -0.229862 0.971342
-0.434384 -3.37614 0.485227 -0.0350544 -0.231471 0.972207
0.0825105 -3.4014 0.486513 0.000177806 -0.234534 0.972105
0.60408 -3.36645 0.484697 0.0396435 -0.231102 0.9721
1.09683 -3.24806 0.483028 0.0704063 -0.2198 0.972998
1.70867 -2.96543 0.487174 0.111306 -0.200575 0.97332
2.146 -2.66514 0.488764 0.137684 -0.182745 0.973471
2.55221 -2.28552 0.493624 0.172656 -0.164716 0.97107
2.93419 -1.77362 0.496338 0.204346 -0.130185 0.970197
3.20116 -1.25349 0.495518 0.228096 -0.0865585 0.969763
3.38535 -0.635476 0.487788 0.234118 -0.0372715 0.971489
3.43987 -0.0320284 0.488909 0.233508 -0.0154312 0.972232
3.38664 0.537961 0.498787 0.219926 0.0284726 0.975079
3.26327 1.03445 0.50019 0.216882 0.0729023 0.973465
3.04329 1.56778 0.499345 0.204327 0.0999687 0.973776
2.76348 2.04791 0.492162 0.179527 0.146901 0.972705
2.43586 2.4399 0.485274 0.158685 0.174898 0.971685
2.04328 2.76994 0.483583 0.133757 0.172566 0.975874
1.49281 3.08752 0.495929 0.112041 0.182898 0.976721
0.978127 3.27231 0.505582 0.0628604 0.209181 0.975818
0.467305 3.37609 0.500514 0.020301 0.227103 0.973655
-0.105475 3.41472 0.496827 -0.00198365 0.230724 0.973011
-0.664836 3.35979 0.499459 -0.0308358 0.231207 0.97241
-1.15939 3.23359 0.504591 -0.0688448 0.220935 0.972845
-1.70428 2.9801 0.507298 -0.112686 0.192867 0.97473
-2.17061 2.64304 0.501203 -0.157014 0.15609 0.975183
-2.5514 2.28176 0.494868 -0.169888 0.144386 0.974817
-2.90536 1.83528 0.491169 -0.193617 0.127598 0.972741
-3.14585 1.39576 0.494499 -0.207339 0.105564 0.972547
-3.32565 0.86381 0.500209 -0.219526 0.0627274 0.973578
-3.42695 0.3407 0.497807 -0.227961 0.017808 0.973485
-3.44922 0.122981 0.493853 -0.233881 -0.00328009 0.972253
-4.16545 0.15727 0.309829 -0.260378 0.0043936 0.965497
-4.09461 0.763508 0.311806 -0.255814 0.042136 0.965807
-3.95985 1.29949 0.310827 -0.25017 0.0803174 0.964864
-3.75785 1.79817 0.308877 -0.230252 0.114024 0.966416
-3.41198 2.37596 0.311593 -0.214154 0.13684 0.967166
-3.08503 2.7652 0.318275 -0.194431 0.166657 0.966643
-2.70971 3.13668 0.319812 -0.171403 0.191809 0.966349
-2.26182 3.48508 0.323209 -0.149499 0.216065 0.964846
-1.82789 3.74286 0.32019 -0.108128 0.2383 0.96514
-1.33529 3.94753 0.312462 -0.0730507 0.2517 0.965044
-0.815128 4.08022 0.309392 -0.0428081 0.25875 0.964981
-0.233319 4.13157 0.311957 -0.0123973 0.262261 0.964911
0.308216 4.12405 0.314356 0.0137204 0.257786 0.966092
0.912885 4.03833 0.316898 0.051988 0.258526 0.964604
1.41708 3.89677 0.317083 0.0899721 0.251167 0.963749
1.90417 3.69014 0.312651 0.1256 0.225413 0.966133
2.39316 3.40835 0.305005 0.149302 0.203911 0.967534
2.8083 3.09534 0.300664 0.164885 0.186565 0.968499
3.20411 2.668 0.303156 0.195904 0.163738 0.966837
3.54018 2.1618 0.309428 0.22309 0.140573 0.964601
3.79886 1.67136 0.312506 0.240971 0.112572 0.963974
3.97927 1.18916 0.315117 0.254861 0.0805273 0.963605
4.10221 0.694587 0.31347 0.2596 0.041697 0.9648
4.1668 0.0966688 0.306662 0.257833 -0.00112571 0.966178
4.14302 -0.520177 0.299867 0.253423 -0.034996 0.966718
4.03168 -1.03248 0.303891 0.251289 -0.0628034 0.965867
3.84151 -1.58361 0.307498 0.244303 -0.091175 0.965403
3.54264 -2.16538 0.307741 0.21813 -0.134568 0.966584
3.24613 -2.57523 0.308153 0.203331 -0.163938 0.965282
2.88059 -2.98337 0.306472 0.181165 -0.182066 0.966453
2.47254 -3.34514 0.30592 0.153335 -0.197712 0.968193
2.03085 -3.62862 0.307286 0.118347 -0.21792 0.96876
1.49014 -3.87143 0.306741 0.0828442 -0.231935 0.969186
0.945838 -4.04877 0.301021 0.0489451 -0.247505 0.967649
0.36941 -4.12094 0.302697 0.0182573 -0.252729 0.967364
-0.273912 -4.12695 0.29944 -0.0166078 -0.250943 0.967854
-0.771986 -4.06148 0.300556 -0.0429302 -0.248743 0.967614
-1.37398 -3.88884 0.307729 -0.0770289 -0.242333 0.967113
-1.89336 -3.66493 0.312143 -0.113873 -0.234008 0.965534
-2.40125 -3.37257 0.310602 -0.151832 -0.214394 0.964868
-2.82099 -3.02422 0.310543 -0.180996 -0.186094 0.965716
-3.17498 -2.6277 0.312618 -0.202497 -0.166432 0.965036
-3.57148 -2.05694 0.312963 -0.224316 -0.135968 0.964981
-3.84896 -1.46132 0.315367 -0.241728 -0.0942236 0.965743
-4.02585 -0.959701 0.311393 -0.248052 -0.0667066 0.966444
-4.14966 -0.319329 0.310214 -0.259021 -0.0288084 0.96543
-4.16191 0.0200527 0.31144 -0.259401 -0.000179174 0.965758
-4.8808 -0.0608527 0.115393 -0.257527 -0.00775564 0.966222
-4.86851 0.509014 0.113012 -0.258563 0.0251865 0.965658
-4.75776 1.11496 0.115368 -0.255131 0.0612083 0.964956
-4.61363 1.62627 0.112991 -0.247917 0.0840165 0.96513
-4.3976 2.12837 0.114496 -0.235214 0.113032 0.965334
-4.11574 2.66975 0.109759 -0.221031 0.139569 0.965215
-3.79654 3.05642 0.119799 -0.207289 0.161222 0.964903
-3.45989 3.43036 0.120471 -0.188981 0.187695 0.963876
-2.99535 3.8392 0.121256 -0.167883 0.210883 0.962981
-2.59284 4.13614 0.119949 -0.143686 0.224018 0.96393
-2.11481 4.40034 0.118964 -0.113481 0.242059 0.963601
-1.60954 4.61046 0.117869 -0.0837738 0.248108 0.965084
-1.08709 4.7685 0.11295 -0.0518266 0.252942 0.966086
-0.507649 4.8373 0.116388 -0.0231385 0.256707 0.966204
0.0094228 4.86102 0.116411 0.000266404 0.259155 0.965818
0.510486 4.83479 0.117058 0.0235764 0.263332 0.964415
1.03201 4.74647 0.120051 0.055093 0.257903 0.964589
1.52263 4.61979 0.11829 0.0811876 0.250973 0.96458
2.03079 4.42891 0.117452 0.106134 0.23854 0.965309
2.56226 4.16999 0.112497 0.133798 0.217169 0.966919
3.10989 3.76862 0.114231 0.158389 0.199336 0.96704
3.5495 3.39186 0.109113 0.178886 0.179961 0.967271
3.8899 2.99277 0.108577 0.204715 0.148782 0.96743
4.16624 2.53084 0.113759 0.218359 0.12894 0.967308
4.42571 2.03058 0.114779 0.233646 0.107563 0.966344
4.64588 1.45967 0.116134 0.248816 0.0836403 0.964924
4.78938 0.901483 0.115986 0.254127 0.0481348 0.965966
4.88055 0.316388 0.112045 0.25456 0.0190531 0.966861
4.87071 -0.349391 0.112209 0.255681 -0.0221009 0.9665
4.81104 -0.872648 0.110115 0.247923 -0.042245 0.967856
4.64813 -1.48885 0.113385 0.238322 -0.0723492 0.968487
4.47918 -1.97233 0.110198 0.233131 -0.10234 0.967044
4.21514 -2.46836 0.111857 0.218407 -0.132903 0.966758
3.85025 -2.98589 0.112698 0.198838 -0.157886 0.967221
3.48654 -3.4106 0.111069 0.183063 -0.174351 0.967512
3.00282 -3.83773 0.116096 0.163754 -0.196151 0.966794
2.60098 -4.14933 0.11225 0.137642 -0.214563 0.966951
2.06362 -4.41965 0.118019 0.108235 -0.235947 0.965702
1.58629 -4.63192 0.111085 0.0777612 -0.240883 0.967406
1.08486 -4.77146 0.107652 0.0485177 -0.246666 0.967875
0.54491 -4.84324 0.109904 0.024752 -0.250925 0.967674
0.0179424 -4.86886 0.110011 0.000760395 -0.247602 0.968852
-0.503819 -4.84978 0.108676 -0.0239626 -0.247838 0.968495
-1.11298 -4.72126 0.11503 -0.056768 -0.243695 0.968174
-1.6198 -4.57629 0.11428 -0.0856557 -0.239866 0.967009
-2.0941 -4.37431 0.115454 -0.110502 -0.234579 0.96579
-2.54708 -4.13144 0.116328 -0.133117 -0.22068 0.966202
-3.01249 -3.81249 0.116751 -0.159964 -0.203701 0.965867
-3.44623 -3.41836 0.116864 -0.186627 -0.178589 0.966045
-3.79056 -3.0014 0.118278 -0.207298 -0.158363 0.96537
-4.11719 -2.56612 0.11287 -0.221584 -0.137784 0.965349
-4.36763 -2.07647 0.117856 -0.234096 -0.114883 0.96539
-4.57137 -1.61621 0.116972 -0.246824 -0.0912511 0.964754
-4.74111 -1.04427 0.117107 -0.255056 -0.0588911 0.965131
-4.8592 -0.474411 0.112643 -0.261443 -0.0317944 0.964694
-4.86764 -0.217681 0.116784 -0.263288 -0.0153582 0.964584
-4.86983 -0.188728 0.11651 -0.260625 -0.0122305 0.965356
