-0.401058 0.0953739 4.92629 -0.0228897 0.00188046 0.999723
-0.122477 -0.359288 4.9231 -0.00837958 -0.0308706 0.999477
0.342457 -0.14397 4.9243 0.0219118 -0.0117699 0.999675
0.164738 0.3574 4.92343 0.0197987 0.0249665 0.999491
-0.297242 0.283812 4.92598 -0.014745 0.0172974 0.999731
-0.381252 0.155962 4.92634 -0.0193544 0.00975947 0.999751
-1.073 0.306279 4.89509 -0.067166 0.0154987 0.99762
-1.05375 -0.294357 4.89135 -0.0646542 -0.0340388 0.997319
-0.72523 -0.783752 4.88861 -0.0491226 -0.0480503 0.997634
-0.14189 -1.0793 4.88387 -0.0051433 -0.0725668 0.997343
0.402122 -1.00614 4.88571 0.0219374 -0.0745361 0.996959
0.89844 -0.582358 4.88826 0.0635828 -0.0487741 0.996776
1.08474 -0.020178 4.88463 0.0798801 -0.000787317 0.9968
0.968985 0.489304 4.88339 0.0696424 0.0323447 0.997046
0.558502 0.939546 4.88715 0.0540037 0.0588349 0.996797
0.083937 1.09644 4.89207 0.00395608 0.0759429 0.997079
-0.46484 1.00996 4.89441 -0.0188995 0.0636767 0.997786
-0.952503 0.601417 4.89625 -0.062308 0.0388668 0.997284
-1.04888 0.398625 4.8952 -0.0650482 0.0197919 0.997678
-1.7284 0.596822 4.82907 -0.109755 0.0342421 0.99335
-1.80901 0.0965452 4.82719 -0.125644 -0.00536364 0.992054
-1.73701 -0.442846 4.82448 -0.125766 -0.0386845 0.991298
-1.52447 -0.930879 4.82299 -0.096281 -0.0540869 0.993878
-1.1901 -1.31023 4.82963 -0.0752792 -0.0661442 0.994954
-0.750196 -1.61737 4.8275 -0.0358089 -0.10925 0.993346
-0.135867 -1.78713 4.81683 -0.00755759 -0.125148 0.992106
0.416464 -1.73109 4.81672 0.0350633 -0.12142 0.991975
0.88991 -1.53541 4.81561 0.0681757 -0.106969 0.991912
1.29531 -1.20854 4.81411 0.0920869 -0.0867821 0.991957
1.6127 -0.745487 4.8161 0.111896 -0.0550765 0.99218
1.77392 -0.230643 4.81562 0.121391 -0.0169524 0.992451
1.75134 0.325265 4.81741 0.105673 0.0228381 0.994108
1.57858 0.85434 4.81051 0.0997078 0.0616602 0.993101
1.26189 1.28212 4.80881 0.0877798 0.0844005 0.992553
0.843648 1.58976 4.81345 0.0663631 0.0975675 0.993006
0.343878 1.76772 4.82082 0.0396342 0.11643 0.992394
-0.21196 1.79772 4.82584 0.000983661 0.118392 0.99296
-0.751008 1.64528 4.82915 -0.0433851 0.10684 0.993319
-1.22878 1.3397 4.82855 -0.0828076 0.0894197 0.992539
-1.55696 0.950282 4.82845 -0.100801 0.0671122 0.992636
-1.70012 0.677194 4.82898 -0.105393 0.0444454 0.993416
-2.34027 0.958958 4.72218 -0.169321 0.0627327 0.983557
-1.99856 1.52513 4.72502 -0.141609 0.107872 0.984026
-1.62673 1.90751 4.72703 -0.116982 0.131724 0.98436
-1.17754 2.22169 4.72703 -0.0803756 0.153096 0.984923
-0.705973 2.41614 4.72569 -0.0432322 0.158524 0.986404
-0.138193 2.51156 4.72168 -0.00411956 0.17132 0.985202
0.427275 2.46018 4.7225 0.0299153 0.158412 0.986915
0.913533 2.31059 4.7261 0.0556658 0.141422 0.988367
1.41488 2.05651 4.72187 0.0926959 0.112373 0.989287
1.90912 1.61736 4.70885 0.123439 0.0982855 0.987473
2.19152 1.19152 4.7091 0.152292 0.0844922 0.984714
2.37658 0.702174 4.71294 0.164767 0.0518255 0.98497
2.48841 0.0590702 4.71303 0.168829 0.00244437 0.985627
2.43056 -0.508851 4.71298 0.165146 -0.0355451 0.985613
2.20503 -1.1378 4.70762 0.160326 -0.0899126 0.982957
1.86563 -1.62049 4.7049 0.135684 -0.119771 0.983484
1.46446 -1.98475 4.70653 0.108182 -0.138792 0.98439
0.905789 -2.29829 4.71156 0.0786152 -0.162224 0.9836
0.41847 -2.43968 4.71531 0.0409943 -0.161445 0.986023
-0.174425 -2.48627 4.71205 -0.0122538 -0.179676 0.983638
-0.693197 -2.39375 4.71296 -0.0409056 -0.185473 0.981797
-1.23289 -2.15306 4.72407 -0.078399 -0.172819 0.981818
-1.63722 -1.84068 4.73126 -0.110616 -0.130478 0.985224
-1.99323 -1.46854 4.72417 -0.158591 -0.0958394 0.982671
-2.2793 -0.991248 4.71379 -0.170334 -0.0670885 0.9831
-2.44543 -0.500886 4.71342 -0.173726 -0.0448415 0.983767
-2.50264 0.111279 4.71845 -0.186566 -0.00761648 0.982396
-2.43514 0.657748 4.72096 -0.181159 0.0392567 0.982654
-2.37721 0.862393 4.72166 -0.173554 0.0559628 0.983217
-3.01928 1.10255 4.58168 -0.211655 0.070794 0.974771
-3.15771 0.514453 4.57846 -0.217014 0.0270921 0.975788
-3.20282 -0.0623844 4.57532 -0.211571 -0.00057644 0.977352
-3.12828 -0.609163 4.57913 -0.204831 -0.0391323 0.97799
-2.98484 -1.10248 4.57611 -0.190975 -0.0768106 0.978578
-2.76263 -1.54996 4.57722 -0.187479 -0.101066 0.977053
-2.43217 -2.01889 4.58517 -0.177831 -0.125271 0.976048
-2.03484 -2.41965 4.58851 -0.137916 -0.17846 0.974197
-1.56454 -2.75102 4.58045 -0.103066 -0.200716 0.97421
-1.08926 -2.99118 4.5726 -0.0696235 -0.212649 0.974645
-0.564424 -3.13007 4.56878 -0.0395175 -0.215482 0.975703
0.000115826 -3.18004 4.57071 -0.00319473 -0.219878 0.975508
0.555724 -3.12043 4.57109 0.0477685 -0.215518 0.975321
1.13239 -2.95624 4.56977 0.0775398 -0.209432 0.97474
1.6419 -2.68835 4.57525 0.104549 -0.175579 0.978887
2.04652 -2.39759 4.57191 0.145303 -0.144369 0.978797
2.47286 -1.98075 4.56496 0.15909 -0.133084 0.978251
2.78643 -1.51791 4.56931 0.171105 -0.108538 0.979256
3.01935 -0.953974 4.57483 0.198313 -0.0641823 0.978027
3.162 -0.302891 4.57597 0.217311 -0.0307154 0.97561
3.16731 0.202881 4.57758 0.225629 0.0161925 0.974071
3.095 0.703783 4.57623 0.211117 0.0560366 0.975832
2.90258 1.28707 4.57422 0.193773 0.0883133 0.977062
2.66482 1.76746 4.57089 0.17756 0.105737 0.978409
2.27392 2.2387 4.58367 0.162303 0.122385 0.979117
1.81141 2.6251 4.60004 0.138201 0.151767 0.978693
1.36467 2.87796 4.60496 0.0801634 0.180815 0.980234
0.826065 3.0671 4.59905 0.0404738 0.203325 0.978268
0.316387 3.17894 4.58948 0.0132801 0.213046 0.976948
-0.290792 3.19535 4.58609 -0.0117182 0.207379 0.97819
-0.851356 3.10235 4.58932 -0.0507089 0.204197 0.97759
-1.35898 2.9125 4.5874 -0.0963533 0.19787 0.975479
-1.81115 2.64755 4.58803 -0.121587 0.179698 0.976168
-2.21183 2.3152 4.58692 -0.151289 0.155866 0.976116
-2.58476 1.88523 4.58628 -0.172499 0.129921 0.9764
-2.89659 1.40583 4.58292 -0.201638 0.0941123 0.974899
-2.97741 1.21679 4.58213 -0.209775 0.0764286 0.974751
-3.62402 1.41601 4.4126 -0.241777 0.0920957 0.965948
-3.78223 0.86555 4.41193 -0.253701 0.050892 0.96594
-3.87698 0.240115 4.40822 -0.267605 0.0206479 0.963307
-3.87057 -0.29523 4.41298 -0.252869 -0.00898927 0.967434
-3.79415 -0.792067 4.41598 -0.245467 -0.0609488 0.967439
-3.64967 -1.27273 4.41082 -0.239906 -0.102341 0.965375
-3.43719 -1.739 4.41031 -0.231332 -0.116751 0.965833
-3.12079 -2.25417 4.41142 -0.217476 -0.151144 0.964276
-2.72698 -2.70509 4.41529 -0.18886 -0.189923 0.963452
-2.311 -3.07619 4.41034 -0.156931 -0.220421 0.962682
-1.8671 -3.36199 4.40794 -0.131602 -0.23158 0.963872
-1.37415 -3.60173 4.4054 -0.0975998 -0.247946 0.963833
-0.887658 -3.75321 4.40368 -0.052524 -0.253563 0.965886
-0.324421 -3.84939 4.40098 -0.0264068 -0.265004 0.963885
0.24885 -3.86577 4.39812 0.017726 -0.26135 0.965069
0.790342 -3.76679 4.40375 0.0564192 -0.251292 0.966244
1.33886 -3.60782 4.40609 0.0724973 -0.235362 0.9692
1.79551 -3.39489 4.4163 0.097036 -0.226311 0.969181
2.29596 -3.07388 4.42049 0.144817 -0.193746 0.970292
2.72387 -2.70325 4.41606 0.175852 -0.159339 0.971427
3.09282 -2.30128 4.41026 0.19853 -0.150605 0.968451
3.42348 -1.7804 4.41283 0.224467 -0.122704 0.966703
3.63833 -1.25428 4.41495 0.23849 -0.0772516 0.968066
3.79444 -0.673052 4.41306 0.247924 -0.0473092 0.967614
3.85913 -0.0669891 4.41149 0.251874 -0.00438543 0.967744
3.80831 0.5937 4.40764 0.258103 0.040996 0.965235
3.67742 1.09827 4.41349 0.244856 0.0680347 0.967164
3.52618 1.60875 4.40865 0.237588 0.0927129 0.966928
3.29247 2.06997 4.41085 0.207733 0.116859 0.971175
2.97928 2.5047 4.41658 0.191476 0.143083 0.971011
2.56973 2.90086 4.43172 0.174631 0.170059 0.969818
2.10916 3.24471 4.43963 0.151514 0.230657 0.96112
1.64886 3.50568 4.43435 0.110268 0.264188 0.958136
1.16602 3.69198 4.4281 0.0743302 0.267844 0.960589
0.673423 3.81561 4.42138 0.0418481 0.275649 0.960343
0.0396609 3.88784 4.41746 0.010424 0.269725 0.962879
-0.557311 3.84864 4.42129 -0.0303338 0.2641 0.964013
-1.06202 3.7545 4.4192 -0.0789749 0.255153 0.963643
-1.60113 3.54717 4.41741 -0.113763 0.243344 0.963242
-2.05966 3.29625 4.41929 -0.143513 0.224654 0.963807
-2.62045 2.86899 4.41864 -0.178639 0.198429 0.963689
-3.03263 2.44181 4.41594 -0.197055 0.162799 0.966774
-3.34338 1.99637 4.41631 -0.221841 0.130003 0.96637
-3.59753 1.48764 4.41225 -0.239347 0.0973495 0.966033
-4.229 1.72716 4.21383 -0.281051 0.109787 0.953382
-3.99649 2.20941 4.21756 -0.270965 0.135719 0.952972
-3.71987 2.67625 4.21756 -0.244514 0.175503 0.953592
-3.39459 3.0598 4.2185 -0.212622 0.216253 0.952904
-2.95644 3.47729 4.21627 -0.200518 0.234085 0.951313
-2.47657 3.83002 4.21446 -0.174039 0.264989 0.948406
-2.03938 4.08266 4.21608 -0.149797 0.277888 0.948853
-1.4453 4.34729 4.21462 -0.0980808 0.294403 0.95054
-0.935184 4.4681 4.2174 -0.0582691 0.320058 0.945575
-0.32232 4.54783 4.21333 -0.0228863 0.308127 0.951069
0.217699 4.54841 4.21475 0.0208431 0.299828 0.953725
0.773659 4.48761 4.21143 0.0482149 0.304413 0.951315
1.31853 4.36446 4.21542 0.078881 0.299834 0.950722
1.83795 4.16099 4.22451 0.112935 0.281255 0.952946
2.30558 3.91463 4.23016 0.151481 0.274922 0.94945
2.72308 3.62685 4.23764 0.183807 0.253297 0.949756
3.16488 3.27533 4.2357 0.211525 0.225486 0.950964
3.60782 2.80903 4.23058 0.226331 0.179595 0.95735
3.91304 2.36214 4.22573 0.2506 0.131831 0.959061
4.17233 1.81716 4.21917 0.271349 0.0993186 0.957333
4.33855 1.30583 4.21679 0.289601 0.0765586 0.954058
4.47638 0.732548 4.20759 0.304906 0.0439432 0.951364
4.52938 0.0762848 4.21043 0.314968 0.0164659 0.948955
4.50255 -0.529045 4.21479 0.306909 -0.0263978 0.951357
4.39991 -1.04075 4.22132 0.285469 -0.0634643 0.956265
4.2475 -1.55961 4.2204 0.279309 -0.0995674 0.955021
4.01173 -2.10517 4.21956 0.26398 -0.134135 0.955138
3.71117 -2.60872 4.21764 0.242075 -0.171451 0.954985
3.31763 -3.07038 4.22751 0.237079 -0.18622 0.953463
2.90911 -3.45032 4.23902 0.187546 -0.203983 0.96083
2.41057 -3.82951 4.23269 0.142157 -0.242273 0.959712
1.85967 -4.12642 4.22678 0.108782 -0.265028 0.958062
1.22016 -4.35966 4.21582 0.0670433 -0.287058 0.955556
0.621107 -4.48804 4.20591 0.0323684 -0.29687 0.954349
0.0686297 -4.54615 4.20044 0.0109163 -0.305501 0.952105
-0.526057 -4.50448 4.20732 -0.0256584 -0.297502 0.954376
-1.10134 -4.38672 4.21131 -0.0758197 -0.284601 0.955635
-1.63593 -4.21871 4.20975 -0.107153 -0.289018 0.951305
-2.12466 -4.00022 4.20771 -0.147642 -0.269278 0.951649
-2.62212 -3.68036 4.2072 -0.175978 -0.249557 0.952233
-3.04764 -3.3373 4.21119 -0.198817 -0.233558 0.951788
-3.41286 -2.96036 4.21669 -0.229413 -0.200372 0.952445
-3.75628 -2.52241 4.2093 -0.266971 -0.160967 0.950163
-4.04849 -2.01745 4.20372 -0.287467 -0.142101 0.947184
-4.28789 -1.46091 4.20887 -0.297021 -0.12336 0.946865
-4.4453 -0.949515 4.2178 -0.305996 -0.0890767 0.947845
-4.53579 -0.413185 4.21905 -0.313817 -0.0213842 0.949229
-4.5449 0.202053 4.20996 -0.310709 0.0244613 0.950185
-4.49722 0.737908 4.20789 -0.317277 0.041499 0.947424
-4.37084 1.2657 4.21645 -0.302859 0.0767252 0.94994
-4.26043 1.6407 4.2141 -0.286272 0.104164 0.95246
-4.87769 1.87114 3.982 -0.331812 0.121104 0.935524
-4.63184 2.42543 3.98417 -0.322353 0.155527 0.933755
-4.37681 2.87816 3.98902 -0.296441 0.17539 0.938802
-3.96446 3.42554 3.99311 -0.256118 0.231793 0.938409
-3.61512 3.78269 3.98628 -0.222185 0.265084 0.938274
-3.17521 4.15134 3.97769 -0.208711 0.291402 0.933528
-2.68207 4.47297 3.97623 -0.186111 0.318 0.929645
-2.20174 4.73716 3.97646 -0.166139 0.340691 0.92536
-1.64775 4.9682 3.97443 -0.11657 0.347323 0.930432
-1.15518 5.09777 3.97494 -0.0725398 0.35106 0.933537
-0.612392 5.1929 3.9757 -0.0552883 0.355612 0.932985
-0.109454 5.22679 3.98516 -0.0188321 0.371607 0.928198
0.446858 5.20615 3.98396 0.0514136 0.351837 0.934645
1.0641 5.11064 3.9811 0.0655545 0.342218 0.937318
1.60458 4.97022 3.98419 0.0979172 0.338553 0.935827
2.09745 4.7616 3.99675 0.134631 0.326273 0.935624
2.54567 4.53391 4.00064 0.163182 0.304385 0.938464
3.00502 4.24619 4.00477 0.196017 0.28866 0.937128
3.41078 3.93343 4.00504 0.228191 0.270361 0.935292
3.82923 3.55682 4.0024 0.249882 0.259432 0.932867
4.18798 3.16032 4.00354 0.277642 0.216493 0.93595
4.48516 2.73546 4.002 0.301994 0.185774 0.935026
4.70707 2.28647 4.00131 0.328732 0.129271 0.935472
4.92208 1.70699 3.99127 0.33856 0.0958843 0.936042
5.05717 1.20091 3.98301 0.351819 0.0622169 0.933989
5.14443 0.704918 3.97575 0.359106 0.0377218 0.932531
5.19705 0.149862 3.97345 0.362079 0.0222302 0.931876
5.18347 -0.413841 3.98241 0.352274 -0.0079225 0.93585
5.0966 -0.96776 3.99821 0.330251 -0.0495493 0.942565
4.97344 -1.49768 3.99589 0.317584 -0.104516 0.942449
4.81676 -1.97461 3.98901 0.318867 -0.126012 0.939382
4.5813 -2.45441 3.99843 0.296184 -0.148467 0.943518
4.27553 -2.95909 3.99854 0.266644 -0.199259 0.942956
3.97037 -3.35633 3.99265 0.257267 -0.221506 0.940605
3.61648 -3.72071 4.00144 0.263511 -0.243416 0.933431
3.21941 -4.06975 4.0122 0.230377 -0.269833 0.93492
2.79753 -4.36866 4.01592 0.188725 -0.298083 0.935676
2.35523 -4.62342 4.00764 0.144799 -0.329896 0.932846
1.85607 -4.85397 3.99535 0.118537 -0.336096 0.934319
1.28496 -5.0299 3.98946 0.0763419 -0.342504 0.936396
0.776822 -5.13744 3.97472 0.0336571 -0.361663 0.931701
0.214469 -5.20696 3.96274 0.0178218 -0.368271 0.929546
-0.393837 -5.19231 3.97099 -0.0139364 -0.369872 0.928962
-0.936365 -5.1093 3.98089 -0.0677446 -0.354855 0.932421
-1.49478 -4.9738 3.97606 -0.107998 -0.341531 0.933636
-2.01924 -4.78693 3.97705 -0.132507 -0.32905 0.934947
-2.60956 -4.4839 3.97551 -0.190747 -0.306017 0.932705
-3.10322 -4.13534 3.97891 -0.20872 -0.286046 0.935205
-3.60327 -3.73856 3.9769 -0.24385 -0.272043 0.930872
-3.9693 -3.33405 3.97973 -0.274985 -0.227075 0.934244
-4.29676 -2.92591 3.96657 -0.303801 -0.193176 0.932943
-4.617 -2.36964 3.96329 -0.317643 -0.161401 0.934362
-4.84974 -1.86398 3.96666 -0.322777 -0.143731 0.935492
-5.00429 -1.38741 3.97715 -0.339059 -0.113492 0.93387
-5.15138 -0.800738 3.97993 -0.35765 -0.0693295 0.93127
-5.21179 -0.200621 3.97503 -0.366352 0.00171468 0.930433
-5.19941 0.300609 3.96979 -0.364066 0.02861 0.930934
-5.15067 0.825851 3.96838 -0.359862 0.0452848 0.931906
-5.04307 1.40075 3.97158 -0.353711 0.0751817 0.932309
-4.88881 1.84143 3.98171 -0.339017 0.115316 0.933671
-5.51449 2.05053 3.71184 -0.378826 0.129033 0.916422
-5.28362 2.58594 3.71691 -0.358704 0.166074 0.918553
-5.0377 3.02619 3.72736 -0.357242 0.19902 0.912553
-4.73015 3.51143 3.72936 -0.337883 0.237987 0.910574
-4.37119 3.95259 3.72809 -0.302673 0.286548 0.908946
-3.97483 4.34603 3.71752 -0.259678 0.315715 0.912622
-3.54248 4.68338 3.71222 -0.225308 0.331208 0.91626
-3.05409 5.01305 3.70501 -0.204585 0.346198 0.915578
-2.45404 5.33155 3.70479 -0.16947 0.363543 0.916016
-1.95661 5.54225 3.70281 -0.143151 0.381463 0.913222
-1.45143 5.70046 3.70555 -0.102863 0.391006 0.914595
-0.936315 5.80513 3.70819 -0.0759389 0.391919 0.916859
-0.405578 5.86446 3.71392 -0.0332792 0.386991 0.921459
0.120728 5.86638 3.71826 0.0156232 0.402033 0.915484
0.702416 5.84162 3.71068 0.0400093 0.39988 0.915691
1.2501 5.74171 3.71807 0.0800415 0.38725 0.918474
1.79595 5.59082 3.72369 0.110716 0.384068 0.916638
2.32401 5.38106 3.73339 0.156487 0.368179 0.916487
2.80444 5.13119 3.74083 0.192323 0.352277 0.915896
3.31417 4.82485 3.74013 0.227224 0.337411 0.913508
3.78315 4.46789 3.73927 0.261351 0.303444 0.916305
4.18834 4.11292 3.73332 0.279509 0.287093 0.916209
4.58947 3.68321 3.73608 0.306721 0.266746 0.913642
4.91034 3.26349 3.73448 0.337905 0.223266 0.914299
5.24304 2.68014 3.72358 0.378751 0.16623 0.910435
5.45874 2.15087 3.71909 0.389616 0.137582 0.91064
5.61093 1.65985 3.71912 0.388922 0.0964754 0.916205
5.74459 1.10025 3.70948 0.395297 0.0562676 0.916826
5.81621 0.578656 3.70363 0.40202 0.0295543 0.915153
5.84826 -0.0626503 3.70478 0.409236 0.0147261 0.912301
5.82451 -0.572007 3.71815 0.413411 -0.011509 0.910443
5.73712 -1.13542 3.73014 0.408015 -0.0768636 0.909712
5.60227 -1.66781 3.73367 0.390337 -0.109976 0.914075
5.41908 -2.23015 3.72735 0.36656 -0.150412 0.918156
5.16224 -2.75171 3.73795 0.370562 -0.183135 0.910556
4.86961 -3.2326 3.74513 0.350756 -0.224679 0.908988
4.56814 -3.65198 3.73498 0.304061 -0.270931 0.91331
4.22947 -4.02351 3.73531 0.28591 -0.272823 0.918594
3.82646 -4.41277 3.73626 0.274539 -0.301883 0.912958
3.40987 -4.74096 3.7455 0.257476 -0.323677 0.910459
2.93926 -5.0477 3.7465 0.190924 -0.356553 0.914548
2.46392 -5.30687 3.73111 0.155208 -0.376023 0.913517
1.92269 -5.52783 3.72384 0.131718 -0.389226 0.911652
1.318 -5.69513 3.71544 0.0669279 -0.407022 0.910945
0.797712 -5.79405 3.69643 0.0330273 -0.409104 0.911889
0.261205 -5.84868 3.68858 0.021189 -0.408477 0.91252
-0.383561 -5.84494 3.69497 -0.00897847 -0.40765 0.913086
-0.935931 -5.77321 3.70479 -0.0561874 -0.404576 0.912764
-1.5085 -5.64478 3.70805 -0.107489 -0.385099 0.916584
-2.09938 -5.4553 3.70723 -0.14042 -0.373967 0.916744
-2.55671 -5.24598 3.71085 -0.183042 -0.363214 0.913519
-3.02374 -4.98565 3.70533 -0.223756 -0.349346 0.909878
-3.50825 -4.64627 3.70521 -0.248209 -0.334445 0.909141
-3.97247 -4.2754 3.70419 -0.27133 -0.312315 0.910399
-4.362 -3.86288 3.71574 -0.300809 -0.272661 0.913847
-4.7456 -3.41177 3.7044 -0.330301 -0.226411 0.916299
-5.08848 -2.87846 3.69992 -0.340996 -0.196158 0.919371
-5.33654 -2.40193 3.70178 -0.353585 -0.164987 0.920713
-5.52523 -1.91004 3.70622 -0.378433 -0.134449 0.915808
-5.69236 -1.36125 3.70448 -0.391475 -0.0998615 0.914743
-5.80841 -0.713481 3.71343 -0.398192 -0.0613961 0.915205
-5.85378 -0.195694 3.71054 -0.399319 -0.00209274 0.916796
-5.85362 0.324794 3.7006 -0.393057 0.0343558 0.91887
-5.80475 0.910821 3.69441 -0.399591 0.0537684 0.915109
-5.68683 1.42571 3.70841 -0.389088 0.0791984 0.917781
-5.52536 2.01968 3.7116 -0.381354 0.121398 0.916404
-6.09516 2.31358 3.42534 -0.414013 0.144204 0.898746
-6.2486 1.8352 3.41977 -0.41333 0.107485 0.904201
-6.3939 1.2476 3.40296 -0.427786 0.0662243 0.90145
-6.47076 0.706059 3.39971 -0.437552 0.0489436 0.897851
-6.49379 0.123692 3.4091 -0.438532 0.0172058 0.898548
-6.48364 -0.417865 3.41362 -0.437775 -0.0186389 0.898872
-6.4259 -0.924781 3.41909 -0.421246 -0.0510393 0.905507
-6.32261 -1.50466 3.41126 -0.412273 -0.109139 0.904494
-6.18533 -1.98671 3.40946 -0.4088 -0.130828 0.903195
-5.9738 -2.54742 3.41371 -0.394949 -0.169403 0.902914
-5.72287 -3.06001 3.40917 -0.375946 -0.213482 0.901715
-5.43655 -3.55008 3.40478 -0.371567 -0.241357 0.896463
-5.07398 -4.02095 3.41509 -0.339875 -0.279578 0.897933
-4.7445 -4.4017 3.41034 -0.325123 -0.311461 0.892907
-4.34166 -4.79411 3.40793 -0.286781 -0.331601 0.89876
-3.81812 -5.21407 3.40286 -0.254927 -0.355958 0.899058
-3.30221 -5.5511 3.40795 -0.240149 -0.372152 0.896562
-2.84699 -5.8146 3.41239 -0.215065 -0.381816 0.898868
-2.38849 -6.02964 3.41486 -0.163034 -0.404853 0.899705
-1.81602 -6.22248 3.41519 -0.119204 -0.412546 0.903097
-1.24596 -6.36946 3.40876 -0.0860739 -0.423587 0.901752
-0.665978 -6.46272 3.4026 -0.0364042 -0.427392 0.903302
-0.094766 -6.49765 3.39424 0.00419975 -0.429947 0.902841
0.436142 -6.47754 3.3923 0.0294428 -0.431458 0.901652
1.05831 -6.39189 3.40524 0.0545638 -0.43478 0.898872
1.62246 -6.26964 3.41979 0.0856965 -0.429046 0.899202
2.15084 -6.11263 3.42886 0.129777 -0.418353 0.898936
2.69484 -5.90314 3.43125 0.175823 -0.406029 0.896774
3.24925 -5.59915 3.44372 0.221158 -0.396118 0.891166
3.75953 -5.27053 3.43952 0.275482 -0.364526 0.889453
4.21667 -4.90785 3.43517 0.295638 -0.342261 0.891867
4.59825 -4.55165 3.43538 0.315061 -0.311752 0.896391
4.99356 -4.12813 3.43017 0.344572 -0.289518 0.892999
5.35318 -3.662 3.42642 0.37746 -0.260216 0.888697
5.65356 -3.16947 3.42989 0.394338 -0.222915 0.891514
5.91227 -2.67781 3.42781 0.405517 -0.195188 0.893005
6.12912 -2.1257 3.43285 0.424546 -0.140464 0.894425
6.27849 -1.58662 3.43262 0.43438 -0.100132 0.895147
6.39842 -1.05426 3.42563 0.442833 -0.0658025 0.89414
6.47381 -0.462229 3.41121 0.443145 -0.0111398 0.896381
6.49097 0.132246 3.40675 0.432651 0.000794008 0.901558
6.45676 0.682595 3.41073 0.432883 0.0463612 0.900246
6.36967 1.21869 3.4171 0.4355 0.0760449 0.89697
6.22431 1.82525 3.42231 0.425111 0.120225 0.897118
6.06956 2.30587 3.42445 0.416779 0.142547 0.897758
5.87528 2.81774 3.42412 0.408246 0.173234 0.896271
5.57478 3.40319 3.42836 0.391021 0.222919 0.892974
5.25113 3.86909 3.43869 0.370096 0.268126 0.889434
4.88248 4.30376 3.44117 0.331463 0.301475 0.893994
4.45313 4.73512 3.43917 0.301838 0.322346 0.897204
4.05719 5.07417 3.43663 0.276319 0.355585 0.892841
3.62222 5.37515 3.44198 0.250401 0.374881 0.892593
3.1364 5.683 3.43509 0.213696 0.398271 0.892024
2.59352 5.95803 3.43181 0.188414 0.40916 0.892789
2.11081 6.1575 3.43143 0.154462 0.413652 0.897198
1.60128 6.32232 3.42935 0.109434 0.414217 0.903547
1.11012 6.42508 3.42668 0.057221 0.423903 0.903898
0.590187 6.48857 3.42237 0.0293923 0.427908 0.903341
0.0471085 6.50489 3.42672 0.0106245 0.428712 0.903374
-0.465915 6.4921 3.43003 -0.0272481 0.419919 0.907139
-1.0395 6.43698 3.42072 -0.0805758 0.417306 0.905176
-1.54014 6.33346 3.41507 -0.110498 0.410041 0.905346
-2.03417 6.17861 3.41747 -0.140725 0.40558 0.903151
-2.56181 5.99361 3.40788 -0.170845 0.391641 0.90411
-3.01841 5.76254 3.41414 -0.199294 0.382502 0.902193
-3.58392 5.42876 3.41332 -0.232532 0.362768 0.902401
-4.03201 5.11519 3.41604 -0.256245 0.356608 0.898418
-4.4531 4.77011 3.4192 -0.297231 0.334425 0.894297
-4.81789 4.39962 3.42423 -0.33504 0.310966 0.889379
-5.18259 3.96591 3.42243 -0.36689 0.277722 0.887826
-5.50796 3.48634 3.42526 -0.380564 0.240632 0.892884
-5.79323 2.98914 3.42385 -0.391442 0.205117 0.897034
-6.03318 2.48733 3.42268 -0.403749 0.16569 0.899715
-6.09192 2.32195 3.42544 -0.413718 0.154996 0.897101
-6.67536 2.5397 3.10263 -0.452042 0.160225 0.877468
-6.46581 3.01757 3.10785 -0.4242 0.207584 0.881454
-6.21679 3.51173 3.1002 -0.409897 0.237214 0.880746
-5.92745 3.97857 3.09087 -0.396878 0.283966 0.872835
-5.62142 4.40112 3.08623 -0.389807 0.301927 0.869989
-5.2746 4.81807 3.08977 -0.367195 0.321722 0.87272
-4.88419 5.22309 3.0923 -0.333554 0.341579 0.878669
-4.41901 5.61117 3.10288 -0.284771 0.362091 0.887516
-3.93538 5.946 3.10448 -0.250441 0.390848 0.885729
-3.48457 6.23569 3.09742 -0.229732 0.412734 0.881381
-3.00009 6.47536 3.10112 -0.200867 0.422072 0.884027
-2.45426 6.70636 3.10103 -0.161679 0.431331 0.887584
-1.92115 6.88022 3.10024 -0.129971 0.454877 0.88101
-1.40788 7.00583 3.10143 -0.101698 0.469992 0.876789
-0.802417 7.09599 3.10854 -0.0643125 0.479837 0.874995
-0.237444 7.1309 3.11362 -0.0186881 0.477584 0.878387
0.282609 7.13583 3.11047 0.0111062 0.456592 0.889594
0.818037 7.09977 3.11155 0.0419373 0.455781 0.8891
1.35433 7.03047 3.10929 0.0882306 0.474641 0.875706
1.89292 6.89425 3.11123 0.13941 0.452122 0.880963
2.48227 6.6904 3.10263 0.18495 0.439788 0.878847
2.98577 6.46825 3.09922 0.210227 0.435066 0.875502
3.44267 6.21876 3.1044 0.235816 0.427239 0.872836
3.92267 5.93408 3.10434 0.258709 0.412262 0.873562
4.42381 5.57422 3.11093 0.284099 0.387905 0.876818
4.88836 5.17409 3.11873 0.321714 0.362918 0.87452
5.35538 4.70976 3.11402 0.363568 0.325096 0.87298
5.67573 4.32192 3.11386 0.387077 0.300589 0.871664
6.00458 3.8711 3.10575 0.413687 0.254687 0.874059
6.28951 3.39737 3.0958 0.434995 0.221473 0.872767
6.54679 2.81207 3.09783 0.44835 0.182917 0.874936
6.75154 2.2509 3.09471 0.463207 0.148 0.8738
6.90303 1.68688 3.09897 0.462537 0.119732 0.878457
7.01997 1.18129 3.09485 0.470575 0.0842278 0.878324
7.08451 0.603378 3.09465 0.480119 0.0290949 0.876703
7.1182 0.0306627 3.08535 0.480462 0.000399164 0.877012
7.1075 -0.480595 3.08377 0.474573 -0.0244155 0.879867
7.02132 -1.05072 3.10205 0.470486 -0.0612811 0.880262
6.89338 -1.66576 3.11292 0.463556 -0.101129 0.880259
6.76067 -2.17707 3.11201 0.45102 -0.142209 0.881091
6.59939 -2.67783 3.10009 0.442352 -0.178311 0.878936
6.39115 -3.14282 3.09726 0.430175 -0.213566 0.877117
6.1212 -3.60493 3.103 0.403218 -0.243905 0.882001
5.85017 -4.04836 3.09549 0.396182 -0.271191 0.877207
5.4881 -4.51436 3.10386 0.377578 -0.302543 0.875137
5.12077 -4.9114 3.10983 0.347901 -0.347075 0.870893
4.72556 -5.29526 3.10521 0.320835 -0.36673 0.873247
4.30065 -5.64082 3.10062 0.293174 -0.397793 0.869358
3.78715 -5.99224 3.10554 0.282437 -0.416558 0.864122
3.34212 -6.26143 3.10904 0.245307 -0.430645 0.86854
2.8625 -6.50903 3.1081 0.206365 -0.445543 0.87115
2.33593 -6.71246 3.11064 0.143727 -0.457786 0.877332
1.79085 -6.8695 3.1002 0.0955619 -0.465277 0.879977
1.29802 -6.98433 3.08626 0.0734993 -0.466878 0.88126
0.765864 -7.07604 3.07712 0.0557353 -0.467161 0.882412
0.227873 -7.11504 3.08085 0.0251693 -0.471025 0.881758
-0.295753 -7.11983 3.08062 -0.0168034 -0.472431 0.881197
-0.834186 -7.08347 3.08087 -0.0499931 -0.471284 0.88056
-1.35604 -6.99236 3.08771 -0.0893969 -0.464314 0.881131
-1.92903 -6.83969 3.09848 -0.123178 -0.457342 0.880709
-2.43003 -6.6841 3.09655 -0.164238 -0.439785 0.882954
-2.90539 -6.47996 3.09528 -0.211692 -0.438497 0.873433
-3.37002 -6.2454 3.08567 -0.244364 -0.40821 0.879563
-3.82137 -5.97312 3.07877 -0.270263 -0.398722 0.876326
-4.25863 -5.66871 3.07886 -0.284388 -0.390953 0.875362
-4.65682 -5.35226 3.08015 -0.314015 -0.365978 0.876017
-5.0599 -4.97359 3.07842 -0.348207 -0.34139 0.873042
-5.4284 -4.58119 3.07695 -0.371975 -0.326793 0.868811
-5.75766 -4.16657 3.07973 -0.398234 -0.296295 0.868102
-6.06793 -3.70084 3.07772 -0.422577 -0.258888 0.868564
-6.33522 -3.21733 3.08346 -0.438418 -0.241611 0.865681
-6.55543 -2.76551 3.08569 -0.449801 -0.201223 0.870166
-6.79088 -2.15338 3.08434 -0.462006 -0.152993 0.873579
-6.93537 -1.63681 3.0934 -0.472598 -0.133626 0.871054
-7.06586 -1.01064 3.09519 -0.478616 -0.0666049 0.875472
-7.11357 -0.452698 3.09221 -0.46937 -0.013554 0.882893
-7.12047 0.0490573 3.08944 -0.466102 0.00769574 0.884694
-7.10763 0.568595 3.08538 -0.460298 0.0284866 0.887302
-7.04089 1.13922 3.08571 -0.462119 0.07084 0.883983
-6.9463 1.63848 3.09026 -0.471786 0.0983385 0.876211
-6.79407 2.18064 3.10037 -0.462799 0.13219 0.876542
-6.72066 2.42145 3.10006 -0.459371 0.154338 0.874721
-7.30077 2.57326 2.75312 -0.487645 0.160718 0.858107
-7.0806 3.14884 2.75535 -0.477588 0.20483 0.854354
-6.83199 3.6367 2.75749 -0.451977 0.257843 0.853941
-6.54348 4.13442 2.74679 -0.427812 0.285837 0.85745
-6.25786 4.56061 2.73456 -0.410333 0.314534 0.855975
-5.83388 5.10186 2.73347 -0.40391 0.331123 0.852763
-5.43857 5.54105 2.73695 -0.372908 0.358051 0.856
-5.05183 5.89051 2.74977 -0.364471 0.392901 0.844267
-4.62907 6.22705 2.75921 -0.305855 0.417819 0.855486
-4.13789 6.53653 2.76334 -0.261269 0.44438 0.856893
-3.67375 6.81125 2.75704 -0.24626 0.453521 0.856548
-3.19518 7.06552 2.75164 -0.217215 0.469128 0.855988
-2.66978 7.27876 2.75385 -0.175567 0.492719 0.852263
-2.17092 7.4441 2.74982 -0.144202 0.498345 0.854897
-1.66551 7.58067 2.74422 -0.114068 0.51595 0.848975
-1.12591 7.68165 2.74763 -0.0852213 0.51599 0.852336
-0.614356 7.72863 2.75786 -0.0460247 0.514565 0.856205
-0.0493862 7.74798 2.76471 -0.0107873 0.520362 0.853872
0.534849 7.74898 2.75825 0.0271612 0.531983 0.846298
1.03356 7.69311 2.7591 0.0722851 0.522372 0.849607
1.58123 7.5996 2.76101 0.106168 0.521322 0.846706
2.12844 7.4584 2.75792 0.153239 0.495404 0.855007
2.63828 7.28551 2.75397 0.188255 0.474695 0.859779
3.25084 7.01345 2.75407 0.2262 0.459721 0.85875
3.70097 6.77065 2.75285 0.252069 0.444592 0.859532
4.19262 6.48981 2.74794 0.272499 0.444691 0.853223
4.61568 6.19107 2.75764 0.304114 0.423694 0.853211
5.03611 5.86453 2.75881 0.328001 0.400112 0.855757
5.42958 5.50608 2.76516 0.35885 0.374253 0.855043
5.84473 5.06818 2.76306 0.397796 0.340486 0.851936
6.22779 4.59079 2.75714 0.430327 0.312316 0.84691
6.53436 4.15539 2.7513 0.44681 0.281708 0.84909
6.82614 3.67035 2.7464 0.455863 0.239427 0.8572
7.03729 3.20534 2.74728 0.479896 0.196988 0.854912
7.23217 2.7391 2.73689 0.49018 0.175508 0.853767
7.39997 2.22591 2.7373 0.496328 0.146852 0.855622
7.52396 1.70424 2.74674 0.502874 0.120762 0.855881
7.64241 1.15051 2.7419 0.524385 0.0749857 0.848152
7.70184 0.6053 2.73872 0.513385 0.0370354 0.857357
7.72639 -0.0377952 2.73999 0.516815 0.00298008 0.856073
7.70879 -0.587231 2.73743 0.512967 -0.0342354 0.857718
7.63162 -1.14491 2.75039 0.509413 -0.0650666 0.858046
7.52394 -1.63375 2.76874 0.503027 -0.0961831 0.858895
7.40087 -2.17465 2.76917 0.496282 -0.142623 0.856344
7.23836 -2.70003 2.76013 0.479756 -0.188612 0.856883
7.02081 -3.23468 2.75062 0.468418 -0.220874 0.855451
6.77241 -3.73305 2.74677 0.448276 -0.253891 0.857062
6.47883 -4.20692 2.74345 0.432157 -0.285489 0.855415
6.15942 -4.66102 2.74276 0.414453 -0.314751 0.853892
5.75197 -5.13819 2.74489 0.392592 -0.35693 0.847617
5.33908 -5.5435 2.75071 0.366446 -0.387141 0.846065
4.89363 -5.93852 2.74657 0.336457 -0.419494 0.8431
4.48504 -6.25172 2.73922 0.304666 -0.43182 0.848942
4.05077 -6.53092 2.74611 0.288333 -0.443546 0.848602
3.55411 -6.83495 2.74583 0.263773 -0.462478 0.846465
3.06352 -7.07921 2.74966 0.220548 -0.484 0.846813
2.46238 -7.30822 2.75512 0.171478 -0.505037 0.845887
1.95168 -7.46126 2.75171 0.116813 -0.507818 0.853426
1.36915 -7.59241 2.739 0.085941 -0.507143 0.857565
0.87439 -7.67618 2.73228 0.0615336 -0.511046 0.857347
0.305724 -7.71968 2.73219 0.0259081 -0.524584 0.850963
-0.217123 -7.73666 2.72909 -0.00476799 -0.53374 0.845619
-0.849853 -7.6847 2.73456 -0.0501878 -0.51904 0.853273
-1.42882 -7.59942 2.73987 -0.0852554 -0.51011 0.855872
-1.92447 -7.48089 2.75132 -0.125118 -0.493077 0.860913
-2.43796 -7.32713 2.7536 -0.172559 -0.486372 0.85652
-2.90737 -7.14998 2.74672 -0.213933 -0.465101 0.859012
-3.42834 -6.91419 2.73571 -0.245453 -0.453671 0.856695
-3.94664 -6.61444 2.73157 -0.277426 -0.433594 0.857337
-4.466 -6.27934 2.72304 -0.29548 -0.418884 0.858618
-4.87732 -5.97307 2.72275 -0.322693 -0.404099 0.855903
-5.27187 -5.62389 2.72488 -0.352757 -0.373348 0.857974
-5.66281 -5.22704 2.72463 -0.372093 -0.34554 0.861475
-6.0474 -4.79072 2.72176 -0.40082 -0.327598 0.855569
-6.36573 -4.35497 2.72231 -0.434315 -0.286731 0.853895
-6.67646 -3.85766 2.72128 -0.448004 -0.265235 0.853777
-6.95402 -3.34941 2.72523 -0.453823 -0.242224 0.857527
-7.17131 -2.87682 2.73033 -0.470739 -0.206137 0.857839
-7.37052 -2.32294 2.73364 -0.489107 -0.161527 0.857127
-7.53284 -1.75646 2.73566 -0.504507 -0.137385 0.852403
-7.64451 -1.23553 2.7426 -0.512365 -0.106823 0.852095
-7.70949 -0.628258 2.75307 -0.510472 -0.0372193 0.859045
-7.72979 -0.0968585 2.7526 -0.50791 -0.0101957 0.861346
-7.73042 0.520366 2.74474 -0.500777 0.0261158 0.865182
-7.67195 1.11793 2.74115 -0.499309 0.0760955 0.863066
-7.5777 1.62137 2.74051 -0.496845 0.105688 0.861379
-7.43044 2.15355 2.75136 -0.492619 0.135241 0.85966
-7.31609 2.52222 2.75369 -0.488337 0.155126 0.858756
-7.89204 2.71107 2.37802 -0.517538 0.174038 0.837766
-7.69763 3.22683 2.37863 -0.509392 0.209011 0.834754
-7.4479 3.74978 2.38175 -0.486045 0.251488 0.836958
-7.14274 4.29204 2.37434 -0.46159 0.295447 0.836447
-6.7984 4.82101 2.36273 -0.441625 0.328548 0.834865
-6.47593 5.26129 2.35058 -0.433505 0.352001 0.829557
-6.11134 5.67555 2.35829 -0.417133 0.371815 0.829308
-5.75999 6.04812 2.35712 -0.396725 0.401629 0.8254
-5.34579 6.42447 2.36191 -0.370511 0.425902 0.825409
-4.84369 6.79065 2.37688 -0.32355 0.459647 0.827065
-4.32459 7.11905 2.37943 -0.282265 0.478982 0.831194
-3.86696 7.3806 2.37521 -0.260686 0.490349 0.831622
-3.3194 7.65498 2.37175 -0.229342 0.513095 0.827113
-2.76732 7.8741 2.37054 -0.180429 0.529795 0.828699
-2.16895 8.05997 2.36643 -0.143611 0.532309 0.834275
-1.67806 8.17975 2.36694 -0.117949 0.534848 0.836672
-1.13477 8.28386 2.3676 -0.092731 0.543532 0.834251
-0.60871 8.32295 2.38494 -0.0453442 0.5567 0.829459
-0.0333627 8.33551 2.39278 0.00566149 0.555056 0.831778
0.4827 8.33236 2.3808 0.0390608 0.556058 0.830224
1.12964 8.28446 2.37129 0.0708457 0.550244 0.831977
1.72208 8.1727 2.37812 0.114374 0.545768 0.83009
2.23589 8.03954 2.38294 0.148274 0.54346 0.826225
2.77221 7.86519 2.38192 0.199835 0.521487 0.829502
3.23943 7.67395 2.37787 0.232154 0.508549 0.829145
3.83348 7.38649 2.37157 0.264146 0.490732 0.830298
4.31977 7.11064 2.37068 0.28639 0.47254 0.83347
4.74375 6.83426 2.37297 0.311605 0.457672 0.832729
5.20677 6.48479 2.38243 0.330194 0.441501 0.83428
5.6706 6.09494 2.3895 0.36116 0.409 0.838019
6.06528 5.70715 2.38487 0.411662 0.376993 0.829704
6.43722 5.29063 2.37609 0.438512 0.35195 0.826945
6.75845 4.87829 2.37032 0.451351 0.321349 0.832474
7.08916 4.38581 2.3721 0.464347 0.298395 0.833867
7.40434 3.83122 2.3726 0.491679 0.245916 0.835293
7.63078 3.33746 2.36971 0.503758 0.210531 0.837797
7.87493 2.70802 2.36362 0.514338 0.176948 0.83913
8.01875 2.19069 2.37086 0.536884 0.140089 0.831934
8.13986 1.68242 2.36688 0.546912 0.107604 0.830234
8.24967 1.11612 2.35628 0.558043 0.0766398 0.826251
8.30276 0.599981 2.3587 0.556603 0.0450925 0.829542
8.32596 0.0851811 2.3585 0.549669 0.00779254 0.83533
8.31435 -0.435024 2.35917 0.549128 -0.0265305 0.835301
8.24774 -1.03459 2.37219 0.546722 -0.0564398 0.835405
8.15379 -1.59694 2.38239 0.548781 -0.0939305 0.830637
8.02069 -2.12389 2.39409 0.547733 -0.146768 0.823667
7.88061 -2.63556 2.38392 0.533924 -0.181733 0.825761
7.71155 -3.13015 2.37267 0.51524 -0.211879 0.830415
7.47539 -3.67058 2.36599 0.497283 -0.246108 0.831945
7.22996 -4.13715 2.36315 0.480246 -0.273658 0.833321
6.9447 -4.57909 2.36824 0.46036 -0.307983 0.832591
6.61586 -5.03585 2.36845 0.432114 -0.342116 0.834372
6.26332 -5.45686 2.36407 0.411441 -0.370763 0.832611
5.79674 -5.92435 2.36389 0.382768 -0.402919 0.831349
5.41674 -6.2705 2.3604 0.364775 -0.425411 0.828227
4.98336 -6.62436 2.35667 0.329107 -0.442868 0.833997
4.50715 -6.94872 2.36217 0.307391 -0.457251 0.834522
4.01557 -7.26398 2.35657 0.277433 -0.484026 0.829893
3.47639 -7.53425 2.3617 0.239673 -0.508978 0.826733
3.01747 -7.73413 2.36523 0.218006 -0.517166 0.827647
2.52122 -7.9063 2.3762 0.17673 -0.525198 0.832393
1.93317 -8.0823 2.3696 0.125167 -0.5318 0.837549
1.42167 -8.19211 2.36533 0.0835839 -0.535703 0.840254
0.924412 -8.27047 2.35637 0.0528618 -0.541128 0.839268
0.35076 -8.3139 2.35283 0.0206809 -0.548304 0.836021
-0.16374 -8.32099 2.35174 -0.00842046 -0.552422 0.833512
-0.732112 -8.29452 2.3523 -0.0377522 -0.548977 0.834983
-1.30545 -8.22699 2.36187 -0.0670747 -0.536669 0.841105
-1.8089 -8.12714 2.37334 -0.104705 -0.528786 0.842272
-2.38799 -7.97989 2.37618 -0.151023 -0.515949 0.843197
-2.95038 -7.77564 2.37787 -0.20568 -0.503901 0.838898
-3.4971 -7.5319 2.37059 -0.252118 -0.489687 0.834638
-3.98247 -7.29026 2.35852 -0.266263 -0.470615 0.841205
-4.46765 -6.99276 2.35966 -0.294152 -0.451128 0.842582
-4.90523 -6.70201 2.35347 -0.327091 -0.434915 0.838953
-5.29954 -6.39109 2.35328 -0.347069 -0.416444 0.840302
-5.70569 -6.03936 2.35139 -0.363982 -0.399385 0.841421
-6.10221 -5.64997 2.3462 -0.405838 -0.370152 0.835627
-6.44419 -5.25999 2.34379 -0.420689 -0.348016 0.837794
-6.75093 -4.85857 2.34341 -0.449535 -0.315675 0.835596
-7.03908 -4.41429 2.34567 -0.462187 -0.287998 0.838708
-7.30425 -3.95691 2.34799 -0.47524 -0.268616 0.837849
-7.53893 -3.51338 2.35152 -0.485 -0.253397 0.836994
-7.77086 -2.98074 2.36195 -0.497079 -0.206013 0.842883
-7.95839 -2.42004 2.36737 -0.518276 -0.159542 0.840189
-8.10733 -1.9081 2.36308 -0.52532 -0.133693 0.840335
-8.22879 -1.33187 2.36813 -0.54209 -0.101566 0.83414
-8.29201 -0.823973 2.37636 -0.549036 -0.0628748 0.833423
-8.32273 -0.2974 2.38381 -0.539917 -0.0223135 0.841416
-8.33622 0.291904 2.37779 -0.544774 0.0164424 0.838409
-8.30924 0.791923 2.37546 -0.54548 0.0519725 0.836504
-8.24006 1.35561 2.3706 -0.535413 0.0877011 0.84002
-8.11297 1.96789 2.37331 -0.523163 0.125513 0.842935
-7.94316 2.53638 2.38118 -0.514062 0.159413 0.842796
-7.90633 2.66514 2.37852 -0.515707 0.167287 0.840259
-8.44096 2.90166 1.98301 -0.546401 0.188078 0.816123
-8.62553 2.32569 1.97946 -0.557973 0.156509 0.814957
-8.74777 1.79165 1.98063 -0.567115 0.110874 0.81614
-8.84438 1.24673 1.97515 -0.574812 0.0793682 0.814427
-8.90805 0.656842 1.97657 -0.5772 0.0494709 0.815094
-8.92092 0.122586 1.98294 -0.576842 0.00226253 0.816839
-8.8975 -0.432897 1.98769 -0.571155 -0.0369957 0.819981
-8.86208 -1.00144 1.97467 -0.571781 -0.0693082 0.817461
-8.76611 -1.61498 1.97352 -0.565021 -0.109229 0.817802
-8.64414 -2.14743 1.97083 -0.553599 -0.147721 0.819571
-8.49429 -2.64885 1.97424 -0.548045 -0.169172 0.819162
-8.30716 -3.2008 1.96716 -0.534328 -0.218363 0.81658
-8.06899 -3.755 1.95922 -0.512029 -0.248327 0.822288
-7.82514 -4.2384 1.95401 -0.486773 -0.273672 0.829541
-7.52063 -4.75714 1.95234 -0.476632 -0.300732 0.826053
-7.22458 -5.20647 1.94732 -0.463183 -0.335523 0.820286
-6.86957 -5.65903 1.94763 -0.443345 -0.368649 0.817025
-6.44307 -6.13326 1.9506 -0.418634 -0.397821 0.816383
-6.07802 -6.48995 1.95384 -0.39264 -0.421752 0.817259
-5.6556 -6.84317 1.96246 -0.366805 -0.442643 0.818233
-5.1564 -7.23604 1.96136 -0.341475 -0.461841 0.818576
-4.70491 -7.54385 1.96397 -0.31449 -0.488566 0.813869
-4.25032 -7.80514 1.97009 -0.276235 -0.507554 0.816137
-3.78051 -8.04755 1.97027 -0.253435 -0.517083 0.817552
-3.29924 -8.2619 1.97743 -0.235291 -0.531565 0.813674
-2.81353 -8.45025 1.98277 -0.195223 -0.545401 0.81512
-2.20114 -8.6392 1.98415 -0.143668 -0.557184 0.817828
-1.69253 -8.75274 1.97741 -0.0919316 -0.563103 0.821252
-1.16046 -8.83549 1.96752 -0.0524893 -0.563991 0.824109
-0.570807 -8.8917 1.95596 -0.0244929 -0.566092 0.823975
-0.00730358 -8.90784 1.95402 -0.00150376 -0.571831 0.820362
0.611314 -8.88103 1.96156 0.0304802 -0.568825 0.82188
1.15742 -8.82571 1.96879 0.0641511 -0.567716 0.820712
1.74583 -8.72719 1.97011 0.117013 -0.56677 0.815524
2.31512 -8.57962 1.97546 0.152056 -0.563106 0.812275
2.80119 -8.42517 1.97475 0.187976 -0.541965 0.819106
3.34434 -8.22984 1.9634 0.22454 -0.524013 0.821562
3.82315 -8.02494 1.95395 0.250577 -0.514265 0.820208
4.39045 -7.71391 1.96166 0.283802 -0.504351 0.815525
4.95437 -7.35623 1.96476 0.320189 -0.471562 0.821639
5.36097 -7.0648 1.96206 0.356441 -0.457385 0.814678
5.78126 -6.71838 1.9601 0.3858 -0.439412 0.811218
6.14967 -6.38036 1.96533 0.388827 -0.432029 0.813732
6.56299 -5.98667 1.96615 0.410329 -0.405764 0.816659
6.93424 -5.57494 1.96996 0.435662 -0.372058 0.8196
7.28475 -5.12474 1.96551 0.470481 -0.329123 0.818714
7.57026 -4.68273 1.97093 0.485955 -0.304464 0.819216
7.85112 -4.19135 1.9694 0.515879 -0.269313 0.813226
8.09005 -3.70421 1.97204 0.527265 -0.25359 0.810966
8.30072 -3.20234 1.97337 0.544475 -0.209913 0.812075
8.46349 -2.71836 1.97659 0.558904 -0.176187 0.810288
8.60707 -2.18104 1.98419 0.567206 -0.146513 0.81042
8.74892 -1.58227 1.97783 0.576597 -0.107658 0.809892
8.83461 -1.05645 1.97281 0.575726 -0.0674382 0.814838
8.89025 -0.52043 1.96588 0.570789 -0.0307647 0.820509
8.90195 0.0316809 1.96306 0.57919 0.0157833 0.815038
8.87353 0.584042 1.96033 0.585071 0.0516445 0.809334
8.80659 1.2566 1.95126 0.583602 0.0831414 0.80777
8.69959 1.79678 1.96223 0.578514 0.110751 0.80811
8.56987 2.35747 1.96873 0.56833 0.137124 0.811277
8.40554 2.95102 1.97029 0.549692 0.16968 0.817919
8.184 3.54022 1.97531 0.531798 0.223912 0.816709
7.94984 4.04379 1.97368 0.517236 0.262952 0.814442
7.68414 4.51755 1.97765 0.503318 0.293403 0.812761
7.37659 4.99237 1.97961 0.479323 0.323256 0.815937
7.0614 5.42455 1.98115 0.454914 0.346751 0.820249
6.74385 5.81952 1.97879 0.440845 0.377927 0.814139
6.31814 6.27528 1.98851 0.428618 0.400712 0.809746
5.9342 6.63971 1.98826 0.377208 0.443468 0.81304
5.51649 6.96634 1.99004 0.344209 0.464301 0.816041
5.07726 7.30313 1.97337 0.326574 0.479039 0.814783
4.54882 7.64725 1.97172 0.306346 0.497618 0.811488
4.02299 7.93466 1.97617 0.264731 0.51521 0.815147
3.43198 8.22657 1.9678 0.236438 0.53202 0.813051
2.91882 8.42392 1.97716 0.207595 0.551798 0.807707
2.41314 8.58965 1.97913 0.163124 0.558751 0.813112
1.88026 8.72377 1.97885 0.124485 0.572809 0.810171
1.37179 8.83178 1.97156 0.0899372 0.579482 0.809946
0.837616 8.89021 1.97373 0.0509969 0.581011 0.812292
0.328811 8.91466 1.98175 0.0287841 0.58461 0.810789
-0.184178 8.91617 1.98724 -0.00807664 0.584976 0.810981
-0.691242 8.89872 1.98345 -0.0382747 0.578221 0.814973
-1.21511 8.85712 1.97604 -0.0769411 0.561257 0.824045
-1.82189 8.74172 1.97905 -0.125344 0.554482 0.822681
-2.35259 8.61035 1.97494 -0.155202 0.549103 0.821214
-2.92193 8.43853 1.97115 -0.185434 0.538277 0.822105
-3.47909 8.21725 1.97399 -0.224544 0.524187 0.821462
-3.96326 7.99762 1.97191 -0.251078 0.511062 0.822047
-4.42034 7.74182 1.98063 -0.276224 0.495434 0.823556
-4.85121 7.47365 1.98741 -0.305895 0.482135 0.820939
-5.31761 7.17202 1.97238 -0.351855 0.452861 0.819185
-5.74834 6.83911 1.95744 -0.383969 0.436552 0.813624
-6.14807 6.46872 1.95293 -0.408038 0.416164 0.812596
-6.51087 6.08552 1.95698 -0.429286 0.396488 0.811486
-6.92488 5.62412 1.95538 -0.434254 0.377775 0.817746
-7.28084 5.15141 1.97276 -0.445504 0.348569 0.824624
-7.61136 4.64134 1.98342 -0.476726 0.306123 0.824024
-7.87449 4.19567 1.98367 -0.496526 0.279727 0.8217
-8.15319 3.6336 1.98486 -0.518901 0.233787 0.822222
-8.34999 3.15288 1.98352 -0.540245 0.202327 0.816802
-8.41529 2.97083 1.98399 -0.542585 0.193067 0.817507
-8.96137 3.13586 1.57008 -0.573585 0.19548 0.795458
-8.76217 3.63833 1.57857 -0.558108 0.230814 0.797017
-8.54524 4.14422 1.57017 -0.537795 0.269388 0.798857
-8.28439 4.61507 1.57473 -0.5249 0.295577 0.798181
-8.01115 5.07173 1.57287 -0.50697 0.325069 0.7983
-7.69084 5.54704 1.56224 -0.479435 0.365992 0.797604
-7.32175 6.02909 1.54466 -0.455544 0.395707 0.797431
-6.94606 6.43899 1.54682 -0.438673 0.405158 0.80213
-6.48793 6.92247 1.54182 -0.42322 0.426622 0.799294
-6.08069 7.29765 1.543 -0.396976 0.45368 0.797855
-5.61229 7.65387 1.56226 -0.373658 0.476224 0.795981
-5.17466 7.93914 1.57907 -0.334872 0.497603 0.800154
-4.66398 8.25709 1.57473 -0.289636 0.5178 0.80496
-4.1093 8.55762 1.56549 -0.259536 0.537192 0.802533
-3.55546 8.80609 1.56389 -0.224596 0.551196 0.803569
-3.07071 8.99074 1.56031 -0.1939 0.566198 0.801132
-2.50954 9.16001 1.56287 -0.162971 0.575317 0.801524
-2.00736 9.28421 1.56869 -0.140514 0.584037 0.799468
-1.42419 9.41217 1.56296 -0.097755 0.588728 0.802383
-0.924036 9.47018 1.56245 -0.0403736 0.593416 0.803859
-0.411208 9.47972 1.57304 -0.0123145 0.592744 0.805281
0.121632 9.48057 1.57263 0.0137361 0.597484 0.801757
0.722099 9.4678 1.55732 0.0539047 0.598987 0.798918
1.30139 9.40698 1.55181 0.0871592 0.603896 0.792272
1.80924 9.31983 1.55299 0.117676 0.602697 0.78923
2.30616 9.20118 1.559 0.146668 0.597065 0.78867
2.93571 9.01753 1.55793 0.189552 0.580193 0.792114
3.48196 8.81834 1.55211 0.228691 0.556662 0.798637
3.99902 8.579 1.55797 0.257899 0.551727 0.793139
4.58826 8.27646 1.55608 0.295094 0.528667 0.79588
5.07205 7.99953 1.54841 0.320838 0.508632 0.798968
5.52829 7.66914 1.56825 0.33925 0.492998 0.801158
5.94077 7.356 1.57508 0.373114 0.474826 0.797046
6.33729 7.04274 1.56532 0.402446 0.454299 0.794745
6.80169 6.6051 1.56132 0.433847 0.420765 0.796698
7.14718 6.22307 1.56393 0.453441 0.392964 0.799961
7.5131 5.77638 1.56374 0.470231 0.368727 0.801821
7.81926 5.36138 1.56191 0.49565 0.339913 0.79924
8.1291 4.89091 1.55991 0.508611 0.315304 0.801185
8.38995 4.4451 1.55297 0.527403 0.275136 0.803815
8.60284 3.99167 1.56092 0.542862 0.251101 0.801385
8.85455 3.39095 1.55874 0.562008 0.20776 0.800606
9.02946 2.84288 1.55805 0.572178 0.156808 0.804986
9.16238 2.33861 1.54944 0.580682 0.125557 0.804386
9.26787 1.84147 1.54431 0.586473 0.107323 0.802825
9.36868 1.32311 1.5328 0.590686 0.0844359 0.802459
9.42653 0.795617 1.53907 0.595199 0.0638576 0.801032
9.458 0.283819 1.5478 0.600129 0.0307756 0.799311
9.46657 -0.221596 1.54911 0.605935 -0.00705451 0.795482
9.45086 -0.762965 1.54113 0.607702 -0.0430047 0.792997
9.37406 -1.28094 1.55816 0.598024 -0.0807294 0.797389
9.26384 -1.85045 1.56662 0.589494 -0.125548 0.797934
9.13744 -2.36166 1.56921 0.583178 -0.156572 0.797105
8.96735 -2.99709 1.55567 0.576027 -0.187549 0.795616
8.80558 -3.4745 1.55006 0.56981 -0.219299 0.791963
8.5789 -3.9838 1.55646 0.546256 -0.25129 0.799025
8.31978 -4.51779 1.55509 0.530338 -0.27785 0.800951
8.04155 -4.98742 1.56064 0.51326 -0.316726 0.797646
7.67392 -5.53832 1.55995 0.489805 -0.349582 0.798659
7.33509 -5.97527 1.55591 0.461183 -0.391798 0.796118
6.88307 -6.45689 1.55239 0.421875 -0.43127 0.797502
6.51989 -6.80617 1.55009 0.406889 -0.438146 0.801535
6.07048 -7.21326 1.54854 0.385902 -0.450483 0.805064
5.61598 -7.58071 1.54859 0.3597 -0.475211 0.802975
5.12309 -7.92364 1.55269 0.330528 -0.49188 0.805482
4.67498 -8.20246 1.55208 0.299733 -0.510985 0.805639
4.2291 -8.45736 1.54714 0.276415 -0.523817 0.805731
3.66671 -8.71302 1.55777 0.243413 -0.544357 0.802757
3.15685 -8.90543 1.56537 0.201242 -0.558084 0.805003
2.58775 -9.09504 1.56021 0.166871 -0.574151 0.801562
2.01218 -9.25792 1.55069 0.133548 -0.580779 0.803004
1.51322 -9.35418 1.55306 0.10182 -0.590058 0.800913
0.857876 -9.43211 1.55278 0.049064 -0.59528 0.802013
0.288897 -9.46647 1.55023 0.0185527 -0.595018 0.803495
-0.345867 -9.47496 1.54895 -0.00689831 -0.591479 0.806289
-0.942624 -9.4363 1.55912 -0.0426399 -0.586799 0.808591
-1.44201 -9.37418 1.56513 -0.0798496 -0.583981 0.807827
-1.94885 -9.28807 1.56264 -0.12991 -0.587573 0.798675
-2.44455 -9.16372 1.56294 -0.163798 -0.581834 0.796642
-3.07056 -8.95841 1.56778 -0.199793 -0.567676 0.798618
-3.62513 -8.74286 1.56163 -0.242366 -0.547918 0.800639
-4.10279 -8.52764 1.55377 -0.271323 -0.532732 0.801599
-4.55283 -8.28083 1.55713 -0.296522 -0.52409 0.798363
-5.05636 -7.98203 1.55344 -0.325002 -0.507525 0.797978
-5.48567 -7.69887 1.54744 -0.352897 -0.487912 0.798367
-5.90171 -7.37733 1.55146 -0.369845 -0.463743 0.805081
-6.3203 -7.02773 1.55118 -0.392762 -0.443468 0.805637
-6.82219 -6.56595 1.53944 -0.422523 -0.412023 0.807286
-7.25435 -6.08915 1.53312 -0.455929 -0.381656 0.804029
-7.58307 -5.66678 1.54087 -0.466497 -0.369861 0.803481
-7.88177 -5.25594 1.54638 -0.48071 -0.332634 0.811318
-8.17883 -4.79052 1.54818 -0.497947 -0.29706 0.81473
-8.43993 -4.31605 1.55018 -0.516569 -0.266867 0.813586
-8.68723 -3.78066 1.55606 -0.536011 -0.23689 0.810293
-8.86865 -3.30717 1.56463 -0.557149 -0.207657 0.80403
-9.03007 -2.82559 1.5682 -0.568032 -0.179289 0.803236
-9.19453 -2.28068 1.56402 -0.573493 -0.153175 0.804754
-9.31344 -1.77707 1.56289 -0.585224 -0.117741 0.802272
-9.417 -1.13766 1.56177 -0.59175 -0.0800456 0.802137
-9.47387 -0.556564 1.56644 -0.601003 -0.044452 0.797994
-9.48673 -0.0270242 1.56868 -0.606698 0.00382633 0.79492
-9.48452 0.558072 1.55551 -0.605938 0.031971 0.794869
-9.43624 1.10867 1.55604 -0.60522 0.0693537 0.793015
-9.3442 1.69374 1.55838 -0.593555 0.111476 0.797024
-9.23187 2.2104 1.56068 -0.590193 0.138758 0.795237
-9.08637 2.74203 1.56678 -0.582882 0.166027 0.795403
-8.97249 3.10192 1.5702 -0.578718 0.187008 0.793779
-9.48767 3.30243 1.14025 -0.58559 0.200236 0.785446
-9.65233 2.78643 1.1369 -0.591082 0.168708 0.788762
-9.79777 2.22893 1.13444 -0.597474 0.133071 0.790736
-9.91189 1.67435 1.12829 -0.609419 0.0998029 0.786541
-10.0006 1.04272 1.12354 -0.614318 0.0642755 0.786436
-10.0306 0.464934 1.13394 -0.620107 0.0337883 0.783785
-10.038 -0.137747 1.14047 -0.618113 -0.0038751 0.786058
-10.0139 -0.765321 1.13635 -0.613897 -0.0502036 0.787772
-9.94136 -1.40866 1.1379 -0.607068 -0.0834129 0.790244
-9.85478 -1.90709 1.13754 -0.601596 -0.127856 0.788491
-9.7115 -2.52576 1.1333 -0.594682 -0.159296 0.788007
-9.55159 -3.04996 1.13677 -0.586014 -0.190153 0.787656
-9.36484 -3.57244 1.13978 -0.575916 -0.215709 0.788529
-9.12779 -4.17195 1.13348 -0.562991 -0.250265 0.78765
-8.87694 -4.69007 1.13653 -0.541324 -0.277261 0.793766
-8.57258 -5.22258 1.13834 -0.51653 -0.319913 0.794242
-8.26584 -5.69964 1.12208 -0.483208 -0.362311 0.797019
-7.87946 -6.19797 1.12068 -0.467526 -0.376105 0.799976
-7.52674 -6.64076 1.11066 -0.454843 -0.39724 0.797044
-7.16411 -7.01766 1.11962 -0.43475 -0.426187 0.793319
-6.77363 -7.38 1.12596 -0.407559 -0.450524 0.794302
-6.29779 -7.77752 1.13148 -0.376959 -0.47356 0.795985
-5.87513 -8.11199 1.12058 -0.35372 -0.490792 0.796236
-5.36139 -8.45615 1.12513 -0.332413 -0.507346 0.795046
-4.91319 -8.71621 1.13531 -0.305423 -0.522686 0.795935
-4.42684 -8.98081 1.13607 -0.278112 -0.541534 0.793335
-3.94811 -9.21058 1.13612 -0.250298 -0.556216 0.792439
-3.39253 -9.43469 1.13699 -0.21452 -0.574573 0.789829
-2.76533 -9.64841 1.13547 -0.18181 -0.586362 0.789383
-2.17884 -9.81065 1.13271 -0.141454 -0.600761 0.786793
-1.60833 -9.91597 1.13939 -0.102003 -0.603242 0.791007
-1.03112 -9.99368 1.13922 -0.0542076 -0.604199 0.794957
-0.521958 -10.0335 1.12978 -0.0113403 -0.603015 0.797641
0.0847353 -10.0282 1.13199 0.0126755 -0.606731 0.794806
0.592382 -10.0157 1.12661 0.0335451 -0.606982 0.794
1.13796 -9.9653 1.13283 0.0612368 -0.604481 0.794248
1.71332 -9.89159 1.12774 0.107997 -0.597693 0.794401
2.29204 -9.76396 1.12766 0.144955 -0.592388 0.792502
2.8098 -9.61137 1.1366 0.172672 -0.589348 0.789203
3.32628 -9.44613 1.1359 0.204124 -0.581367 0.787604
3.82084 -9.25504 1.13566 0.23834 -0.561751 0.792219
4.33704 -9.03315 1.12778 0.260835 -0.54467 0.797053
4.79157 -8.79592 1.12869 0.290899 -0.529009 0.797194
5.26884 -8.50976 1.12868 0.321316 -0.508043 0.79915
5.68898 -8.22207 1.13342 0.345233 -0.487054 0.802217
6.11196 -7.91877 1.12343 0.374905 -0.469703 0.799255
6.58093 -7.5305 1.11815 0.404701 -0.452002 0.794926
7.02257 -7.09623 1.1294 0.424862 -0.435905 0.793396
7.41179 -6.7126 1.12663 0.436743 -0.428511 0.790968
7.79924 -6.28797 1.12841 0.463808 -0.400747 0.790099
8.1238 -5.8536 1.13649 0.495729 -0.36216 0.789363
8.46139 -5.3656 1.12923 0.522776 -0.33117 0.785514
8.72251 -4.93758 1.12769 0.539087 -0.304165 0.785397
8.95868 -4.48262 1.13017 0.551595 -0.275383 0.787335
9.21895 -3.93832 1.12139 0.56444 -0.243372 0.788782
9.42321 -3.4 1.12288 0.576305 -0.205059 0.791083
9.583 -2.87972 1.13102 0.58698 -0.177362 0.789935
9.71268 -2.39459 1.13541 0.594049 -0.150899 0.790139
9.83039 -1.90665 1.1306 0.60067 -0.120998 0.790288
9.94064 -1.25593 1.12656 0.608817 -0.0797602 0.789291
9.9985 -0.738203 1.12005 0.613102 -0.0467665 0.788619
10.0287 -0.148386 1.11784 0.614897 -0.00783516 0.788516
10.0112 0.451508 1.11865 0.611486 0.0341145 0.790506
9.97968 0.953763 1.11004 0.605403 0.0677183 0.793032
9.89752 1.52439 1.11591 0.602429 0.0917224 0.792885
9.79119 2.10833 1.11918 0.597889 0.11574 0.793172
9.67465 2.6074 1.12621 0.594428 0.140151 0.791826
9.54033 3.09133 1.13131 0.588082 0.171905 0.790315
9.36494 3.61559 1.13333 0.580683 0.207003 0.787373
9.16437 4.1131 1.13184 0.564362 0.251447 0.786281
8.91011 4.64592 1.12972 0.548208 0.282095 0.787327
8.64112 5.10973 1.13731 0.530766 0.317847 0.785647
8.34016 5.5768 1.13832 0.508353 0.347521 0.787903
8.02148 6.0285 1.13736 0.497564 0.365814 0.786509
7.63309 6.5036 1.14195 0.470989 0.397818 0.787342
7.30234 6.88726 1.13283 0.446522 0.426158 0.786769
6.92187 7.25721 1.13857 0.422406 0.448008 0.787947
6.44942 7.66555 1.14545 0.39411 0.469655 0.789998
6.01931 7.99554 1.14976 0.362705 0.491164 0.791957
5.52907 8.36602 1.12783 0.332241 0.514925 0.790224
5.07177 8.64659 1.12458 0.305865 0.532708 0.789084
4.51348 8.94579 1.12618 0.280997 0.545426 0.789652
3.9601 9.22184 1.11868 0.250906 0.558767 0.790449
3.46236 9.41593 1.12586 0.21828 0.5794 0.785259
2.95834 9.59291 1.12456 0.190062 0.589561 0.785043
2.46027 9.73958 1.12107 0.154309 0.595197 0.788624
1.92913 9.85798 1.12005 0.117351 0.6064 0.786452
1.4338 9.94715 1.11877 0.0980702 0.609392 0.786777
0.904257 10.005 1.13278 0.0717202 0.610142 0.789008
0.374389 10.0422 1.13875 0.0318954 0.610233 0.791556
-0.205004 10.0462 1.14566 0.00135857 0.609585 0.792713
-0.836315 10.0311 1.14413 -0.0357735 0.613709 0.788715
-1.41742 9.97792 1.1356 -0.093561 0.614758 0.783105
-1.99106 9.86185 1.13964 -0.132829 0.601502 0.787743
-2.52642 9.72745 1.14337 -0.156482 0.594599 0.788646
-3.07512 9.56803 1.14207 -0.188935 0.582974 0.790198
-3.67658 9.35822 1.13657 -0.226718 0.573357 0.787306
-4.16014 9.15467 1.13563 -0.255063 0.561384 0.787249
-4.61453 8.92594 1.14328 -0.276021 0.551797 0.786971
-5.15316 8.61181 1.1556 -0.317164 0.531778 0.785251
-5.58957 8.34613 1.14395 -0.35237 0.50656 0.786864
-6.00169 8.06353 1.12821 -0.3775 0.488454 0.786706
-6.44666 7.71683 1.11573 -0.399634 0.462619 0.791367
-6.88285 7.32228 1.11285 -0.424531 0.439815 0.791414
-7.25962 6.92801 1.1192 -0.440873 0.420561 0.792942
-7.66933 6.48264 1.11711 -0.46102 0.400177 0.792025
-7.99369 6.07515 1.12613 -0.477434 0.384066 0.790284
-8.28948 5.668 1.13451 -0.5006 0.357815 0.788268
-8.61971 5.16079 1.13539 -0.526945 0.321101 0.786904
-8.87686 4.71128 1.13521 -0.545824 0.292379 0.785232
-9.14132 4.17501 1.13836 -0.563616 0.266012 0.782033
-9.3607 3.66308 1.13731 -0.579568 0.222818 0.783834
-9.44106 3.44865 1.13621 -0.583807 0.207019 0.785054
-9.96386 3.63163 0.700751 -0.580712 0.214371 0.785378
-9.73788 4.1863 0.704623 -0.567648 0.248912 0.784731
-9.46617 4.78829 0.696424 -0.552726 0.274187 0.786965
-9.17265 5.29085 0.710668 -0.537568 0.306696 0.785465
-8.8701 5.80811 0.698601 -0.516155 0.340347 0.785969
-8.53935 6.27777 0.696572 -0.494016 0.372072 0.785819
-8.1713 6.75021 0.685597 -0.467203 0.399042 0.788975
-7.76455 7.19218 0.694126 -0.452638 0.416478 0.78845
-7.4047 7.57567 0.688853 -0.433088 0.437467 0.788063
-7.00389 7.96597 0.68355 -0.413387 0.452604 0.790094
-6.5768 8.32252 0.688843 -0.385494 0.478628 0.788861
-6.15033 8.6375 0.695317 -0.364701 0.499902 0.785538
-5.69827 8.9315 0.707598 -0.346776 0.520133 0.780514
-5.21287 9.22251 0.711568 -0.312806 0.541355 0.78044
-4.69603 9.50702 0.703808 -0.278724 0.555015 0.783754
-4.21877 9.73663 0.697732 -0.249045 0.570837 0.782364
-3.68918 9.95183 0.697999 -0.219577 0.582327 0.782725
-3.20821 10.1135 0.702789 -0.190089 0.592155 0.783078
-2.72745 10.2514 0.70385 -0.158123 0.600681 0.783687
-2.16122 10.3943 0.699083 -0.133763 0.609619 0.781322
-1.60342 10.4969 0.703564 -0.0981639 0.618046 0.779968
-0.941631 10.5742 0.704178 -0.0532044 0.626472 0.77761
-0.320711 10.5984 0.709555 -0.0124049 0.625929 0.779762
0.202662 10.6001 0.706306 0.0185663 0.626374 0.779292
0.724168 10.582 0.695912 0.0553216 0.621802 0.78121
1.23238 10.5321 0.687939 0.0848571 0.613683 0.784967
1.80235 10.4425 0.689549 0.103393 0.607081 0.787874
2.30142 10.3432 0.690808 0.137027 0.603224 0.785694
2.78788 10.2259 0.686119 0.16869 0.597469 0.783934
3.33894 10.0376 0.696928 0.201228 0.585491 0.785306
3.81939 9.86949 0.691354 0.221736 0.576801 0.786212
4.41243 9.62079 0.689895 0.261483 0.559926 0.786175
4.88091 9.3871 0.689368 0.287792 0.54488 0.787574
5.36674 9.12092 0.687589 0.310363 0.532894 0.787204
5.84196 8.81417 0.697091 0.336132 0.520852 0.784676
6.30768 8.4827 0.704162 0.365639 0.502661 0.783341
6.71266 8.16394 0.708637 0.394719 0.484127 0.780887
7.18272 7.77523 0.697466 0.424546 0.460243 0.779682
7.58151 7.38647 0.697089 0.447956 0.43841 0.779174
7.96092 6.96684 0.703971 0.467844 0.415486 0.780046
8.33507 6.52624 0.701114 0.492981 0.387824 0.778808
8.64888 6.11244 0.696236 0.506367 0.360131 0.783514
8.95515 5.66337 0.696193 0.522002 0.337323 0.783381
9.2596 5.14696 0.69647 0.54332 0.303854 0.782604
9.50396 4.67707 0.698712 0.555962 0.275618 0.78417
9.76334 4.11397 0.698309 0.569724 0.240822 0.785721
9.96466 3.58024 0.699294 0.583053 0.209133 0.78505
10.1333 3.04156 0.697298 0.594814 0.163893 0.786958
10.281 2.42796 0.699051 0.60072 0.129979 0.788809
10.3864 1.91758 0.693668 0.603176 0.105747 0.790566
10.4923 1.34035 0.680716 0.605213 0.0783074 0.792202
10.5436 0.806396 0.684821 0.609573 0.0531419 0.790946
10.5785 0.23746 0.684668 0.612167 0.0234881 0.790377
10.581 -0.394848 0.680932 0.613121 -0.0232782 0.789642
10.5243 -1.06678 0.687794 0.612261 -0.0616568 0.788229
10.4513 -1.6267 0.689353 0.613113 -0.089427 0.784917
10.3399 -2.16744 0.699613 0.605251 -0.12969 0.785399
10.2106 -2.70513 0.698246 0.596468 -0.162476 0.78602
10.0462 -3.26658 0.695715 0.587108 -0.185067 0.788068
9.84403 -3.8798 0.685904 0.575429 -0.217934 0.78828
9.64252 -4.34688 0.689433 0.561503 -0.255188 0.787137
9.42207 -4.79582 0.691678 0.550857 -0.280448 0.786069
9.18402 -5.24272 0.68748 0.538901 -0.307971 0.78405
8.89903 -5.69741 0.695119 0.526656 -0.329119 0.783782
8.55225 -6.21943 0.697119 0.505313 -0.356997 0.7856
8.2432 -6.62661 0.695829 0.47484 -0.394653 0.786588
7.90387 -6.99475 0.700264 0.444084 -0.423737 0.789453
7.50571 -7.40298 0.697559 0.430326 -0.436482 0.790129
7.04457 -7.8574 0.689357 0.415906 -0.453362 0.788337
6.64515 -8.20926 0.690136 0.396769 -0.468188 0.789526
6.21915 -8.52472 0.70585 0.375978 -0.491074 0.785803
5.70931 -8.89281 0.697904 0.333286 -0.518886 0.787184
5.25895 -9.17674 0.692329 0.31105 -0.534272 0.785999
4.78303 -9.43612 0.693551 0.283867 -0.548259 0.786658
4.30977 -9.66443 0.689889 0.246492 -0.567204 0.785804
3.82359 -9.86001 0.691794 0.225861 -0.578867 0.783517
3.31461 -10.0256 0.704551 0.198946 -0.588809 0.783405
2.84001 -10.1881 0.693158 0.171798 -0.597956 0.782891
2.35556 -10.3149 0.694196 0.144842 -0.604162 0.783583
1.78344 -10.4361 0.694308 0.111184 -0.614089 0.781346
1.24267 -10.5166 0.69512 0.0736047 -0.617996 0.782724
0.686527 -10.56 0.70061 0.0374247 -0.618703 0.784729
0.173022 -10.5791 0.703896 0.0197738 -0.618435 0.785582
-0.332711 -10.5989 0.693908 8.30497e-05 -0.618198 0.786022
-0.833986 -10.576 0.700309 -0.0329778 -0.618983 0.784712
-1.38607 -10.5053 0.71139 -0.0868233 -0.613543 0.784868
-2.02712 -10.4052 0.703273 -0.123697 -0.609448 0.783106
-2.56755 -10.2825 0.701685 -0.155963 -0.597622 0.786445
-3.06444 -10.1409 0.700953 -0.181343 -0.589935 0.786824
-3.69051 -9.91892 0.704594 -0.217687 -0.574028 0.789361
-4.20818 -9.69931 0.70711 -0.251679 -0.560064 0.789283
-4.66231 -9.48422 0.70523 -0.275922 -0.549646 0.788513
-5.16328 -9.22475 0.699407 -0.304964 -0.533783 0.788697
-5.65722 -8.92936 0.696183 -0.332152 -0.514585 0.790484
-6.08214 -8.65267 0.6907 -0.351762 -0.501837 0.790189
-6.50476 -8.32704 0.700493 -0.372519 -0.488909 0.788787
-6.9031 -7.99775 0.704399 -0.398718 -0.466232 0.789716
-7.34718 -7.61258 0.691742 -0.42523 -0.441625 0.790025
-7.71072 -7.2659 0.682325 -0.440601 -0.422839 0.791879
-8.04452 -6.8882 0.689435 -0.456486 -0.402063 0.793692
-8.36609 -6.47342 0.705019 -0.46969 -0.382127 0.795837
-8.73955 -6.00587 0.69228 -0.500332 -0.352101 0.790976
-9.04893 -5.52441 0.69708 -0.53446 -0.323942 0.780632
-9.29967 -5.06593 0.702193 -0.555358 -0.290205 0.779309
-9.53155 -4.60417 0.70009 -0.563657 -0.268491 0.781155
-9.77722 -4.05461 0.698825 -0.57491 -0.237428 0.782999
-9.97292 -3.53629 0.702273 -0.581992 -0.207377 0.786285
-10.138 -3.04543 0.70029 -0.588936 -0.182597 0.787272
-10.3071 -2.40244 0.7085 -0.594001 -0.15201 0.789971
-10.4359 -1.8542 0.700265 -0.610419 -0.108154 0.784623
-10.5375 -1.13338 0.699798 -0.615552 -0.0690652 0.78505
-10.5753 -0.522886 0.706039 -0.622064 -0.0281994 0.782447
-10.5839 0.0175804 0.705911 -0.625071 0.00489732 0.780534
-10.5807 0.543107 0.695512 -0.620014 0.031984 0.783939
-10.5541 1.06434 0.686203 -0.618954 0.0591153 0.783199
-10.4908 1.59258 0.68639 -0.615861 0.0845424 0.783303
-10.379 2.15127 0.700682 -0.609718 0.114711 0.784271
-10.258 2.68691 0.701221 -0.595646 0.154899 0.788154
-10.0923 3.24737 0.703827 -0.587592 0.189493 0.786637
-9.98119 3.58197 0.701523 -0.581691 0.209256 0.786013
-10.4919 3.79782 0.265897 -0.582876 0.210636 0.784783
-10.288 4.31061 0.267955 -0.567696 0.240455 0.787327
-10.0873 4.76959 0.263883 -0.55904 0.264818 0.785702
-9.83954 5.26472 0.263375 -0.542251 0.290775 0.788264
-9.56988 5.74051 0.262223 -0.524796 0.317412 0.789831
-9.2229 6.26943 0.264321 -0.505153 0.352089 0.787921
-8.87507 6.74742 0.262076 -0.488445 0.37727 0.786808
-8.54745 7.17024 0.251886 -0.462797 0.400013 0.791067
-8.09914 7.64136 0.265463 -0.449202 0.416684 0.790311
-7.71475 8.05344 0.256672 -0.426 0.431922 0.794942
-7.29596 8.4548 0.251041 -0.406325 0.452829 0.793626
-6.8706 8.78895 0.261493 -0.38304 0.479891 0.789291
-6.42574 9.10982 0.26625 -0.353542 0.504848 0.787487
-5.92718 9.44024 0.267713 -0.333105 0.523473 0.784219
-5.48829 9.70417 0.270003 -0.310369 0.536716 0.784586
-5.03479 9.95468 0.264257 -0.276143 0.559612 0.781369
-4.49786 10.2 0.268208 -0.252807 0.569457 0.782174
-4.01276 10.4111 0.263398 -0.22856 0.575914 0.784904
-3.47519 10.6144 0.259711 -0.199025 0.585839 0.785599
-2.88074 10.7784 0.271272 -0.159314 0.59323 0.789106
-2.39208 10.8985 0.268527 -0.134949 0.603323 0.785997
-1.87405 11.0092 0.26394 -0.108971 0.612456 0.78295
-1.37075 11.084 0.263044 -0.0690132 0.619526 0.781934
-0.811992 11.1322 0.263174 -0.0383442 0.623796 0.780642
-0.280579 11.1591 0.257186 -0.0130847 0.627894 0.778188
0.225159 11.1516 0.262564 0.0140098 0.623544 0.781646
0.790665 11.1332 0.253829 0.0495642 0.618927 0.783879
1.36774 11.0638 0.259689 0.0793923 0.609752 0.788605
1.8754 10.9869 0.258997 0.104604 0.605474 0.78896
2.41601 10.8815 0.257583 0.136441 0.600989 0.787511
3.00018 10.7343 0.255463 0.168932 0.589888 0.789608
3.51396 10.5629 0.263449 0.194195 0.579832 0.791251
4.04205 10.3712 0.263362 0.225405 0.569074 0.790782
4.54184 10.1696 0.25654 0.251358 0.557175 0.791438
5.00226 9.93789 0.265051 0.273276 0.543745 0.7935
5.49607 9.68974 0.255206 0.299974 0.530868 0.792585
5.93198 9.42912 0.2561 0.321666 0.516237 0.793744
6.40059 9.10153 0.264714 0.353941 0.503145 0.788398
6.8591 8.76309 0.263364 0.381334 0.489094 0.784456
7.36948 8.3328 0.265245 0.412436 0.467999 0.781584
7.83387 7.91242 0.257357 0.434022 0.44238 0.784809
8.26563 7.45152 0.264188 0.455381 0.41896 0.785557
8.63849 7.0158 0.266433 0.479325 0.394632 0.783894
8.99943 6.56703 0.260588 0.493529 0.372101 0.786105
9.31763 6.11712 0.261864 0.509587 0.340197 0.790293
9.599 5.68372 0.255597 0.5253 0.313355 0.791107
9.85454 5.20964 0.26261 0.54235 0.289545 0.788672
10.0892 4.74465 0.263167 0.553705 0.263182 0.790022
10.2871 4.28301 0.267194 0.569427 0.229817 0.789257
10.4835 3.76769 0.263238 0.583907 0.195774 0.787832
10.647 3.24894 0.260486 0.598655 0.171261 0.782478
10.7711 2.74517 0.267367 0.602059 0.147728 0.784649
10.8994 2.187 0.264837 0.601384 0.126212 0.788921
11.0073 1.6569 0.254199 0.60026 0.0971256 0.793885
11.0858 1.10254 0.251018 0.601098 0.0626993 0.796699
11.1268 0.578722 0.25225 0.599694 0.0393421 0.799243
11.1375 0.0780854 0.260091 0.600838 0.00948996 0.799295
11.1429 -0.431812 0.251785 0.597236 -0.023312 0.801711
11.0923 -0.965677 0.25875 0.601885 -0.0609902 0.796241
11.0306 -1.46215 0.259703 0.602013 -0.0858241 0.793843
10.9433 -2.02117 0.256231 0.603268 -0.114242 0.789296
10.8124 -2.60413 0.25976 0.599887 -0.143512 0.787095
10.6655 -3.13988 0.263486 0.586031 -0.170816 0.792077
10.4776 -3.74522 0.259073 0.578408 -0.20209 0.790306
10.2879 -4.24098 0.260492 0.567895 -0.230202 0.790244
10.0549 -4.77788 0.255614 0.552092 -0.26583 0.790271
9.77754 -5.3146 0.257081 0.532709 -0.293894 0.793624
9.4817 -5.80737 0.260992 0.522138 -0.318972 0.790967
9.17134 -6.29604 0.259965 0.512469 -0.337438 0.789624
8.83744 -6.76729 0.25815 0.492369 -0.377658 0.784117
8.49876 -7.17898 0.257276 0.465343 -0.40682 0.786075
8.08727 -7.60587 0.266027 0.441978 -0.427751 0.78847
7.66371 -8.02652 0.265442 0.424034 -0.444922 0.788822
7.2672 -8.40334 0.256452 0.40667 -0.460322 0.789127
6.82387 -8.75991 0.265519 0.387879 -0.4848 0.783901
6.37485 -9.11131 0.259946 0.360127 -0.500457 0.78729
5.93293 -9.41079 0.260615 0.328569 -0.51507 0.791672
5.49766 -9.69379 0.249372 0.309969 -0.530007 0.78931
5.04699 -9.92463 0.257803 0.275661 -0.548676 0.789277
4.51353 -10.1837 0.252046 0.246216 -0.560508 0.790689
4.02233 -10.3737 0.260302 0.221925 -0.56837 0.792278
3.42553 -10.5723 0.267746 0.189971 -0.586722 0.787189
2.89115 -10.7381 0.264581 0.168754 -0.593254 0.787129
2.28715 -10.8931 0.261205 0.131653 -0.603967 0.786049
1.75179 -10.9987 0.257307 0.0998189 -0.613732 0.783171
1.14395 -11.0796 0.257649 0.0664816 -0.619895 0.781854
0.588327 -11.1111 0.269105 0.0398562 -0.615843 0.78686
0.0220336 -11.1453 0.260743 0.0132116 -0.617093 0.786779
-0.532393 -11.1425 0.262161 -0.019765 -0.619468 0.784756
-1.06696 -11.0996 0.270055 -0.057124 -0.620761 0.781901
-1.64021 -11.0169 0.27626 -0.101459 -0.61763 0.779886
-2.1801 -10.9357 0.26018 -0.125248 -0.613373 0.779798
-2.78076 -10.7981 0.261622 -0.151598 -0.605388 0.781336
-3.28757 -10.645 0.270074 -0.181461 -0.591266 0.785773
-3.78009 -10.4767 0.270855 -0.211069 -0.577784 0.788426
-4.27881 -10.2773 0.268104 -0.247745 -0.569881 0.783482
-4.82785 -10.0307 0.262919 -0.273307 -0.556518 0.784586
-5.31717 -9.77707 0.262994 -0.297557 -0.541856 0.786019
-5.82432 -9.48553 0.260268 -0.323638 -0.523544 0.788108
-6.25241 -9.21268 0.256784 -0.344441 -0.506917 0.790187
-6.67487 -8.89136 0.269774 -0.368801 -0.491069 0.789184
-7.1189 -8.54386 0.268508 -0.393165 -0.476162 0.786552
-7.52251 -8.21094 0.257854 -0.410933 -0.456504 0.78913
-7.9057 -7.86066 0.251191 -0.429679 -0.436467 0.790488
-8.3215 -7.41961 0.255992 -0.454589 -0.413582 0.788845
-8.65605 -7.03575 0.25566 -0.466421 -0.39492 0.79151
-8.96562 -6.61949 0.267742 -0.492901 -0.367052 0.78886
-9.27725 -6.21513 0.252996 -0.509777 -0.346274 0.787535
-9.59119 -5.67347 0.266127 -0.539361 -0.303594 0.785424
-9.85892 -5.16854 0.265856 -0.558425 -0.281311 0.780393
-10.0807 -4.7085 0.266467 -0.567284 -0.263955 0.780072
-10.3004 -4.2122 0.265805 -0.572657 -0.237766 0.784557
-10.4831 -3.74243 0.267315 -0.582392 -0.212266 0.78469
-10.6536 -3.25766 0.261909 -0.592687 -0.185353 0.783811
-10.7922 -2.76624 0.266607 -0.59987 -0.166464 0.782576
-10.9223 -2.23105 0.266614 -0.606848 -0.127813 0.784464
-11.0244 -1.73853 0.257002 -0.609008 -0.0932582 0.78765
-11.0912 -1.13637 0.263899 -0.612654 -0.0619215 0.787909
-11.1241 -0.577943 0.26894 -0.617277 -0.0254665 0.786333
-11.1448 0.0111772 0.26356 -0.614105 0.00082907 0.789214
-11.1321 0.513913 0.264717 -0.610144 0.0244307 0.791909
-11.1069 1.04898 0.256454 -0.610067 0.0561332 0.790346
-11.0301 1.67924 0.258216 -0.607384 0.0823163 0.79013
-10.9331 2.21344 0.263434 -0.602765 0.114129 0.789711
-10.8053 2.77714 0.264951 -0.601568 0.148474 0.784891
-10.6522 3.30688 0.269645 -0.594302 0.182435 0.783249
-10.5663 3.57772 0.268294 -0.586607 0.197855 0.78533
-10.5452 3.64696 0.266521 -0.58489 0.204117 0.78499
