-0.384952 -0.0408999 5.7567 -0.0264721 0.00710636 0.999617
-0.0906554 0.390983 5.75404 -0.00544648 0.0256674 0.999635
0.377335 0.104783 5.75368 0.0225752 0.0175889 0.999588
0.13253 -0.356533 5.75944 0.0166124 -0.0212838 0.999598
-0.355943 -0.150347 5.75783 -0.0234482 -0.00105699 0.999709
-0.984892 -0.436928 5.72382 -0.0745503 -0.0232424 0.996936
-0.657072 -0.878596 5.72352 -0.0414185 -0.0611957 0.997256
-0.0475081 -1.07888 5.72375 -0.00252371 -0.0829891 0.996515
0.464047 -0.972108 5.72034 0.0413474 -0.0767335 0.996191
0.846026 -0.649563 5.72129 0.0615917 -0.0503185 0.996817
1.08062 -0.130935 5.72231 0.0642591 -0.0111649 0.99786
1.01703 0.383143 5.72084 0.0602723 0.0292361 0.997741
0.719257 0.814951 5.71889 0.0492439 0.0500793 0.99753
0.218973 1.07687 5.72296 0.0279769 0.0681071 0.997283
-0.377505 1.03187 5.72537 -0.0242232 0.0530851 0.998296
-0.813596 0.735797 5.7196 -0.0618956 0.0358393 0.997435
-1.05859 0.237503 5.71652 -0.0744707 0.0205432 0.997001
-1.00237 -0.395114 5.72333 -0.0791124 -0.0161653 0.996722
-1.61971 -0.695742 5.65572 -0.118072 -0.0388161 0.99224
-1.3388 -1.17181 5.65465 -0.0918137 -0.0776245 0.99274
-0.894661 -1.5493 5.65365 -0.0568454 -0.100102 0.993339
-0.298647 -1.75642 5.65188 -0.0132284 -0.120955 0.992555
0.231797 -1.75177 5.64793 0.0256172 -0.127123 0.991553
0.714266 -1.60988 5.64618 0.051427 -0.119903 0.991449
1.17925 -1.31334 5.6497 0.0715683 -0.0969552 0.992708
1.51809 -0.913166 5.65522 0.0898004 -0.0706982 0.993447
1.72583 -0.416356 5.6611 0.115117 -0.0373504 0.992624
1.77939 0.130243 5.65697 0.125902 0.00914508 0.991989
1.66005 0.655227 5.65216 0.115456 0.0536064 0.991857
1.39085 1.10299 5.64731 0.0928573 0.0848946 0.99205
1.02253 1.45302 5.64526 0.0801789 0.106922 0.991025
0.543511 1.71094 5.65001 0.0578471 0.123127 0.990689
0.00883514 1.79728 5.65651 0.01094 0.123071 0.992326
-0.523232 1.71861 5.6583 -0.0352782 0.118938 0.992261
-1.04027 1.47185 5.66024 -0.0613636 0.0922962 0.993812
-1.46126 1.03952 5.65785 -0.0952112 0.0515874 0.994091
-1.71625 0.485121 5.65232 -0.112082 0.0241748 0.993372
-1.7801 -0.017872 5.65029 -0.119825 -0.00333648 0.99278
-1.66935 -0.561859 5.65476 -0.117122 -0.0326863 0.992574
-2.27332 -0.897401 5.55519 -0.158946 -0.05114 0.985961
-2.02306 -1.38924 5.55745 -0.145995 -0.103445 0.983851
-1.69641 -1.7969 5.55348 -0.122713 -0.124043 0.984651
-1.23524 -2.15384 5.55906 -0.0954356 -0.129007 0.987032
-0.762198 -2.35966 5.56324 -0.0472847 -0.13981 0.989042
-0.196187 -2.46259 5.5568 0.00402977 -0.149357 0.988764
0.349962 -2.43585 5.55136 0.0361061 -0.148058 0.988294
0.876445 -2.29483 5.54404 0.0627212 -0.147879 0.987014
1.34933 -2.05167 5.54408 0.0855267 -0.145266 0.985685
1.7681 -1.7153 5.5499 0.112963 -0.133728 0.984553
2.10116 -1.27334 5.55667 0.135524 -0.0902845 0.986646
2.34981 -0.750466 5.55575 0.172325 -0.056249 0.983411
2.45685 -0.167338 5.54912 0.178543 -0.0020557 0.983925
2.44716 0.347406 5.54725 0.17515 0.018908 0.984356
2.29005 0.930769 5.55254 0.153727 0.0585236 0.986362
2.02292 1.41574 5.54763 0.131061 0.114425 0.984743
1.65359 1.82087 5.5416 0.107779 0.125451 0.986228
1.25337 2.13135 5.54147 0.0873848 0.142882 0.985872
0.749006 2.3686 5.54269 0.0635829 0.162786 0.984606
0.258973 2.46626 5.5513 0.0347392 0.166142 0.985467
-0.297763 2.46139 5.55757 -0.0117856 0.166969 0.985878
-0.884907 2.32976 5.55632 -0.0526366 0.155159 0.986486
-1.36259 2.09464 5.55999 -0.0861102 0.144648 0.985713
-1.82241 1.69132 5.5615 -0.130558 0.119495 0.984202
-2.16476 1.21487 5.55875 -0.152055 0.0723177 0.985696
-2.40866 0.597114 5.55135 -0.161659 0.03708 0.98614
-2.47724 -0.0105617 5.5486 -0.168514 -0.00580845 0.98567
-2.39649 -0.56542 5.54977 -0.164593 -0.032394 0.985824
-2.3279 -0.774946 5.55253 -0.165325 -0.0492794 0.98499
-2.96579 -1.02389 5.41762 -0.202715 -0.0692059 0.976785
-3.1329 -0.383928 5.41578 -0.213771 -0.0377184 0.976147
-3.16062 0.211146 5.41444 -0.208199 0.00902493 0.978041
-3.07144 0.77097 5.41637 -0.209834 0.0424294 0.976813
-2.88111 1.30987 5.42395 -0.194346 0.0714157 0.978309
-2.62046 1.77639 5.42805 -0.16994 0.120882 0.977996
-2.29241 2.17967 5.42762 -0.154902 0.141911 0.977683
-1.92218 2.52195 5.4295 -0.133482 0.159185 0.978171
-1.4964 2.80457 5.42986 -0.100338 0.176103 0.979245
-1.03945 3.0091 5.42696 -0.0574097 0.185532 0.980949
-0.502681 3.12675 5.4273 -0.0283011 0.202154 0.978934
0.0144426 3.16433 5.42574 0.0109192 0.205713 0.978545
0.524864 3.13594 5.41651 0.0454107 0.194944 0.979756
1.11396 2.96476 5.41288 0.0701444 0.182326 0.980729
1.65269 2.68781 5.41407 0.103039 0.163297 0.98118
2.13688 2.31838 5.4085 0.140259 0.147732 0.979031
2.53869 1.88861 5.41021 0.15485 0.141893 0.977695
2.81687 1.42933 5.41927 0.186743 0.106628 0.976588
2.99898 0.924169 5.42317 0.203244 0.0537591 0.977643
3.12608 0.397102 5.41446 0.206313 0.0206691 0.978267
3.14449 -0.130344 5.4106 0.222692 -0.0115555 0.97482
3.03823 -0.79174 5.41684 0.2165 -0.0429022 0.975324
2.83609 -1.35513 5.41844 0.20174 -0.0936666 0.974946
2.5788 -1.78974 5.4177 0.173457 -0.139055 0.974973
2.2311 -2.20917 5.41176 0.153207 -0.15827 0.975422
1.79841 -2.58261 5.41037 0.126702 -0.168765 0.977479
1.22321 -2.8958 5.41694 0.0948674 -0.180973 0.978898
0.663335 -3.0738 5.42793 0.0607967 -0.191795 0.979545
0.131489 -3.14499 5.43424 0.0185923 -0.192528 0.981113
-0.377871 -3.13576 5.43842 -0.00890078 -0.201148 0.979504
-0.888645 -3.04183 5.43993 -0.0583618 -0.19278 0.97949
-1.39554 -2.83988 5.43319 -0.112273 -0.18503 0.976291
-1.87078 -2.54089 5.42472 -0.135325 -0.158216 0.978087
-2.26429 -2.18993 5.42127 -0.148821 -0.142563 0.978526
-2.57781 -1.79352 5.42206 -0.170925 -0.114344 0.97862
-2.86315 -1.25925 5.42111 -0.193251 -0.0818924 0.977721
-2.9314 -1.10206 5.41898 -0.199413 -0.0710104 0.977338
-3.57199 -1.32347 5.25888 -0.236144 -0.0871646 0.967795
-3.74166 -0.806275 5.25352 -0.243715 -0.0519777 0.968451
-3.82993 -0.263365 5.25221 -0.247516 -0.0187525 0.96869
-3.82876 0.262032 5.25123 -0.2515 0.0219085 0.967603
-3.71827 0.922483 5.2557 -0.256305 0.0490248 0.965345
-3.55621 1.45231 5.2612 -0.243961 0.0813687 0.966357
-3.24649 2.05644 5.26997 -0.210032 0.128026 0.969254
-2.93319 2.47233 5.26985 -0.188523 0.16056 0.968848
-2.5396 2.87962 5.27561 -0.170599 0.162955 0.971764
-2.10557 3.22247 5.28095 -0.132519 0.194647 0.971877
-1.676 3.48446 5.27921 -0.095735 0.206689 0.973703
-1.1765 3.67738 5.27817 -0.0621095 0.221636 0.973147
-0.605243 3.7915 5.27692 -0.0262519 0.231852 0.972391
-0.0341402 3.84229 5.27172 0.00270354 0.236063 0.971728
0.477763 3.83039 5.26558 0.0343014 0.244788 0.968963
1.03817 3.71393 5.26218 0.0658474 0.223108 0.972546
1.53178 3.53286 5.26293 0.0951645 0.225859 0.969488
1.9796 3.29931 5.25993 0.135082 0.201621 0.970099
2.41369 2.97113 5.25516 0.172684 0.186589 0.967134
2.8385 2.57102 5.25068 0.17537 0.167832 0.97008
3.2368 2.07367 5.25468 0.198359 0.141324 0.969865
3.50988 1.55704 5.2626 0.219747 0.109653 0.969363
3.68374 1.0722 5.2618 0.2376 0.0548217 0.969815
3.80391 0.495441 5.24919 0.253433 0.0112575 0.967287
3.82633 -0.0175677 5.24169 0.2624 -0.0177039 0.964794
3.75767 -0.635844 5.24257 0.259987 -0.0356704 0.964952
3.63175 -1.17404 5.2478 0.249668 -0.0669922 0.965997
3.44333 -1.66169 5.25214 0.231256 -0.108476 0.966787
3.18029 -2.10749 5.25309 0.211265 -0.141386 0.967126
2.83904 -2.54804 5.24967 0.184364 -0.164964 0.968915
2.4481 -2.93751 5.25262 0.1674 -0.179631 0.969379
2.03905 -3.24596 5.25622 0.133086 -0.198996 0.970904
1.54633 -3.50277 5.26111 0.0993204 -0.218826 0.970682
0.965957 -3.69562 5.26765 0.0767316 -0.238254 0.968167
0.368089 -3.79552 5.27528 0.0382928 -0.262416 0.964181
-0.17347 -3.82481 5.27687 0.000473391 -0.259071 0.965857
-0.767784 -3.76166 5.27804 -0.0487321 -0.264478 0.963129
-1.26569 -3.62593 5.27545 -0.0952951 -0.252392 0.962906
-1.86175 -3.34862 5.2747 -0.120493 -0.214714 0.969181
-2.32079 -3.05178 5.26887 -0.161323 -0.185264 0.96935
-2.74411 -2.66953 5.26277 -0.189842 -0.170499 0.966893
-3.06313 -2.28299 5.26199 -0.204167 -0.146092 0.967967
-3.37147 -1.77767 5.26041 -0.228443 -0.115741 0.966642
-3.5323 -1.4312 5.25862 -0.236847 -0.0924478 0.967135
-4.16968 -1.63339 5.0691 -0.272046 -0.111434 0.955797
-4.3637 -1.05352 5.07108 -0.271945 -0.0811282 0.958887
-4.48964 -0.538586 5.06812 -0.269441 -0.0449348 0.961948
-4.52369 0.0577705 5.06645 -0.272058 0.011715 0.962207
-4.4674 0.564687 5.064 -0.288646 0.0479583 0.956233
-4.35169 1.15601 5.06468 -0.287511 0.0613296 0.955808
-4.20045 1.65711 5.06972 -0.278042 0.0879721 0.956526
-3.95802 2.19678 5.0722 -0.266019 0.135398 0.954406
-3.66771 2.61901 5.0806 -0.246161 0.169402 0.954297
-3.32638 3.03949 5.08429 -0.220401 0.186054 0.957497
-2.90819 3.43895 5.09462 -0.202862 0.207001 0.957073
-2.4658 3.79932 5.09946 -0.169109 0.232172 0.957844
-2.0245 4.05943 5.1034 -0.131006 0.246818 0.960162
-1.44194 4.30347 5.10445 -0.0762461 0.256543 0.963488
-0.918722 4.4299 5.09626 -0.0337796 0.278405 0.959852
-0.318459 4.49128 5.09472 -0.0155965 0.286471 0.957952
0.190629 4.51032 5.08842 0.020995 0.291677 0.956284
0.710899 4.467 5.08007 0.0603919 0.290218 0.955052
1.29051 4.3455 5.07146 0.0843894 0.28002 0.95627
1.79023 4.14869 5.07295 0.130233 0.274359 0.952755
2.24546 3.9122 5.06898 0.164687 0.257155 0.952227
2.6719 3.62127 5.06527 0.187857 0.235321 0.953569
3.08521 3.27267 5.06356 0.195195 0.218266 0.956162
3.46511 2.87865 5.07074 0.208353 0.191983 0.959004
3.85367 2.35943 5.07245 0.230827 0.155422 0.960495
4.14158 1.79286 5.08021 0.249178 0.11863 0.961162
4.35478 1.18708 5.07926 0.273584 0.0685361 0.959398
4.46018 0.638863 5.06574 0.280805 0.0090587 0.959714
4.4934 0.0983418 5.05321 0.288489 -0.0150181 0.95736
4.45779 -0.459603 5.05052 0.285946 -0.0303032 0.957766
4.36915 -0.99295 5.05395 0.276506 -0.0507041 0.959667
4.22312 -1.54594 5.0568 0.271278 -0.0881434 0.958425
3.998 -2.04743 5.0612 0.251119 -0.130692 0.95907
3.72155 -2.51652 5.05886 0.23275 -0.161245 0.959073
3.38125 -2.95408 5.05989 0.220764 -0.182295 0.958139
2.96817 -3.37812 5.06384 0.201021 -0.206667 0.957531
2.47212 -3.76705 5.069 0.164361 -0.233604 0.958329
1.97067 -4.05003 5.07225 0.130494 -0.259337 0.956919
1.47257 -4.25144 5.07596 0.0955717 -0.270948 0.957832
0.902334 -4.39886 5.07638 0.0548055 -0.291669 0.954946
0.304711 -4.47376 5.07586 0.0181839 -0.305325 0.952067
-0.298502 -4.48351 5.07186 -0.019511 -0.323365 0.946041
-0.842792 -4.41861 5.06922 -0.0596912 -0.31958 0.945673
-1.38117 -4.29016 5.06749 -0.0953981 -0.310616 0.945733
-1.86396 -4.0971 5.07518 -0.118709 -0.286647 0.950646
-2.31895 -3.85234 5.0832 -0.15985 -0.270649 0.949281
-2.74626 -3.56106 5.07833 -0.195206 -0.227891 0.953915
-3.15185 -3.2109 5.07055 -0.218036 -0.204232 0.954326
-3.50622 -2.78509 5.06926 -0.244393 -0.1804 0.952747
-3.80303 -2.36979 5.06469 -0.256514 -0.155043 0.954022
-4.05951 -1.88673 5.06757 -0.269152 -0.135582 0.953505
-4.14316 -1.70315 5.0682 -0.270003 -0.119463 0.955409
-4.77375 -1.89736 4.85045 -0.310887 -0.129342 0.941593
-4.98654 -1.27784 4.85416 -0.327411 -0.107159 0.938786
-5.14148 -0.694026 4.85436 -0.332665 -0.0667928 0.940675
-5.18972 -0.114352 4.85248 -0.348152 0.00400823 0.937406
-5.16106 0.414237 4.84716 -0.345943 0.0447708 0.937171
-5.07647 1.00101 4.8402 -0.331323 0.0631311 0.941402
-4.94117 1.51485 4.84887 -0.328783 0.0833544 0.940715
-4.77054 2.01543 4.85343 -0.308877 0.117083 0.943849
-4.51006 2.55839 4.85176 -0.288897 0.161223 0.943683
-4.17432 3.05044 4.86111 -0.276892 0.186586 0.94261
-3.81622 3.47971 4.87226 -0.249244 0.210597 0.945241
-3.44486 3.85787 4.87535 -0.22508 0.234116 0.945794
-3.00072 4.23245 4.87644 -0.203542 0.268929 0.941407
-2.54135 4.5258 4.88036 -0.182092 0.300855 0.936115
-2.05436 4.7762 4.88232 -0.153325 0.328232 0.932066
-1.4985 4.9814 4.88604 -0.0955939 0.338281 0.936136
-0.982676 5.09281 4.87956 -0.0406357 0.336697 0.94069
-0.443639 5.15196 4.87487 -0.0189706 0.334286 0.942275
0.129646 5.17521 4.86764 0.0174213 0.336003 0.941687
0.649153 5.13069 4.86491 0.047421 0.338753 0.939674
1.26474 5.0333 4.85412 0.0840744 0.326707 0.941369
1.82934 4.85351 4.85527 0.123451 0.318617 0.939759
2.32402 4.62384 4.84912 0.173431 0.292866 0.940281
2.754 4.36842 4.84232 0.192501 0.282374 0.939788
3.30274 3.96233 4.84347 0.213341 0.26646 0.939929
3.73817 3.55849 4.84712 0.234222 0.242196 0.941525
4.1231 3.13335 4.84999 0.259515 0.216993 0.941044
4.42187 2.69954 4.86058 0.267983 0.184043 0.945664
4.68068 2.21698 4.86908 0.292441 0.143178 0.945488
4.87392 1.7326 4.87208 0.312099 0.111903 0.943424
5.03682 1.20481 4.86884 0.33214 0.0664014 0.940846
5.13505 0.677231 4.8513 0.345469 0.00617958 0.938398
5.16231 0.169003 4.83675 0.327323 -0.0139232 0.944806
5.14615 -0.33373 4.83527 0.325642 -0.0142287 0.945378
5.08073 -0.8351 4.84387 0.311301 -0.0386985 0.949521
4.95364 -1.44449 4.85047 0.300639 -0.064921 0.951501
4.77647 -1.96828 4.85633 0.286292 -0.108073 0.95202
4.5478 -2.44995 4.85855 0.264064 -0.14313 0.953809
4.26517 -2.89299 4.85902 0.24591 -0.170992 0.954083
3.94495 -3.30063 4.85675 0.234161 -0.204932 0.950346
3.55889 -3.71258 4.85292 0.225425 -0.233394 0.945888
3.11524 -4.11521 4.85112 0.214326 -0.259661 0.941601
2.65344 -4.4318 4.84949 0.170597 -0.293564 0.940578
2.0767 -4.72377 4.85273 0.150373 -0.307509 0.939588
1.5202 -4.92511 4.8532 0.091102 -0.340184 0.93592
1.01927 -5.03786 4.85089 0.0589558 -0.35154 0.934307
0.468634 -5.12225 4.84058 0.0220346 -0.360306 0.932563
-0.073669 -5.13044 4.8418 -0.00499563 -0.356488 0.934287
-0.659527 -5.10342 4.83793 -0.0359236 -0.352381 0.935156
-1.22534 -5.02092 4.83096 -0.0800835 -0.335397 0.938661
-1.72951 -4.86646 4.83455 -0.107791 -0.327099 0.938815
-2.26138 -4.62969 4.84377 -0.145771 -0.321425 0.935639
-2.75788 -4.35237 4.84839 -0.185098 -0.30518 0.934128
-3.21533 -4.03799 4.84557 -0.218176 -0.272327 0.937132
-3.6139 -3.67519 4.84638 -0.244635 -0.243943 0.938426
-3.94935 -3.30067 4.84627 -0.265443 -0.209567 0.941068
-4.28891 -2.84663 4.84232 -0.278761 -0.18214 0.942926
-4.55258 -2.40224 4.84278 -0.290652 -0.160295 0.943299
-4.70102 -2.07346 4.8493 -0.303975 -0.133821 0.943221
-5.32466 -2.25365 4.60336 -0.352526 -0.150139 0.923672
-5.09852 -2.78775 4.59181 -0.334732 -0.180587 0.924844
-4.81024 -3.23758 4.59831 -0.31394 -0.210674 0.925761
-4.4417 -3.72892 4.60052 -0.285703 -0.2295 0.930419
-4.11373 -4.1134 4.59287 -0.263885 -0.258554 0.929255
-3.63827 -4.53221 4.59255 -0.23205 -0.297896 0.925949
-3.17365 -4.85892 4.59032 -0.204458 -0.324418 0.923549
-2.6302 -5.17336 4.58927 -0.173539 -0.334867 0.926129
-2.17695 -5.38752 4.58936 -0.136901 -0.340285 0.930285
-1.61978 -5.57962 4.58444 -0.0891729 -0.368206 0.925451
-1.1262 -5.69641 4.57794 -0.0651661 -0.374426 0.92496
-0.605487 -5.7551 4.58084 -0.0325712 -0.390491 0.920025
-0.0723246 -5.77816 4.58134 -0.00453511 -0.389021 0.921215
0.4678 -5.76935 4.57926 0.0266263 -0.388133 0.921213
1.06308 -5.68944 4.58548 0.0556458 -0.391035 0.918684
1.55826 -5.58177 4.59441 0.075335 -0.380241 0.921812
2.1565 -5.40171 4.60007 0.135748 -0.356546 0.924308
2.65934 -5.17055 4.59883 0.170088 -0.330095 0.928488
3.13336 -4.89617 4.60116 0.196171 -0.311693 0.929689
3.54904 -4.5969 4.60164 0.224532 -0.289057 0.930607
3.93897 -4.26911 4.59864 0.251462 -0.27399 0.928273
4.32033 -3.86252 4.61192 0.262392 -0.26506 0.927837
4.73671 -3.35952 4.62651 0.279284 -0.239119 0.929952
5.07576 -2.84518 4.62571 0.324142 -0.178985 0.928871
5.3148 -2.38579 4.61989 0.347432 -0.146659 0.926143
5.49633 -1.91468 4.61525 0.3558 -0.104879 0.928645
5.65443 -1.34568 4.60796 0.36493 -0.0742351 0.928062
5.75795 -0.760263 4.60091 0.372866 -0.0393207 0.927046
5.80501 -0.224924 4.59193 0.36542 -0.0113442 0.930773
5.81712 0.309533 4.59131 0.369401 0.000461646 0.929266
5.78 0.824596 4.59891 0.379908 0.0261918 0.924649
5.67042 1.33694 4.61796 0.375809 0.0710955 0.923965
5.51045 1.88676 4.62316 0.36038 0.121032 0.924909
5.2585 2.52894 4.6153 0.345198 0.170035 0.922985
5.01127 2.96635 4.6139 0.32548 0.207451 0.922511
4.72637 3.40163 4.60448 0.295743 0.23343 0.926308
4.4094 3.79528 4.60024 0.279451 0.252303 0.92641
3.94008 4.27715 4.59612 0.247029 0.273914 0.929475
3.47565 4.66643 4.59237 0.218909 0.297675 0.929221
3.00537 4.98789 4.59338 0.205368 0.310222 0.928217
2.51405 5.24962 4.60713 0.179341 0.330426 0.926616
2.03865 5.47133 4.60478 0.131511 0.362754 0.922547
1.55868 5.62164 4.60669 0.109441 0.371518 0.921948
0.942004 5.7475 4.61598 0.0731449 0.374789 0.92422
0.423164 5.80878 4.62008 0.0349495 0.37768 0.925268
-0.116073 5.82469 4.62258 -0.00432638 0.379261 0.925267
-0.719928 5.7757 4.62382 -0.0479449 0.385594 0.921422
-1.25223 5.69824 4.62125 -0.0742742 0.389252 0.91813
-1.87123 5.53782 4.61985 -0.133794 0.376367 0.916727
-2.39024 5.3388 4.61792 -0.151962 0.358934 0.920894
-2.84227 5.10334 4.62512 -0.187526 0.330012 0.925155
-3.30184 4.81612 4.62178 -0.225757 0.317122 0.921122
-3.73325 4.47627 4.62057 -0.261086 0.29665 0.918594
-4.12619 4.11012 4.61697 -0.297533 0.283653 0.911582
-4.51007 3.66864 4.6156 -0.311818 0.246992 0.917468
-4.83081 3.24736 4.60821 -0.324792 0.211647 0.921782
-5.10684 2.82387 4.59973 -0.347771 0.181902 0.919759
-5.33311 2.35789 4.59908 -0.359038 0.15667 0.920067
-5.51383 1.85741 4.60113 -0.362546 0.111892 0.925218
-5.67211 1.33642 4.59304 -0.366655 0.0820205 0.926734
-5.76402 0.824882 4.59484 -0.36081 0.0552584 0.930999
-5.83776 0.256502 4.58739 -0.381036 0.016889 0.924405
-5.83436 -0.270571 4.59046 -0.395036 -0.01254 0.918569
-5.77189 -0.809007 4.59668 -0.395792 -0.0646296 0.916052
-5.628 -1.40034 4.60036 -0.383112 -0.103473 0.917888
-5.46617 -1.912 4.60024 -0.362335 -0.127672 0.923248
-5.38894 -2.1078 4.60187 -0.351572 -0.142602 0.925224
-6.00601 -2.29305 4.31538 -0.402981 -0.158217 0.901419
-6.17426 -1.7973 4.3142 -0.421667 -0.118833 0.89892
-6.31576 -1.28745 4.30838 -0.425636 -0.0947624 0.899911
-6.42802 -0.68261 4.30789 -0.424836 -0.0581548 0.903398
-6.48426 -0.0970544 4.30652 -0.416907 -0.0229546 0.90864
-6.46046 0.460483 4.31664 -0.414175 0.0195733 0.909986
-6.3794 1.00693 4.32798 -0.400116 0.057885 0.914627
-6.28665 1.51403 4.32358 -0.393824 0.0997972 0.913735
-6.12391 2.03129 4.32688 -0.385592 0.130646 0.913369
-5.92912 2.5863 4.31661 -0.378475 0.163583 0.911036
-5.69787 3.06211 4.31986 -0.370407 0.190039 0.909208
-5.39972 3.54601 4.32422 -0.348866 0.232138 0.907953
-5.0033 4.07291 4.3241 -0.3286 0.274566 0.903677
-4.65436 4.46869 4.32324 -0.315034 0.294507 0.90223
-4.28698 4.81852 4.33226 -0.299332 0.307649 0.903177
-3.86365 5.1869 4.33514 -0.270555 0.325595 0.905965
-3.39787 5.51384 4.34501 -0.234629 0.343784 0.909256
-2.95071 5.77624 4.33986 -0.181193 0.379485 0.907275
-2.45363 6.00009 4.33208 -0.147063 0.39823 0.905419
-1.84309 6.20766 4.32965 -0.122814 0.413228 0.902296
-1.23686 6.34312 4.33727 -0.087526 0.415241 0.905475
-0.740541 6.41148 4.34399 -0.047768 0.424946 0.903955
-0.235863 6.4511 4.3436 -0.0121819 0.42934 0.90306
0.296601 6.44471 4.34447 0.0240954 0.427593 0.903637
0.872766 6.39974 4.33951 0.0588667 0.420983 0.905134
1.38855 6.32372 4.32731 0.0946778 0.408169 0.907975
1.94565 6.17736 4.32211 0.125263 0.402762 0.90669
2.46619 5.98492 4.32705 0.160391 0.389368 0.906994
2.92624 5.77151 4.32359 0.196058 0.370226 0.908001
3.37323 5.51141 4.32663 0.203501 0.345524 0.916071
3.79582 5.23653 4.32796 0.228657 0.319404 0.919597
4.2523 4.86022 4.33184 0.258063 0.298078 0.918989
4.68729 4.44785 4.33146 0.286563 0.276956 0.917148
5.05072 4.03155 4.33262 0.319103 0.256818 0.912246
5.35624 3.6202 4.33114 0.340299 0.232577 0.9111
5.63007 3.18146 4.33186 0.36913 0.209141 0.905527
5.87664 2.72382 4.33064 0.374251 0.186797 0.908307
6.06166 2.25451 4.33619 0.394337 0.150351 0.906582
6.21936 1.76764 4.33645 0.410835 0.116797 0.904194
6.37436 1.14715 4.32324 0.412949 0.0633379 0.908535
6.44511 0.595518 4.32024 0.412962 0.0326154 0.910159
6.46127 0.0635206 4.3215 0.414941 -0.00958846 0.909778
6.44027 -0.44972 4.32175 0.405743 -0.0229858 0.913698
6.36824 -1.00611 4.33331 0.405834 -0.0432699 0.912915
6.24975 -1.61232 4.34081 0.393655 -0.0859614 0.915216
6.07927 -2.19451 4.34223 0.389082 -0.134634 0.911298
5.86559 -2.72921 4.33912 0.383043 -0.172047 0.907566
5.57904 -3.22526 4.3502 0.366303 -0.217602 0.90467
5.23729 -3.75093 4.34594 0.352003 -0.269453 0.896343
4.86644 -4.20943 4.33606 0.316368 -0.294619 0.901718
4.45383 -4.66356 4.32206 0.296039 -0.307503 0.904322
4.05781 -5.00675 4.32948 0.283513 -0.319745 0.904092
3.61924 -5.34363 4.33674 0.235399 -0.334559 0.912462
3.19321 -5.61541 4.33257 0.188986 -0.360746 0.913303
2.66246 -5.8734 4.33266 0.163162 -0.372728 0.913462
2.03025 -6.10863 4.32305 0.0995245 -0.411701 0.905822
1.51204 -6.24044 4.30923 0.0729643 -0.419865 0.904644
0.97888 -6.34894 4.29904 0.0610889 -0.419078 0.905881
0.417121 -6.4064 4.29914 0.0236488 -0.419909 0.907235
-0.107773 -6.42791 4.29229 -0.00814717 -0.419735 0.907605
-0.684234 -6.39249 4.29626 -0.0315742 -0.414979 0.909278
-1.26819 -6.32914 4.29479 -0.0612152 -0.407669 0.911075
-1.76475 -6.20674 4.3065 -0.0918873 -0.403912 0.910158
-2.24532 -6.0526 4.31344 -0.134143 -0.395643 0.908537
-2.76614 -5.8241 4.31746 -0.188307 -0.370394 0.909557
-3.30215 -5.53594 4.31084 -0.222924 -0.360449 0.905748
-3.8053 -5.1994 4.31156 -0.251159 -0.34671 0.903707
-4.21803 -4.88255 4.31041 -0.280457 -0.331975 0.900616
-4.6319 -4.4975 4.31076 -0.304499 -0.301434 0.903553
-4.97936 -4.09063 4.31807 -0.326326 -0.267818 0.906505
-5.3193 -3.62488 4.31715 -0.350631 -0.234472 0.906686
-5.65979 -3.08124 4.30956 -0.380288 -0.198173 0.903384
-5.86976 -2.62202 4.31441 -0.392308 -0.17149 0.903703
-5.97309 -2.37903 4.31459 -0.399036 -0.163429 0.902247
-6.57721 -2.55185 4.00102 -0.433504 -0.161885 0.886487
-6.75313 -1.99082 4.00747 -0.442604 -0.137947 0.88604
-6.90124 -1.50584 4.00018 -0.44079 -0.112425 0.890542
-7.00688 -1.00999 4.00342 -0.445009 -0.0835386 0.891602
-7.08085 -0.436042 4.00347 -0.451319 -0.0376873 0.891559
-7.09734 0.139683 4.01105 -0.456108 -0.0079264 0.889882
-7.04706 0.774917 4.02657 -0.459295 0.0452252 0.88707
-6.97511 1.27069 4.02705 -0.454835 0.077133 0.887228
-6.82507 1.9002 4.03461 -0.431228 0.117095 0.894571
-6.63779 2.46812 4.0282 -0.414662 0.167754 0.894369
-6.45629 2.93652 4.01708 -0.406247 0.191481 0.893469
-6.23216 3.39084 4.01508 -0.410342 0.218239 0.885426
-5.95629 3.8498 4.01742 -0.387539 0.252193 0.886671
-5.63114 4.28833 4.02005 -0.358737 0.285702 0.888629
-5.25084 4.74618 4.01492 -0.334421 0.30401 0.892041
-4.89738 5.10286 4.02183 -0.330826 0.319132 0.888087
-4.4461 5.51953 4.02862 -0.306041 0.34126 0.88874
-3.92994 5.91428 4.03867 -0.271618 0.357169 0.893672
-3.42888 6.22037 4.0412 -0.220214 0.400687 0.889345
-2.89713 6.48196 4.03263 -0.179775 0.435123 0.882235
-2.4062 6.68332 4.01999 -0.14248 0.435836 0.888672
-1.77536 6.86812 4.02156 -0.122727 0.444577 0.887291
-1.26749 6.97452 4.02883 -0.089487 0.449764 0.888644
-0.631092 7.04861 4.03738 -0.0414894 0.452949 0.890565
-0.082566 7.07928 4.03514 -0.00111118 0.456392 0.889768
0.519988 7.0447 4.04154 0.0323794 0.453223 0.890809
1.13527 6.99681 4.03285 0.0715549 0.447359 0.891478
1.67634 6.89537 4.02337 0.120071 0.441437 0.889215
2.2298 6.73429 4.01649 0.152089 0.442565 0.883734
2.74963 6.53665 4.0165 0.182658 0.435332 0.881539
3.2653 6.30285 4.01495 0.203527 0.4251 0.881961
3.77495 6.00131 4.03123 0.220729 0.396763 0.89097
4.27736 5.66504 4.03147 0.28399 0.378215 0.881076
4.6626 5.34073 4.03386 0.305341 0.350935 0.885215
5.061 4.96805 4.03423 0.320678 0.320975 0.891145
5.47653 4.51594 4.03032 0.350438 0.28299 0.892796
5.83441 4.0196 4.0321 0.375684 0.255869 0.890724
6.11715 3.58522 4.02821 0.401812 0.224783 0.887701
6.41922 3.02539 4.02452 0.425738 0.204071 0.881512
6.63425 2.48636 4.03046 0.435798 0.161414 0.885437
6.81212 1.97767 4.02619 0.436953 0.130409 0.889973
6.94903 1.46765 4.01661 0.452296 0.0864448 0.887665
7.03882 0.931809 4.01396 0.46201 0.0576818 0.884991
7.08274 0.4317 4.01397 0.46007 0.0161597 0.887731
7.08328 -0.0678749 4.01292 0.462331 -0.0147311 0.886584
7.05692 -0.624392 4.01302 0.467195 -0.0246697 0.88381
6.97845 -1.13164 4.03431 0.460777 -0.0475924 0.886239
6.85924 -1.76395 4.04275 0.439357 -0.103277 0.892339
6.69746 -2.32322 4.04252 0.435002 -0.15046 0.887735
6.47984 -2.86326 4.03844 0.412154 -0.195608 0.889851
6.1994 -3.42143 4.03269 0.400296 -0.226828 0.887867
5.90094 -3.90522 4.0251 0.380404 -0.275613 0.882793
5.55716 -4.35365 4.02359 0.366551 -0.302253 0.879932
5.14836 -4.83047 4.01758 0.340592 -0.325931 0.881902
4.79311 -5.18992 4.01286 0.320824 -0.350599 0.879853
4.38528 -5.54392 4.01415 0.308046 -0.366224 0.878042
3.88403 -5.89919 4.02822 0.276156 -0.390297 0.878274
3.44138 -6.18962 4.01935 0.23179 -0.417273 0.878701
2.92715 -6.43403 4.02743 0.198041 -0.425756 0.882888
2.41183 -6.63521 4.02551 0.137886 -0.44646 0.884066
1.93242 -6.7824 4.01174 0.0907779 -0.446054 0.890374
1.39162 -6.90539 3.99704 0.0718934 -0.453823 0.888186
0.860532 -6.99015 3.99235 0.0570373 -0.458419 0.886892
0.346101 -7.0389 3.99182 0.0236419 -0.453592 0.890895
-0.193226 -7.05983 3.9881 -0.00227293 -0.445601 0.895212
-0.719351 -7.02511 3.99578 -0.0270089 -0.438734 0.898208
-1.32593 -6.95797 3.99771 -0.0601523 -0.439299 0.896319
-1.86777 -6.83834 4.00517 -0.110854 -0.428369 0.896763
-2.38342 -6.6683 4.00916 -0.153149 -0.424742 0.892265
-2.90108 -6.44578 4.00949 -0.205872 -0.422228 0.882794
-3.37964 -6.21301 3.99981 -0.233095 -0.408811 0.882343
-3.88881 -5.91319 3.99511 -0.255635 -0.396419 0.88176
-4.33816 -5.57566 4.00024 -0.284519 -0.368788 0.884895
-4.73257 -5.25386 4.00074 -0.298279 -0.355496 0.885806
-5.16689 -4.85082 4.00228 -0.320751 -0.320149 0.891398
-5.4947 -4.44572 4.0116 -0.361426 -0.28175 0.888794
-5.79548 -4.03412 4.00542 -0.394349 -0.25013 0.884259
-6.10406 -3.5509 3.99703 -0.407271 -0.230794 0.883661
-6.38818 -2.9982 3.99947 -0.419346 -0.201439 0.885193
-6.54603 -2.64504 3.99894 -0.427415 -0.169345 0.88802
-7.09595 -2.88613 3.66924 -0.462955 -0.182627 0.867348
-7.31979 -2.21703 3.67454 -0.47157 -0.149879 0.868986
-7.48352 -1.67809 3.67269 -0.475699 -0.13003 0.86994
-7.60822 -1.10589 3.67567 -0.492905 -0.0870253 0.865698
-7.68169 -0.53627 3.67447 -0.500961 -0.0421193 0.864441
-7.72234 0.0038098 3.66846 -0.517033 -0.0107777 0.855875
-7.69546 0.606211 3.67508 -0.514551 0.0362257 0.856679
-7.5917 1.2179 3.6948 -0.498043 0.0759462 0.863804
-7.49705 1.76352 3.69393 -0.491334 0.0995766 0.865255
-7.3533 2.27744 3.69951 -0.483894 0.153756 0.861495
-7.18021 2.74796 3.69889 -0.466974 0.19065 0.863461
-6.95036 3.31871 3.68286 -0.447006 0.220978 0.866798
-6.69136 3.82902 3.67566 -0.434623 0.245615 0.866468
-6.34858 4.36052 3.67635 -0.419306 0.291448 0.859787
-6.01465 4.79795 3.68125 -0.399686 0.310876 0.862324
-5.63878 5.23506 3.68388 -0.368904 0.335308 0.866874
-5.27454 5.59334 3.69341 -0.346535 0.345333 0.872155
-4.88559 5.95343 3.69698 -0.324623 0.368389 0.871147
-4.46218 6.28588 3.70405 -0.302387 0.395528 0.867232
-4.04463 6.56581 3.7092 -0.272004 0.427407 0.862164
-3.54324 6.8459 3.70593 -0.213523 0.453632 0.865217
-3.07425 7.07441 3.69236 -0.183123 0.462023 0.86775
-2.55497 7.27551 3.68746 -0.160082 0.473432 0.866146
-1.97927 7.44464 3.69072 -0.135647 0.490335 0.860906
-1.46909 7.55448 3.69774 -0.107877 0.486691 0.86687
-0.8648 7.64498 3.70437 -0.0682179 0.486881 0.870785
-0.31093 7.68943 3.70588 -0.0196685 0.48745 0.87292
0.322433 7.67242 3.71331 0.0215364 0.49497 0.868637
0.916261 7.63665 3.70593 0.0660664 0.492627 0.867693
1.49885 7.55041 3.6976 0.102517 0.489954 0.865696
2.03311 7.43537 3.68784 0.145156 0.479578 0.865368
2.54862 7.27098 3.68142 0.171008 0.468724 0.866631
3.12071 7.04329 3.67737 0.205426 0.454572 0.866691
3.57282 6.81795 3.67901 0.234059 0.452864 0.860284
4.07064 6.54781 3.67718 0.26346 0.450128 0.853209
4.50056 6.25869 3.68416 0.300698 0.428864 0.851837
4.93877 5.90734 3.6927 0.324374 0.395289 0.859355
5.3254 5.56588 3.69323 0.345516 0.373553 0.860854
5.7143 5.1732 3.69802 0.374839 0.345427 0.860285
6.04023 4.79236 3.69426 0.397868 0.304468 0.86544
6.32828 4.37283 3.70013 0.412338 0.279246 0.867179
6.62427 3.94055 3.68944 0.433144 0.249785 0.865992
6.86518 3.50157 3.68421 0.455674 0.220799 0.862323
7.1023 2.96938 3.68417 0.472093 0.198615 0.858872
7.30505 2.45201 3.68391 0.484144 0.170116 0.858259
7.4715 1.85469 3.6872 0.495285 0.118103 0.860651
7.59496 1.32305 3.67696 0.497651 0.0806448 0.863616
7.66832 0.782684 3.67135 0.507022 0.0499202 0.860481
7.6919 0.214967 3.67813 0.509384 0.011737 0.860449
7.68733 -0.382046 3.67298 0.497603 -0.0208089 0.867136
7.63894 -0.907883 3.68595 0.492445 -0.0323528 0.869732
7.54764 -1.45683 3.70836 0.485679 -0.0567664 0.872288
7.41666 -2.05679 3.71633 0.481434 -0.125438 0.867436
7.2555 -2.56104 3.71616 0.469033 -0.170935 0.866449
7.0437 -3.09502 3.70856 0.451114 -0.21111 0.867131
6.81898 -3.56181 3.70167 0.434338 -0.248389 0.865781
6.54599 -4.02974 3.68848 0.416613 -0.291562 0.86104
6.23303 -4.4716 3.68241 0.404666 -0.312589 0.859379
5.89877 -4.89565 3.67788 0.38853 -0.329928 0.860339
5.50834 -5.33152 3.67315 0.370225 -0.359956 0.856362
5.09819 -5.72904 3.67009 0.340709 -0.383308 0.858481
4.6777 -6.08749 3.66902 0.319694 -0.393191 0.862088
4.19653 -6.43331 3.67865 0.29099 -0.407116 0.865779
3.64107 -6.76969 3.68107 0.244722 -0.436632 0.865709
3.1812 -6.98681 3.68611 0.206268 -0.466425 0.860151
2.66783 -7.18556 3.68579 0.166706 -0.489417 0.855958
2.07147 -7.37194 3.6747 0.118086 -0.496426 0.860006
1.49254 -7.50725 3.66115 0.0829035 -0.494116 0.865434
0.90336 -7.60808 3.65337 0.0648407 -0.493411 0.867374
0.357808 -7.65607 3.66029 0.0410336 -0.492015 0.869594
-0.195384 -7.6846 3.65785 0.00522177 -0.493216 0.869879
-0.793325 -7.63979 3.67083 -0.0351929 -0.487502 0.872397
-1.47696 -7.55604 3.67298 -0.0774748 -0.493507 0.866279
-1.98083 -7.44994 3.67629 -0.114571 -0.481294 0.869037
-2.5724 -7.25212 3.68179 -0.180316 -0.455521 0.871757
-3.06107 -7.04726 3.67615 -0.208769 -0.440222 0.873277
-3.53097 -6.82461 3.66531 -0.234138 -0.431994 0.870952
-3.99278 -6.56621 3.65965 -0.257625 -0.424426 0.868034
-4.42178 -6.27583 3.66739 -0.278165 -0.403868 0.871486
-4.90175 -5.90999 3.66966 -0.30178 -0.377731 0.87535
-5.35143 -5.51702 3.67273 -0.329942 -0.362492 0.871617
-5.71163 -5.1553 3.67349 -0.367201 -0.333721 0.868179
-6.02612 -4.7634 3.67263 -0.40124 -0.293437 0.867682
-6.32797 -4.34226 3.66553 -0.419665 -0.267397 0.867391
-6.61765 -3.88527 3.65809 -0.432267 -0.24727 0.867179
-6.90539 -3.34112 3.66217 -0.44555 -0.22446 0.866646
-7.07371 -2.94756 3.66791 -0.458185 -0.190219 0.868247
-7.65683 -3.08063 3.31902 -0.485528 -0.187842 0.853796
-7.43463 -3.61909 3.31057 -0.463284 -0.235376 0.854369
-7.18032 -4.09887 3.30486 -0.453142 -0.262105 0.852034
-6.90091 -4.56707 3.30722 -0.448266 -0.272939 0.851202
-6.51489 -5.11002 3.31946 -0.425396 -0.304701 0.852157
-6.18099 -5.52908 3.31619 -0.399611 -0.346374 0.8487
-5.78107 -5.93521 3.31933 -0.362399 -0.380397 0.850856
-5.3101 -6.35569 3.31204 -0.324587 -0.416773 0.849084
-4.87986 -6.66924 3.31641 -0.318039 -0.436463 0.841634
-4.43624 -6.99554 3.3013 -0.285293 -0.44797 0.847305
-3.98422 -7.26717 3.30529 -0.279154 -0.458848 0.84352
-3.50735 -7.49696 3.32303 -0.234511 -0.465822 0.853238
-2.96285 -7.73791 3.3259 -0.200268 -0.494228 0.845941
-2.48043 -7.90986 3.32661 -0.160818 -0.50804 0.846171
-1.94127 -8.06555 3.3202 -0.115933 -0.516784 0.848204
-1.3746 -8.16971 3.31891 -0.0730365 -0.526094 0.847271
-0.799811 -8.24167 3.31059 -0.0356515 -0.533613 0.844969
-0.217643 -8.28298 3.29602 0.00255164 -0.535278 0.844656
0.435082 -8.25513 3.29555 0.0385285 -0.533264 0.845071
0.950494 -8.19954 3.29827 0.065292 -0.523691 0.849398
1.48393 -8.12177 3.29918 0.0819396 -0.521387 0.849376
2.08246 -7.98065 3.31352 0.126626 -0.519186 0.845201
2.5689 -7.84312 3.3147 0.163413 -0.51826 0.839461
3.13604 -7.6467 3.31587 0.192489 -0.512339 0.836922
3.69178 -7.40588 3.31598 0.231617 -0.49142 0.839549
4.18999 -7.14187 3.32115 0.263682 -0.46791 0.843496
4.61484 -6.86918 3.32157 0.305301 -0.430882 0.849168
5.08204 -6.51957 3.31116 0.348512 -0.409221 0.843247
5.52114 -6.14537 3.30603 0.359476 -0.396265 0.844833
5.87918 -5.79646 3.30681 0.38113 -0.375837 0.84468
6.26274 -5.3716 3.31137 0.407356 -0.357454 0.840398
6.62905 -4.93248 3.31087 0.425633 -0.339899 0.838631
6.96052 -4.47722 3.31931 0.438792 -0.317183 0.840739
7.23129 -4.03122 3.33622 0.461336 -0.290427 0.838337
7.48549 -3.5692 3.34043 0.484723 -0.246762 0.839095
7.69756 -3.0863 3.34559 0.504459 -0.208917 0.837758
7.87199 -2.59086 3.35028 0.524917 -0.174781 0.833011
8.03309 -2.07171 3.34775 0.532553 -0.140507 0.834627
8.14519 -1.56335 3.34468 0.535654 -0.0811917 0.840516
8.22334 -1.04571 3.33247 0.535998 -0.0408418 0.843201
8.28035 -0.4943 3.31342 0.536617 -0.0147165 0.843681
8.29152 0.0647773 3.30971 0.538439 0.00450668 0.84265
8.26854 0.722663 3.30334 0.547136 0.0409377 0.83604
8.20698 1.23729 3.30713 0.540091 0.0729065 0.838436
8.08325 1.84842 3.31759 0.530211 0.109915 0.840696
7.92506 2.44914 3.3156 0.514524 0.159714 0.842466
7.69865 3.06937 3.32154 0.500801 0.188398 0.844809
7.50199 3.54243 3.32253 0.485967 0.217718 0.846415
7.2635 4.0078 3.32808 0.474811 0.249205 0.844058
6.9918 4.46623 3.32859 0.453727 0.291269 0.842196
6.69051 4.89692 3.32858 0.441677 0.32469 0.836359
6.38231 5.29672 3.32706 0.426584 0.353728 0.832405
6.04802 5.66995 3.32804 0.400737 0.393634 0.827319
5.65342 6.06334 3.32247 0.378256 0.41677 0.826571
5.18076 6.46913 3.31667 0.346454 0.441437 0.827709
4.69167 6.83452 3.30918 0.308609 0.456554 0.834449
4.24908 7.11767 3.30927 0.282289 0.467359 0.837777
3.69202 7.42388 3.31566 0.252698 0.473175 0.843938
3.18995 7.65993 3.32109 0.218719 0.48998 0.843838
2.6358 7.86747 3.32458 0.174442 0.506278 0.844542
2.11672 8.02409 3.3264 0.142074 0.527635 0.837501
1.57578 8.14268 3.33076 0.109119 0.532336 0.83947
1.03027 8.22307 3.33894 0.0803984 0.546126 0.833829
0.401237 8.27108 3.34676 0.0291943 0.552653 0.832893
-0.177437 8.28682 3.34507 -0.00790776 0.54782 0.836543
-0.725084 8.25679 3.34672 -0.0475835 0.539754 0.840464
-1.30367 8.19041 3.33737 -0.101721 0.539959 0.835511
-1.85693 8.07629 3.33157 -0.130864 0.536153 0.833913
-2.3821 7.94176 3.3273 -0.152032 0.519433 0.840875
-2.88785 7.79372 3.31917 -0.177291 0.512565 0.840142
-3.4015 7.58783 3.32721 -0.204362 0.499994 0.841567
-3.86249 7.35307 3.3418 -0.249938 0.487434 0.836603
-4.34002 7.08007 3.34444 -0.280361 0.463621 0.840474
-4.81647 6.77141 3.33645 -0.318852 0.435384 0.841869
-5.22871 6.45018 3.33458 -0.343777 0.41271 0.843493
-5.62157 6.09469 3.33269 -0.377381 0.388917 0.840432
-5.99844 5.72419 3.32503 -0.400206 0.367222 0.839622
-6.35284 5.32955 3.31587 -0.419264 0.33916 0.842128
-6.72912 4.85737 3.30741 -0.434862 0.316809 0.842921
-7.0353 4.41383 3.30745 -0.447001 0.297472 0.843619
-7.32911 3.88555 3.31891 -0.474846 0.264043 0.839523
-7.56369 3.41665 3.3213 -0.487313 0.231231 0.842041
-7.76987 2.86593 3.33783 -0.500607 0.188767 0.844831
-7.9361 2.3911 3.33644 -0.508513 0.164059 0.845279
-8.08438 1.85968 3.33457 -0.517301 0.116893 0.847763
-8.20317 1.3197 3.31914 -0.523876 0.0674886 0.849106
-8.27597 0.795583 3.30564 -0.540209 0.0363123 0.840738
-8.3115 0.234689 3.29775 -0.544355 0.00883074 0.838802
-8.30097 -0.287393 3.30335 -0.54367 -0.0147385 0.839167
-8.24507 -0.898269 3.31326 -0.521704 -0.0546513 0.851374
-8.15647 -1.39549 3.32153 -0.508635 -0.099994 0.855156
-8.02284 -1.95762 3.32294 -0.498913 -0.135226 0.856029
-7.88212 -2.4489 3.31843 -0.488191 -0.160061 0.857931
-7.70677 -2.94971 3.31887 -0.484166 -0.177655 0.856749
-7.70485 -2.95474 3.31891 -0.485008 -0.18202 0.855349
-8.26904 -3.12948 2.94035 -0.522466 -0.194735 0.830121
-8.07321 -3.61827 2.94175 -0.512928 -0.220493 0.829611
-7.84347 -4.09695 2.93842 -0.487389 -0.269433 0.830566
-7.5652 -4.61343 2.92601 -0.47714 -0.286741 0.830729
-7.20896 -5.16626 2.93257 -0.46654 -0.30926 0.828655
-6.83808 -5.65316 2.94082 -0.435929 -0.354435 0.827184
-6.4791 -6.06144 2.93636 -0.405928 -0.383302 0.82964
-6.05858 -6.48241 2.92824 -0.378605 -0.428558 0.820311
-5.59573 -6.86921 2.92184 -0.348873 -0.457782 0.817754
-5.15421 -7.1894 2.92627 -0.334343 -0.466251 0.819031
-4.69878 -7.51588 2.91653 -0.313463 -0.476711 0.821265
-4.21452 -7.7983 2.92524 -0.284952 -0.486552 0.825862
-3.70586 -8.04987 2.93869 -0.254372 -0.506109 0.824097
-3.20207 -8.27079 2.94261 -0.211492 -0.516686 0.829629
-2.68891 -8.45111 2.94947 -0.183699 -0.532142 0.826477
-2.16899 -8.60656 2.94602 -0.13056 -0.540927 0.830847
-1.63013 -8.72687 2.93398 -0.0815581 -0.560518 0.824115
-1.05171 -8.80263 2.92785 -0.050535 -0.563664 0.824453
-0.455721 -8.8526 2.91703 -0.0186363 -0.57593 0.817275
0.082627 -8.85731 2.91253 0.0195744 -0.56661 0.823737
0.651119 -8.80968 2.92257 0.044914 -0.563795 0.824693
1.24833 -8.75279 2.9139 0.0796092 -0.557855 0.82611
1.79788 -8.65739 2.91652 0.109208 -0.560551 0.820877
2.28849 -8.53638 2.92331 0.141607 -0.546647 0.825297
2.7655 -8.38279 2.93054 0.176554 -0.53993 0.822982
3.37901 -8.16318 2.93092 0.207928 -0.538988 0.816231
3.8571 -7.96346 2.92958 0.23955 -0.527312 0.815193
4.3664 -7.70447 2.93809 0.264728 -0.513429 0.816261
4.83611 -7.42997 2.93645 0.318096 -0.474454 0.820729
5.31177 -7.07649 2.93075 0.362555 -0.440328 0.82137
5.71191 -6.74007 2.92701 0.37697 -0.430006 0.820358
6.13488 -6.34723 2.93013 0.3937 -0.411772 0.821851
6.50923 -5.96937 2.9288 0.410222 -0.388067 0.825301
6.90527 -5.50708 2.92986 0.434181 -0.358488 0.82642
7.23706 -5.09302 2.92872 0.445316 -0.342248 0.827374
7.53546 -4.64218 2.94525 0.462885 -0.318761 0.827118
7.80414 -4.21192 2.94822 0.482813 -0.277752 0.830491
8.06633 -3.68802 2.95666 0.504785 -0.239716 0.829279
8.27355 -3.18238 2.95905 0.536828 -0.194691 0.820901
8.45829 -2.66992 2.95024 0.54973 -0.176072 0.816575
8.61516 -2.11342 2.94959 0.569191 -0.136492 0.810774
8.71893 -1.61249 2.94477 0.585719 -0.0893101 0.805548
8.79518 -1.11345 2.93382 0.588043 -0.0585779 0.806702
8.84843 -0.546331 2.92629 0.584272 -0.0333212 0.810873
8.87177 -0.0196544 2.91941 0.577286 0.00121012 0.816534
8.85815 0.591199 2.91582 0.57251 0.0283703 0.819407
8.80855 1.15572 2.91569 0.561038 0.0718687 0.824644
8.68245 1.78503 2.9317 0.55372 0.108878 0.825545
8.55982 2.30956 2.93094 0.554777 0.151819 0.81802
8.38609 2.87728 2.93429 0.54542 0.170351 0.820669
8.21134 3.35103 2.94485 0.53069 0.19328 0.825217
8.02076 3.83328 2.93781 0.505593 0.237237 0.829494
7.75407 4.35025 2.93342 0.490946 0.285107 0.82321
7.48614 4.77692 2.93263 0.474484 0.319732 0.820125
7.13845 5.26132 2.93259 0.460694 0.349295 0.815928
6.78795 5.70672 2.92713 0.441948 0.379848 0.812638
6.44996 6.08083 2.9251 0.421632 0.408435 0.809548
5.9785 6.54377 2.91882 0.393988 0.429368 0.81266
5.48276 6.96252 2.91994 0.361358 0.455191 0.813756
5.07399 7.2693 2.91613 0.32782 0.473789 0.817341
4.62725 7.55669 2.9215 0.313179 0.487084 0.815269
4.10728 7.85819 2.92371 0.278136 0.507846 0.815307
3.53543 8.14099 2.92959 0.243561 0.527649 0.813766
3.01538 8.34591 2.93379 0.19608 0.543583 0.816111
2.44977 8.52963 2.93211 0.165058 0.556832 0.814049
1.93759 8.65603 2.93802 0.131563 0.569258 0.811554
1.34121 8.75229 2.94764 0.0884741 0.57101 0.816158
0.699892 8.82216 2.94927 0.0489314 0.587708 0.807589
0.19991 8.85619 2.94544 0.0174983 0.590213 0.807056
-0.31881 8.851 2.95107 -0.0104047 0.592 0.805866
-0.908044 8.81745 2.94979 -0.0671492 0.582788 0.809795
-1.45924 8.74608 2.93876 -0.108297 0.574488 0.811312
-1.97726 8.63919 2.9356 -0.132054 0.567774 0.81252
-2.5831 8.48328 2.93166 -0.164433 0.563379 0.809666
-3.1531 8.30598 2.92673 -0.191048 0.549084 0.813635
-3.69344 8.08255 2.93862 -0.225048 0.53612 0.813577
-4.14866 7.85445 2.95139 -0.261991 0.50949 0.819588
-4.62543 7.58081 2.95551 -0.298443 0.489472 0.819354
-5.15277 7.24346 2.95055 -0.328003 0.462246 0.82384
-5.62343 6.87976 2.95022 -0.357311 0.434866 0.826572
-6.01994 6.54148 2.93903 -0.391117 0.399002 0.829351
-6.40048 6.16261 2.93209 -0.416845 0.378397 0.826469
-6.75074 5.75817 2.93105 -0.435865 0.359343 0.82516
-7.12011 5.30838 2.92384 -0.448907 0.337928 0.827209
-7.4277 4.8795 2.9228 -0.46393 0.31221 0.829028
-7.71554 4.4158 2.92387 -0.484665 0.280499 0.828494
-7.97338 3.89963 2.93558 -0.504314 0.256404 0.824565
-8.18393 3.42571 2.94484 -0.51722 0.230879 0.824118
-8.37527 2.94008 2.94974 -0.525427 0.196392 0.827843
-8.53407 2.44549 2.95503 -0.530635 0.162912 0.831784
-8.66739 1.9406 2.94926 -0.556501 0.111792 0.823288
-8.78254 1.39971 2.93224 -0.561004 0.0682625 0.824963
-8.862 0.773014 2.91341 -0.574408 0.0310222 0.817974
-8.88125 0.258608 2.91016 -0.581339 0.00883449 0.81361
-8.87534 -0.371308 2.91222 -0.57657 -0.0109391 0.816974
-8.8288 -0.916609 2.93154 -0.575791 -0.0348991 0.81684
-8.73458 -1.50374 2.94906 -0.56012 -0.10172 0.822123
-8.6038 -2.06027 2.94926 -0.542379 -0.143514 0.827762
-8.439 -2.63859 2.94471 -0.533784 -0.180511 0.826127
-8.31227 -3.01043 2.9409 -0.525131 -0.193772 0.828667
-8.84628 -3.20745 2.54391 -0.556755 -0.195731 0.807282
-9.0287 -2.64202 2.54463 -0.569712 -0.165249 0.805041
-9.16947 -2.12662 2.54107 -0.59078 -0.141368 0.794351
-9.30198 -1.48383 2.53651 -0.609032 -0.0884634 0.788179
-9.37935 -0.978788 2.52035 -0.609848 -0.0517122 0.790825
-9.43427 -0.470688 2.50146 -0.607 -0.025321 0.794297
-9.44704 0.048831 2.50037 -0.595074 -0.00222827 0.803652
-9.43522 0.573394 2.50066 -0.602769 0.0222543 0.797602
-9.38024 1.1793 2.5144 -0.603465 0.0500714 0.795815
-9.2844 1.78758 2.53309 -0.593878 0.0990686 0.798405
-9.1414 2.39329 2.54305 -0.589381 0.14807 0.794151
-8.98285 2.93139 2.54309 -0.573456 0.191904 0.796403
-8.78206 3.46431 2.54355 -0.547829 0.227686 0.804998
-8.51414 4.08134 2.53438 -0.534788 0.261505 0.803503
-8.29772 4.53209 2.52441 -0.524138 0.281656 0.803703
-7.9464 5.12182 2.52523 -0.49856 0.321741 0.804922
-7.58557 5.64616 2.51769 -0.477302 0.357929 0.802532
-7.2554 6.04931 2.52526 -0.458897 0.370603 0.807498
-6.85986 6.50428 2.53317 -0.44489 0.387845 0.807243
-6.47007 6.90553 2.54036 -0.415285 0.416307 0.808838
-6.05929 7.25811 2.55198 -0.384317 0.448021 0.807178
-5.65164 7.57813 2.54986 -0.354765 0.47748 0.80383
-5.19603 7.88779 2.5494 -0.326334 0.505935 0.798444
-4.75379 8.16066 2.54665 -0.296381 0.522777 0.799284
-4.2761 8.42845 2.53424 -0.261001 0.538498 0.801177
-3.81429 8.65111 2.52044 -0.227349 0.558286 0.797887
-3.29708 8.84739 2.51746 -0.192411 0.568717 0.799708
-2.7062 9.03184 2.51813 -0.169561 0.573881 0.801189
-2.19644 9.16041 2.52658 -0.1454 0.580213 0.801376
-1.68998 9.28066 2.52183 -0.111383 0.591358 0.798664
-1.17262 9.34828 2.53297 -0.0784057 0.601474 0.795033
-0.674689 9.40463 2.52629 -0.037297 0.607108 0.793723
-0.115586 9.40978 2.52847 0.00820773 0.614897 0.788562
0.477346 9.39719 2.52354 0.0304347 0.620042 0.783971
0.999438 9.35873 2.52371 0.0575557 0.615463 0.786054
1.61171 9.27667 2.52947 0.092592 0.60368 0.791792
2.17896 9.17737 2.51846 0.145695 0.590443 0.793794
2.75727 9.02498 2.5122 0.175567 0.580575 0.795046
3.29111 8.83942 2.51836 0.208588 0.570564 0.794304
3.82132 8.61362 2.51906 0.256621 0.550549 0.794374
4.30273 8.38334 2.51384 0.282888 0.538099 0.793986
4.77875 8.13051 2.50565 0.312833 0.518865 0.795558
5.21072 7.85629 2.50459 0.338622 0.497102 0.798885
5.67896 7.52721 2.50359 0.357656 0.484084 0.798577
6.14461 7.1571 2.50527 0.383353 0.457154 0.802505
6.52578 6.80335 2.51186 0.408062 0.427144 0.806856
6.9132 6.40762 2.51426 0.437238 0.408717 0.801091
7.29327 5.97272 2.51945 0.453657 0.393638 0.799526
7.62383 5.56382 2.51943 0.472382 0.363107 0.80312
7.96882 5.04528 2.53727 0.489934 0.332959 0.805657
8.27627 4.56648 2.53058 0.522437 0.294238 0.800287
8.50919 4.12244 2.52928 0.544335 0.26421 0.796161
8.72923 3.59765 2.53513 0.557098 0.217132 0.801553
8.90777 3.11905 2.52801 0.565837 0.180371 0.804536
9.08949 2.52928 2.52099 0.575307 0.154344 0.803242
9.21002 2.04341 2.52206 0.579736 0.131347 0.804142
9.32456 1.47822 2.51587 0.598384 0.0917781 0.795935
9.3998 0.951304 2.50794 0.601211 0.0502936 0.797483
9.42536 0.418671 2.51136 0.601737 0.0185875 0.798473
9.42869 -0.126776 2.51244 0.601969 -0.0103424 0.798427
9.39826 -0.641718 2.51666 0.601456 -0.0436162 0.797712
9.33178 -1.278 2.52296 0.599151 -0.0637125 0.798094
9.24985 -1.81377 2.52748 0.599914 -0.10163 0.793573
9.11698 -2.42405 2.53131 0.590614 -0.140962 0.794543
8.93851 -3.00693 2.54273 0.57234 -0.176228 0.800849
8.76247 -3.49308 2.55163 0.565626 -0.203886 0.799055
8.54994 -3.99374 2.55603 0.540077 -0.254969 0.802001
8.28836 -4.50876 2.54803 0.511979 -0.303385 0.803614
7.99516 -4.97664 2.54455 0.494729 -0.330459 0.80375
7.67001 -5.45367 2.53497 0.470277 -0.363105 0.804318
7.34357 -5.8751 2.52542 0.452917 -0.381996 0.805555
6.93239 -6.33707 2.52622 0.438187 -0.407809 0.801051
6.55985 -6.73164 2.51756 0.413958 -0.432595 0.800933
6.09589 -7.16583 2.51095 0.396397 -0.454999 0.797385
5.60743 -7.55822 2.51543 0.3757 -0.480178 0.792637
5.19965 -7.85186 2.51944 0.352946 -0.509243 0.784903
4.69321 -8.17363 2.51499 0.30361 -0.538375 0.786068
4.23695 -8.41183 2.51096 0.260575 -0.554805 0.790116
3.73621 -8.62242 2.51983 0.233229 -0.559874 0.795058
3.23256 -8.81907 2.51916 0.204626 -0.564672 0.799534
2.65348 -9.01611 2.51767 0.181919 -0.569542 0.801572
2.04217 -9.18719 2.51192 0.128944 -0.575317 0.807693
1.48731 -9.29599 2.51003 0.0978918 -0.577294 0.810641
0.898859 -9.37052 2.51101 0.0557036 -0.587163 0.807532
0.339563 -9.40978 2.51021 0.0272544 -0.592024 0.805454
-0.196281 -9.4258 2.50703 0.00227118 -0.595992 0.802986
-0.864283 -9.38362 2.51977 -0.0385483 -0.595531 0.802393
-1.39427 -9.33683 2.51763 -0.067014 -0.596563 0.799763
-1.89424 -9.25385 2.53161 -0.0890848 -0.59163 0.801251
-2.41136 -9.13519 2.54246 -0.144716 -0.58132 0.800659
-2.91406 -8.97589 2.54947 -0.183516 -0.560275 0.80771
-3.39908 -8.80499 2.54557 -0.224175 -0.5525 0.802757
-3.85991 -8.60716 2.53689 -0.269458 -0.532144 0.802619
-4.34176 -8.36753 2.52614 -0.293335 -0.52855 0.796601
-4.85029 -8.09544 2.50469 -0.324835 -0.507547 0.798045
-5.25987 -7.79971 2.51971 -0.341257 -0.498861 0.796667
-5.74523 -7.45845 2.51639 -0.358376 -0.480113 0.800659
-6.1459 -7.15301 2.51485 -0.373305 -0.466246 0.802027
-6.61047 -6.74391 2.52441 -0.399712 -0.437046 0.805711
-7.03501 -6.29977 2.53422 -0.442879 -0.403171 0.800782
-7.41891 -5.83173 2.5354 -0.479846 -0.361966 0.799183
-7.74103 -5.39294 2.52671 -0.495776 -0.334729 0.801351
-8.0454 -4.92098 2.52551 -0.501389 -0.308298 0.808432
-8.30043 -4.4662 2.53342 -0.515772 -0.286387 0.807435
-8.54215 -3.96422 2.54254 -0.534629 -0.241819 0.809734
-8.73342 -3.50058 2.54464 -0.546138 -0.216643 0.809194
-8.84115 -3.22238 2.54377 -0.553858 -0.20223 0.807661
-9.35747 -3.40916 2.12706 -0.586023 -0.20693 0.783412
-9.18266 -3.89854 2.11507 -0.57537 -0.24271 0.781049
-8.97486 -4.3598 2.11423 -0.560435 -0.274627 0.781339
-8.73329 -4.84558 2.1087 -0.544032 -0.298439 0.784159
-8.40155 -5.38869 2.11156 -0.512453 -0.338277 0.789276
-8.02834 -5.93915 2.10341 -0.504756 -0.370883 0.779526
-7.67327 -6.39798 2.10581 -0.488449 -0.396494 0.777287
-7.26763 -6.86155 2.1034 -0.451193 -0.433052 0.780305
-6.85051 -7.27786 2.09602 -0.416178 -0.467827 0.779655
-6.46631 -7.60298 2.09197 -0.382923 -0.487999 0.784358
-6.01298 -7.94222 2.09473 -0.364655 -0.500263 0.785337
-5.49101 -8.30759 2.0937 -0.346083 -0.515784 0.783701
-5.06691 -8.60433 2.07864 -0.330587 -0.525092 0.784213
-4.62042 -8.84787 2.0954 -0.307268 -0.540864 0.782974
-4.07381 -9.11204 2.10856 -0.273702 -0.567419 0.776604
-3.55622 -9.32076 2.12052 -0.241165 -0.596753 0.765292
-3.01635 -9.52455 2.11367 -0.19612 -0.611004 0.766921
-2.49057 -9.67429 2.11076 -0.148137 -0.624051 0.76721
-1.9814 -9.79097 2.10228 -0.114779 -0.626879 0.770603
-1.41976 -9.89017 2.0907 -0.0883844 -0.616932 0.782038
-0.832007 -9.9458 2.097 -0.0434689 -0.613163 0.78872
-0.316753 -9.97759 2.08816 -0.00998821 -0.613161 0.789893
0.286118 -9.96779 2.09212 0.0216369 -0.611498 0.790949
0.81868 -9.93991 2.08938 0.0483607 -0.614426 0.787488
1.35245 -9.87407 2.0954 0.0844954 -0.609604 0.788178
2.00051 -9.7639 2.09111 0.127656 -0.606204 0.784987
2.50677 -9.64055 2.09126 0.16372 -0.600223 0.782884
3.02868 -9.47102 2.09896 0.197145 -0.583996 0.787434
3.60685 -9.26572 2.09297 0.229556 -0.578289 0.782864
4.07684 -9.07563 2.08772 0.250862 -0.569998 0.782409
4.65382 -8.81743 2.07708 0.287157 -0.557829 0.778688
5.13748 -8.53789 2.08655 0.315007 -0.538208 0.781731
5.56924 -8.25986 2.08601 0.3554 -0.513109 0.781278
6.06482 -7.91114 2.07568 0.38228 -0.492543 0.781818
6.46303 -7.57064 2.0858 0.40266 -0.473543 0.783337
6.83363 -7.22913 2.09304 0.425706 -0.456098 0.781497
7.1987 -6.86682 2.09539 0.444946 -0.435075 0.782768
7.55855 -6.47237 2.10215 0.462127 -0.415559 0.783405
7.92531 -6.0369 2.10447 0.480276 -0.389427 0.785919
8.25037 -5.59232 2.11503 0.501088 -0.365534 0.784385
8.54404 -5.13845 2.12253 0.52685 -0.333624 0.781726
8.81538 -4.67592 2.12337 0.556075 -0.308592 0.771702
9.07975 -4.14568 2.12503 0.57936 -0.257994 0.773073
9.29712 -3.62058 2.11702 0.601832 -0.217566 0.76841
9.48549 -3.08846 2.10849 0.608894 -0.189802 0.770201
9.64558 -2.56589 2.09951 0.619648 -0.16356 0.767646
9.78292 -1.99504 2.09138 0.618262 -0.120354 0.776698
9.86163 -1.47606 2.09724 0.615279 -0.0844469 0.783753
9.92477 -0.953575 2.09155 0.618431 -0.048628 0.784329
9.95817 -0.451973 2.0902 0.624873 -0.027707 0.780224
9.97951 0.0925185 2.08364 0.624548 -0.00417503 0.78097
9.9645 0.698909 2.08373 0.623206 0.0321605 0.781393
9.89832 1.31497 2.08781 0.623544 0.0825821 0.777408
9.80218 1.88797 2.09325 0.621136 0.111799 0.775677
9.67423 2.4404 2.10212 0.60699 0.147214 0.780948
9.53086 2.97828 2.10165 0.604779 0.175573 0.776798
9.36534 3.49715 2.10387 0.588485 0.200791 0.783154
9.16521 3.99646 2.10597 0.575396 0.253343 0.777624
8.95943 4.45757 2.09707 0.562352 0.281391 0.777545
8.7121 4.91268 2.10093 0.545935 0.311888 0.777588
8.42381 5.35966 2.10988 0.518776 0.344284 0.782504
8.11919 5.80797 2.10184 0.499881 0.3744 0.780986
7.80046 6.22656 2.09386 0.477277 0.40334 0.780712
7.41865 6.66928 2.0918 0.465263 0.412354 0.783258
7.0068 7.10382 2.09315 0.435062 0.439269 0.785929
6.59077 7.49244 2.08852 0.405714 0.471859 0.782766
6.19296 7.83296 2.07867 0.381747 0.490576 0.783324
5.78539 8.13875 2.07728 0.359652 0.498836 0.788549
5.31506 8.44898 2.07928 0.333517 0.524515 0.783346
4.86811 8.70996 2.08221 0.302412 0.545616 0.781563
4.33264 8.97831 2.08873 0.274786 0.55901 0.782304
3.81084 9.22729 2.0804 0.25274 0.578255 0.775721
3.31451 9.41971 2.08224 0.210373 0.595982 0.774935
2.80386 9.58727 2.0788 0.177526 0.60306 0.777682
2.14538 9.74868 2.08493 0.141528 0.612901 0.777381
1.63289 9.83084 2.09492 0.0993967 0.623645 0.775362
1.03707 9.90109 2.09334 0.0548684 0.620939 0.781931
0.506906 9.9521 2.08251 0.0310438 0.621012 0.783175
-0.022942 9.96015 2.09078 0.0116004 0.627774 0.7783
-0.679908 9.95747 2.08669 -0.021685 0.631625 0.774969
-1.21058 9.90074 2.10041 -0.064877 0.618396 0.783171
-1.76866 9.82208 2.10073 -0.113303 0.612362 0.782407
-2.29407 9.70697 2.10158 -0.147328 0.604631 0.78275
-2.84028 9.56644 2.09504 -0.17652 0.597286 0.782348
-3.37966 9.40643 2.08902 -0.196553 0.590438 0.782773
-3.89701 9.21657 2.08891 -0.228455 0.581491 0.780817
-4.41571 8.97968 2.09978 -0.263774 0.570148 0.778025
-4.91934 8.70816 2.11061 -0.301148 0.549483 0.779336
-5.37522 8.4267 2.11693 -0.337703 0.533735 0.775294
-5.84143 8.11133 2.1218 -0.364581 0.522962 0.770444
-6.29452 7.77724 2.11889 -0.394006 0.499112 0.771774
-6.70186 7.43268 2.12074 -0.423592 0.471227 0.773621
-7.10664 7.04215 2.11617 -0.465542 0.424709 0.776424
-7.50752 6.60678 2.09965 -0.486907 0.405094 0.773834
-7.89129 6.14576 2.09221 -0.493768 0.388236 0.778116
-8.25324 5.6492 2.09901 -0.514227 0.369645 0.773904
-8.60293 5.10858 2.09823 -0.539163 0.323534 0.777578
-8.91403 4.52928 2.10439 -0.554519 0.287991 0.780742
-9.17649 3.95543 2.11645 -0.570755 0.262641 0.77797
-9.42237 3.32518 2.11702 -0.602767 0.204811 0.771145
-9.60266 2.75969 2.11109 -0.610798 0.172903 0.772673
-9.74357 2.23637 2.10524 -0.621624 0.13912 0.77085
-9.84543 1.73644 2.09603 -0.630801 0.0873924 0.771006
-9.92188 1.21795 2.08214 -0.633939 0.0591035 0.771118
-9.98495 0.593102 2.07095 -0.627848 0.0390177 0.777342
-9.99028 0.0599195 2.08104 -0.627442 0.00499714 0.778641
-9.97519 -0.445684 2.08163 -0.623906 -0.0275831 0.781012
-9.9182 -1.05112 2.09305 -0.621167 -0.0568147 0.781611
-9.83751 -1.56291 2.10358 -0.620967 -0.0941107 0.778167
-9.73568 -2.08659 2.10985 -0.619299 -0.124826 0.775165
-9.60455 -2.61517 2.11986 -0.610229 -0.153108 0.777273
-9.42418 -3.21703 2.12671 -0.593506 -0.189005 0.782304
-9.42002 -3.22958 2.12676 -0.589652 -0.198261 0.782923
-9.94556 -3.36365 1.67592 -0.621883 -0.198653 0.757473
-9.74985 -3.92013 1.67103 -0.61175 -0.243608 0.752596
-9.52623 -4.4492 1.66749 -0.596052 -0.273932 0.754769
-9.29302 -4.9409 1.6645 -0.582521 -0.297624 0.756349
-9.01544 -5.43012 1.66935 -0.55589 -0.332232 0.761954
-8.69549 -5.93197 1.66359 -0.528611 -0.374316 0.761862
-8.36281 -6.37801 1.66469 -0.513692 -0.394386 0.761955
-8.02209 -6.79999 1.6685 -0.499469 -0.417513 0.759087
-7.6061 -7.28026 1.65854 -0.472454 -0.450989 0.757227
-7.1564 -7.72154 1.65642 -0.43774 -0.473675 0.764204
-6.70478 -8.09696 1.66043 -0.399248 -0.501252 0.767672
-6.23196 -8.45806 1.6558 -0.374696 -0.515155 0.770853
-5.79485 -8.76505 1.64894 -0.350383 -0.532497 0.770504
-5.3653 -9.05529 1.63505 -0.340212 -0.553226 0.760392
-4.88793 -9.32375 1.6481 -0.32339 -0.571776 0.753947
-4.37289 -9.56304 1.66283 -0.272252 -0.590948 0.759375
-3.8457 -9.78395 1.66342 -0.238374 -0.608635 0.756785
-3.32319 -9.97777 1.66119 -0.211313 -0.622251 0.753742
-2.77817 -10.1504 1.65711 -0.171864 -0.630181 0.757157
-2.21522 -10.2884 1.65459 -0.135219 -0.63417 0.761267
-1.6805 -10.3998 1.64691 -0.111608 -0.636384 0.763255
-1.16441 -10.4652 1.65355 -0.0728963 -0.637182 0.767231
-0.662315 -10.5024 1.65691 -0.0387684 -0.637233 0.769695
-0.0422286 -10.517 1.65563 0.000844521 -0.639422 0.768854
0.640558 -10.4911 1.65721 0.0353898 -0.638061 0.76917
1.21521 -10.4407 1.65363 0.0841866 -0.636636 0.766528
1.74909 -10.3627 1.64767 0.112631 -0.632805 0.766075
2.30393 -10.248 1.64916 0.138043 -0.623765 0.769324
2.80213 -10.1091 1.66368 0.163965 -0.610982 0.774453
3.27966 -9.96007 1.66686 0.212978 -0.592519 0.776888
3.77277 -9.78253 1.65805 0.237828 -0.583787 0.776283
4.28234 -9.58118 1.64692 0.255807 -0.580518 0.773017
4.84058 -9.32626 1.64133 0.282283 -0.566156 0.774446
5.38132 -9.02325 1.64899 0.321092 -0.549368 0.771398
5.91564 -8.66953 1.65579 0.364945 -0.521833 0.77103
6.34212 -8.38111 1.63597 0.392041 -0.505766 0.768443
6.7557 -8.03371 1.64384 0.413032 -0.489173 0.768187
7.18479 -7.64053 1.65312 0.434095 -0.471081 0.767869
7.59388 -7.23709 1.65639 0.455193 -0.444516 0.771495
7.97808 -6.81833 1.66276 0.471418 -0.426555 0.771881
8.39427 -6.30222 1.67624 0.49749 -0.395959 0.771817
8.75386 -5.81499 1.67564 0.532751 -0.362881 0.764513
9.03344 -5.37182 1.67679 0.565609 -0.329585 0.755945
9.29182 -4.89633 1.68144 0.580677 -0.303403 0.755481
9.55636 -4.3647 1.6778 0.599875 -0.270709 0.752888
9.77389 -3.86498 1.66559 0.615081 -0.226852 0.755112
9.97925 -3.29065 1.65661 0.623423 -0.195677 0.757003
10.1354 -2.77244 1.65215 0.631461 -0.170524 0.756419
10.2728 -2.23924 1.6489 0.637632 -0.144469 0.756657
10.3715 -1.74924 1.64935 0.635155 -0.115493 0.763691
10.4474 -1.14648 1.6559 0.63451 -0.0635003 0.770299
10.4962 -0.619737 1.64545 0.637424 -0.0313207 0.769875
10.519 0.0145394 1.63908 0.642015 -0.00283498 0.766681
10.5123 0.574603 1.63754 0.644196 0.0230376 0.764503
10.4722 1.07629 1.64271 0.640234 0.0654287 0.765382
10.393 1.63333 1.64727 0.63676 0.101421 0.764359
10.2838 2.17705 1.65293 0.63726 0.133757 0.758937
10.1467 2.74353 1.65722 0.634236 0.161491 0.756076
10.0003 3.26137 1.65832 0.624583 0.187821 0.758032
9.82509 3.78741 1.65895 0.612873 0.223377 0.757944
9.6114 4.3098 1.65528 0.594994 0.272559 0.756091
9.37841 4.81603 1.64699 0.581782 0.293233 0.758636
9.1069 5.28734 1.66126 0.56473 0.321161 0.760194
8.78632 5.77718 1.67049 0.533451 0.36548 0.762776
8.47235 6.24305 1.65471 0.513664 0.393482 0.762432
8.15481 6.63585 1.6561 0.494051 0.411814 0.765715
7.77141 7.094 1.64948 0.477114 0.422373 0.770684
7.3795 7.49798 1.65534 0.453131 0.451946 0.768372
6.9751 7.86272 1.65527 0.422432 0.489835 0.762633
6.50044 8.2785 1.6363 0.39868 0.508312 0.763323
6.03781 8.61238 1.64056 0.369627 0.530963 0.762518
5.56934 8.92376 1.63937 0.34552 0.543001 0.765351
5.13485 9.17408 1.64466 0.310159 0.557616 0.769957
4.63216 9.43086 1.64863 0.280074 0.574236 0.769282
4.18054 9.65046 1.63914 0.253367 0.58732 0.768666
3.70835 9.84388 1.63714 0.229092 0.602886 0.764221
3.22013 10.0233 1.63158 0.199227 0.611166 0.766014
2.61965 10.1984 1.63615 0.165167 0.616126 0.770129
2.09912 10.3053 1.64334 0.120036 0.627627 0.769181
1.56487 10.3906 1.64648 0.0962846 0.634325 0.767047
1.0641 10.4471 1.64869 0.0601256 0.633984 0.771005
0.481143 10.497 1.6435 0.0326477 0.631218 0.774901
-0.0783314 10.5112 1.64414 0.00428617 0.634569 0.772854
-0.669213 10.4948 1.64695 -0.0261505 0.637084 0.770347
-1.24256 10.4405 1.65629 -0.0677847 0.643096 0.762741
-1.75877 10.374 1.65197 -0.111942 0.642544 0.758019
-2.36175 10.2443 1.65719 -0.151771 0.629885 0.761703
-2.9172 10.1111 1.64535 -0.178246 0.624929 0.760056
-3.41403 9.96144 1.64407 -0.20324 0.620429 0.757464
-3.93407 9.7676 1.651 -0.236543 0.608557 0.757432
-4.55616 9.49724 1.65823 -0.266356 0.590799 0.761576
-5.02205 9.26475 1.66039 -0.310597 0.576177 0.755984
-5.51246 8.97648 1.6629 -0.345944 0.560297 0.752586
-6.02308 8.64731 1.66161 -0.36672 0.543142 0.755322
-6.47344 8.31018 1.66948 -0.395112 0.520107 0.757215
-6.93787 7.93237 1.66981 -0.425836 0.501588 0.753039
-7.33436 7.56079 1.67282 -0.460264 0.465608 0.755888
-7.68793 7.2005 1.65878 -0.49127 0.432841 0.75583
-8.0843 6.74197 1.65363 -0.501811 0.414289 0.75931
-8.43004 6.32976 1.64182 -0.516552 0.395619 0.759369
-8.7127 5.91694 1.65614 -0.530526 0.374961 0.760219
-8.99991 5.46366 1.6661 -0.549728 0.339661 0.763137
-9.28261 4.98704 1.65661 -0.576658 0.30718 0.757034
-9.51289 4.51592 1.66104 -0.593197 0.282211 0.753973
-9.7409 4.01122 1.65736 -0.610486 0.253655 0.750309
-9.93354 3.4776 1.66042 -0.623691 0.212536 0.752206
-10.1052 2.92274 1.66328 -0.628925 0.185797 0.754937
-10.2383 2.42229 1.66123 -0.638412 0.151015 0.75472
-10.364 1.88642 1.64342 -0.645131 0.102849 0.757117
-10.4427 1.36981 1.6351 -0.642725 0.0720735 0.762696
-10.5013 0.809911 1.62943 -0.642148 0.0447198 0.765275
-10.5191 0.209413 1.63916 -0.650273 0.0188892 0.759453
-10.5109 -0.405868 1.64517 -0.645518 -0.011323 0.76366
-10.479 -0.927837 1.64673 -0.637645 -0.0508119 0.768651
-10.412 -1.42579 1.65249 -0.6365 -0.0953175 0.765356
-10.3087 -1.94256 1.66606 -0.633312 -0.114031 0.765448
-10.1848 -2.52037 1.66959 -0.629812 -0.147248 0.762655
-10.0478 -3.01659 1.67748 -0.626005 -0.168831 0.761324
-9.96827 -3.28578 1.6771 -0.623021 -0.192712 0.758094
-10.4688 -3.45557 1.21306 -0.63062 -0.211309 0.74676
-10.6199 -2.95881 1.2128 -0.634796 -0.179612 0.751514
-10.7664 -2.36247 1.21314 -0.637463 -0.141253 0.757422
-10.8773 -1.85577 1.20276 -0.640748 -0.112586 0.759451
-10.9618 -1.32757 1.19916 -0.651096 -0.083985 0.754318
-11.0228 -0.79339 1.19045 -0.656259 -0.042878 0.753316
-11.0436 -0.181037 1.19062 -0.653682 -0.00465976 0.756755
-11.045 0.392272 1.18248 -0.652384 0.0159256 0.757722
-11.011 0.967747 1.18649 -0.651222 0.0494937 0.757268
-10.9591 1.47603 1.18578 -0.64857 0.0836649 0.756515
-10.8654 2.00589 1.19604 -0.647896 0.112257 0.75341
-10.7187 2.65668 1.20661 -0.643692 0.151722 0.750068
-10.5806 3.15527 1.20912 -0.629707 0.193233 0.752386
-10.4083 3.70939 1.19853 -0.621927 0.222573 0.750771
-10.2124 4.21212 1.20276 -0.615207 0.249393 0.747872
-9.97768 4.76026 1.1983 -0.601202 0.280664 0.748178
-9.73 5.24907 1.2003 -0.588533 0.312249 0.745735
-9.45206 5.73299 1.20617 -0.569943 0.340098 0.747966
-9.16792 6.17292 1.20491 -0.54532 0.37773 0.748291
-8.8581 6.6196 1.19477 -0.524192 0.395825 0.754019
-8.52495 7.03995 1.1963 -0.506727 0.41779 0.754103
-8.11332 7.51395 1.19824 -0.490815 0.440728 0.751563
-7.75138 7.88008 1.20963 -0.471755 0.465894 0.74858
-7.30131 8.30765 1.20972 -0.445216 0.491853 0.74824
-6.88373 8.65794 1.2106 -0.413355 0.514608 0.75121
-6.45599 8.98304 1.20214 -0.378603 0.547236 0.746438
-5.98967 9.29464 1.20008 -0.360354 0.559904 0.746091
-5.51059 9.5888 1.19828 -0.332139 0.578193 0.745217
-5.01635 9.86169 1.19366 -0.302634 0.591661 0.747208
-4.50953 10.1026 1.19209 -0.269815 0.604665 0.749387
-4.01287 10.2959 1.19537 -0.231541 0.619189 0.750329
-3.53834 10.4743 1.18484 -0.2056 0.627009 0.751384
-3.03905 10.6289 1.18375 -0.183031 0.632389 0.752707
-2.50099 10.7486 1.2022 -0.154469 0.640824 0.751979
-1.98974 10.8609 1.19571 -0.1155 0.65468 0.74703
-1.44339 10.9513 1.19066 -0.0913153 0.65854 0.746981
-0.93871 11.0017 1.19586 -0.0633743 0.658907 0.74955
-0.355816 11.0308 1.20032 -0.0227592 0.657372 0.753199
0.281092 11.0393 1.19652 0.0141748 0.649412 0.760282
0.886729 11.0082 1.19499 0.0564404 0.646611 0.76071
1.39551 10.9463 1.20032 0.084616 0.646091 0.758549
2.02886 10.8602 1.1927 0.107446 0.644074 0.757377
2.54651 10.7669 1.18289 0.145465 0.637878 0.756274
3.12588 10.6037 1.18809 0.19025 0.623087 0.758647
3.72238 10.4026 1.18849 0.218401 0.609565 0.762057
4.19655 10.2226 1.18719 0.244371 0.601079 0.760898
4.70104 9.98809 1.19956 0.278123 0.59268 0.755883
5.2281 9.72555 1.1981 0.308903 0.577881 0.755394
5.67419 9.48571 1.18765 0.334938 0.562854 0.755653
6.11982 9.19131 1.19323 0.363879 0.540817 0.758351
6.5691 8.89026 1.181 0.389037 0.524495 0.757327
7.06396 8.49321 1.18992 0.409067 0.510693 0.756211
7.47999 8.11775 1.20551 0.436039 0.488162 0.756021
7.89569 7.74049 1.19563 0.466508 0.464875 0.752483
8.27147 7.32832 1.19903 0.496303 0.431329 0.753411
8.60454 6.93408 1.19801 0.509561 0.413642 0.754478
8.93706 6.48767 1.20904 0.527014 0.393889 0.75306
9.24695 6.0442 1.21159 0.548981 0.367888 0.750498
9.53736 5.59234 1.20525 0.567879 0.338782 0.750157
9.81007 5.12274 1.19427 0.588357 0.30056 0.750643
10.0548 4.60418 1.19857 0.594892 0.277374 0.754431
10.2613 4.12813 1.19669 0.617132 0.2439 0.748102
10.4367 3.62178 1.20008 0.630143 0.206834 0.748424
10.5853 3.11794 1.20216 0.639031 0.176283 0.748698
10.7184 2.63557 1.19445 0.644731 0.152424 0.749059
10.8439 2.02666 1.20263 0.649207 0.134052 0.748705
10.9627 1.43419 1.19003 0.650375 0.0987764 0.753147
11.0221 0.937687 1.1864 0.651555 0.0500505 0.756948
11.0514 0.423994 1.18468 0.650355 0.0196132 0.759366
11.0411 -0.113221 1.19954 0.646914 -0.000731063 0.762561
11.0253 -0.674309 1.20069 0.645988 -0.0322893 0.762641
10.9678 -1.28927 1.20586 0.648872 -0.0758106 0.75711
10.8723 -1.94907 1.194 0.64526 -0.124969 0.753672
10.7384 -2.52418 1.19837 0.638191 -0.155786 0.753947
10.6095 -3.00727 1.20007 0.634437 -0.177596 0.75229
10.4695 -3.48779 1.19666 0.629366 -0.202743 0.750192
10.2801 -4.01742 1.20098 0.622163 -0.235526 0.746596
10.064 -4.50811 1.21441 0.611329 -0.270401 0.743728
9.78411 -5.07088 1.22238 0.595981 -0.304342 0.743084
9.53563 -5.53307 1.22248 0.584095 -0.326507 0.743117
9.26063 -5.99053 1.22459 0.561106 -0.356584 0.746982
8.92957 -6.48281 1.2226 0.527554 -0.389079 0.755165
8.5625 -6.9575 1.21669 0.498677 -0.417486 0.759602
8.22229 -7.34784 1.21142 0.472921 -0.441902 0.762278
7.88076 -7.71415 1.20348 0.455868 -0.459793 0.762065
7.41658 -8.15066 1.20067 0.434346 -0.48474 0.759189
6.99742 -8.52626 1.18986 0.416069 -0.502846 0.757646
6.49772 -8.91676 1.19167 0.397959 -0.524246 0.752857
6.08029 -9.19807 1.20693 0.375566 -0.5427 0.751271
5.64701 -9.49012 1.19717 0.340502 -0.564074 0.752242
5.17497 -9.75108 1.19699 0.305353 -0.58068 0.754695
4.71476 -9.97502 1.19699 0.26913 -0.592656 0.759152
4.18937 -10.1945 1.20491 0.255278 -0.600629 0.757679
3.69966 -10.3812 1.21346 0.23016 -0.614566 0.754522
3.20521 -10.5381 1.22251 0.198002 -0.631204 0.749917
2.72559 -10.6895 1.20316 0.159016 -0.640584 0.751242
2.17633 -10.8122 1.20429 0.135706 -0.6418 0.754768
1.59793 -10.932 1.1934 0.107037 -0.642786 0.758528
0.987199 -10.9967 1.20558 0.0632415 -0.649206 0.757958
0.47376 -11.0263 1.21246 0.0335401 -0.650063 0.759135
-0.0310917 -11.0433 1.21128 0.00294904 -0.649451 0.760382
-0.553332 -11.0341 1.2097 -0.0309343 -0.654562 0.755368
-1.09354 -10.9954 1.20768 -0.0702542 -0.655831 0.751618
-1.68494 -10.9277 1.19496 -0.108156 -0.652621 0.74992
-2.19052 -10.8308 1.19879 -0.131782 -0.649226 0.749082
-2.76802 -10.693 1.20114 -0.172637 -0.642814 0.746302
-3.31108 -10.5322 1.20166 -0.203702 -0.631678 0.747983
-3.86228 -10.3302 1.2123 -0.230505 -0.622597 0.747807
-4.38402 -10.1282 1.20385 -0.266996 -0.609955 0.746091
-4.91023 -9.89357 1.19341 -0.303656 -0.597147 0.742413
-5.43258 -9.62002 1.18412 -0.330744 -0.571924 0.750662
-5.94427 -9.30271 1.19097 -0.344756 -0.55755 0.755169
-6.46928 -8.94086 1.20629 -0.369035 -0.53846 0.757537
-6.89729 -8.62333 1.21043 -0.398028 -0.516708 0.758014
-7.37012 -8.24564 1.20317 -0.427589 -0.491054 0.758966
-7.79777 -7.8426 1.20098 -0.467825 -0.460417 0.754416
-8.14692 -7.464 1.20453 -0.487083 -0.44419 0.751961
-8.54136 -7.0037 1.20632 -0.511335 -0.422155 0.748533
-8.87611 -6.58059 1.20572 -0.526043 -0.398333 0.751392
-9.2232 -6.09692 1.20319 -0.550486 -0.371949 0.747404
-9.52848 -5.60028 1.20493 -0.575757 -0.331372 0.747458
-9.78098 -5.13165 1.20376 -0.593841 -0.301381 0.745985
-10.0385 -4.59687 1.20135 -0.610086 -0.272024 0.744147
-10.245 -4.09529 1.20491 -0.619707 -0.246763 0.745026
-10.4523 -3.50655 1.21229 -0.629888 -0.214604 0.746447
-10.964 -3.61186 0.750365 -0.631136 -0.208888 0.747002
-10.8003 -4.10754 0.739025 -0.623293 -0.233826 0.746206
-10.5954 -4.61069 0.739947 -0.61282 -0.261627 0.745655
-10.3875 -5.07904 0.736891 -0.604329 -0.284121 0.744353
-10.1611 -5.5422 0.735191 -0.590407 -0.307168 0.746358
-9.83155 -6.10625 0.743947 -0.568005 -0.342372 0.748433
-9.53175 -6.57864 0.737294 -0.543914 -0.380119 0.748087
-9.23391 -6.99024 0.73334 -0.526277 -0.405193 0.747552
-8.89443 -7.39729 0.742047 -0.508978 -0.424911 0.74858
-8.53826 -7.80277 0.745543 -0.495966 -0.444298 0.746061
-8.15905 -8.21615 0.740966 -0.478909 -0.467823 0.742819
-7.75807 -8.60573 0.739265 -0.452093 -0.493296 0.743149
-7.30003 -8.97788 0.75039 -0.411951 -0.520494 0.747885
-6.83304 -9.33309 0.745077 -0.381014 -0.539178 0.751059
-6.31833 -9.68436 0.737056 -0.350448 -0.557642 0.752474
-5.85745 -9.97757 0.72694 -0.33144 -0.569262 0.75238
-5.41259 -10.22 0.730692 -0.312451 -0.581887 0.750851
-4.90385 -10.4617 0.741132 -0.283377 -0.599388 0.748601
-4.39971 -10.6918 0.735452 -0.253288 -0.612264 0.748965
-3.90288 -10.8741 0.743498 -0.225186 -0.626451 0.74621
-3.42299 -11.043 0.736223 -0.199004 -0.636064 0.745526
-2.87317 -11.1954 0.741422 -0.173245 -0.6448 0.744456
-2.33828 -11.321 0.744111 -0.138434 -0.654233 0.743494
-1.84209 -11.4338 0.728067 -0.112102 -0.658413 0.744252
-1.26769 -11.5011 0.745263 -0.0837855 -0.660139 0.746427
-0.703816 -11.5549 0.744422 -0.042126 -0.665465 0.745218
-0.177229 -11.5652 0.75343 -0.00664418 -0.66691 0.745095
0.425891 -11.5548 0.754283 0.0238556 -0.663896 0.747444
0.931353 -11.5289 0.750058 0.0603481 -0.656633 0.751768
1.47047 -11.4752 0.740353 0.0972376 -0.656486 0.748032
1.97127 -11.3914 0.739322 0.122803 -0.654335 0.746163
2.57445 -11.2618 0.742802 0.144256 -0.64835 0.747551
3.14758 -11.1156 0.744298 0.177672 -0.640736 0.746915
3.65981 -10.9472 0.75274 0.211143 -0.629467 0.747786
4.19789 -10.7581 0.747012 0.244532 -0.615531 0.749194
4.78153 -10.5196 0.737693 0.270287 -0.604742 0.749152
5.24458 -10.2993 0.737364 0.29916 -0.593645 0.747047
5.70741 -10.0523 0.734735 0.332079 -0.578728 0.744837
6.16413 -9.76783 0.740892 0.361893 -0.563644 0.74251
6.68732 -9.41213 0.737309 0.38879 -0.538889 0.747283
7.13558 -9.09615 0.723571 0.40565 -0.524701 0.74842
7.51777 -8.773 0.733858 0.425654 -0.506132 0.75009
7.89896 -8.42266 0.745356 0.448434 -0.48576 0.750296
8.37677 -7.9604 0.746343 0.470923 -0.467539 0.748088
8.7684 -7.52259 0.756015 0.502297 -0.441184 0.743668
9.09898 -7.12788 0.755888 0.524199 -0.414389 0.74395
9.46241 -6.62945 0.76014 0.555385 -0.3797 0.73982
9.75266 -6.18998 0.753928 0.571541 -0.350586 0.741905
10.029 -5.71819 0.749999 0.590563 -0.323537 0.739288
10.2683 -5.24936 0.757168 0.599389 -0.306549 0.739418
10.5383 -4.71693 0.745603 0.614322 -0.277209 0.738741
10.7483 -4.22598 0.742428 0.621565 -0.243682 0.744488
10.9284 -3.74486 0.73814 0.631515 -0.213495 0.745384
11.0896 -3.21534 0.742306 0.63975 -0.183665 0.746316
11.2541 -2.59557 0.74316 0.643653 -0.16262 0.74784
11.3667 -2.09849 0.742253 0.651438 -0.130705 0.747349
11.4595 -1.58287 0.740741 0.656328 -0.100552 0.747736
11.518 -1.08384 0.745589 0.662507 -0.0625907 0.746429
11.5614 -0.577655 0.740506 0.663757 -0.0243753 0.74755
11.575 -0.0607626 0.737777 0.660622 -0.0013875 0.750717
11.5727 0.493761 0.730148 0.657764 0.0252651 0.7528
11.5374 1.0197 0.729872 0.656875 0.0620375 0.751439
11.4476 1.65383 0.733962 0.653398 0.108387 0.749198
11.3349 2.23708 0.737272 0.651004 0.129969 0.747864
11.2369 2.74236 0.725062 0.64332 0.152839 0.750184
11.0702 3.32428 0.740291 0.63579 0.179488 0.750693
10.9074 3.8529 0.740082 0.62997 0.204376 0.749243
10.7378 4.3319 0.738294 0.620245 0.238388 0.7473
10.4959 4.89132 0.740608 0.599053 0.280862 0.749806
10.2597 5.38593 0.732625 0.58897 0.303568 0.74897
10.0111 5.82476 0.738481 0.574614 0.334699 0.746856
9.70009 6.31411 0.744177 0.553264 0.370443 0.746096
9.40876 6.72738 0.745496 0.540124 0.390903 0.745292
9.07294 7.17658 0.741252 0.522077 0.412204 0.746675
8.64083 7.69475 0.741079 0.498665 0.437914 0.748033
8.27257 8.10562 0.732057 0.475262 0.465048 0.746882
7.88275 8.45828 0.748664 0.449099 0.486219 0.749588
7.50421 8.80571 0.738517 0.421903 0.505358 0.752719
7.09877 9.14684 0.726967 0.397707 0.520905 0.755304
6.65299 9.4746 0.727437 0.378074 0.53692 0.754173
6.16104 9.80023 0.728748 0.353205 0.559861 0.74951
5.72766 10.0617 0.728125 0.327955 0.572887 0.751158
5.25376 10.2956 0.74625 0.299749 0.586463 0.752457
4.78865 10.5254 0.743431 0.27627 0.598834 0.751713
4.32953 10.7391 0.732892 0.247209 0.607402 0.754931
3.80431 10.9317 0.73578 0.21636 0.621043 0.753322
3.27709 11.1033 0.735053 0.191521 0.630727 0.751992
2.75308 11.2559 0.728155 0.157406 0.639156 0.752768
2.18451 11.3722 0.730434 0.116866 0.649039 0.75171
1.60749 11.445 0.74581 0.091707 0.652954 0.751821
1.01654 11.515 0.74553 0.0640565 0.659583 0.748892
0.477827 11.5597 0.73954 0.0275037 0.663277 0.747857
-0.164295 11.5614 0.739728 -0.0152153 0.665191 0.746513
-0.723672 11.5334 0.741128 -0.0465174 0.661615 0.748388
-1.40642 11.4757 0.732554 -0.0831533 0.65803 0.748346
-2.04699 11.3756 0.73565 -0.109636 0.655034 0.747601
-2.66131 11.2465 0.742594 -0.14934 0.645511 0.748987
-3.34112 11.0939 0.720745 -0.182476 0.630032 0.754813
-3.90414 10.8996 0.73124 -0.219095 0.616554 0.756194
-4.40902 10.71 0.729686 -0.249234 0.610397 0.75184
-4.95316 10.4688 0.731585 -0.2839 0.603611 0.745009
-5.42517 10.2338 0.730776 -0.314148 0.586408 0.746596
-5.86653 9.98277 0.732858 -0.338716 0.57474 0.744943
-6.33471 9.68711 0.736707 -0.363188 0.561937 0.743177
-6.86878 9.33313 0.732071 -0.385683 0.552676 0.738774
-7.32237 8.97292 0.744882 -0.424572 0.523412 0.738737
-7.76139 8.59009 0.747116 -0.451913 0.492921 0.743501
-8.12805 8.24129 0.746566 -0.467321 0.472917 0.746957
-8.55482 7.81556 0.732346 -0.491505 0.444393 0.748956
-8.89579 7.41913 0.734986 -0.504513 0.428396 0.749626
-9.24364 6.97719 0.735189 -0.529088 0.39685 0.750033
-9.55388 6.53244 0.741552 -0.544391 0.378991 0.748332
-9.84451 6.07984 0.744577 -0.566566 0.349085 0.746419
-10.1441 5.58288 0.733936 -0.583238 0.316791 0.747971
-10.4027 5.05696 0.742044 -0.601276 0.289609 0.74471
-10.6128 4.6007 0.740279 -0.612379 0.262033 0.745873
-10.8352 4.04412 0.742301 -0.621527 0.237796 0.746425
-11.0203 3.51012 0.744388 -0.632944 0.202892 0.747133
-11.1704 2.99504 0.747635 -0.639513 0.180749 0.74723
-11.31 2.44904 0.741487 -0.645559 0.134972 0.751668
-11.4344 1.82986 0.732418 -0.652321 0.106864 0.750364
-11.503 1.29556 0.73454 -0.656085 0.0695616 0.751473
-11.5488 0.716042 0.734658 -0.658788 0.0344054 0.751522
-11.5727 0.201625 0.72784 -0.659728 0.0103575 0.751424
-11.5682 -0.322575 0.729934 -0.661721 -0.016417 0.749569
-11.541 -0.861494 0.73191 -0.660604 -0.045516 0.749342
-11.4807 -1.42015 0.737309 -0.657961 -0.0775636 0.749037
-11.3736 -2.06128 0.748458 -0.649392 -0.112883 0.752022
-11.2486 -2.63561 0.750047 -0.643347 -0.159858 0.748678
-11.1038 -3.17232 0.74859 -0.637805 -0.188071 0.74688
-10.9811 -3.55862 0.750446 -0.633065 -0.205657 0.746276
-11.4779 -3.72671 0.287213 -0.622883 -0.205854 0.754737
-11.2756 -4.33154 0.275358 -0.614887 -0.236671 0.752263
-11.0629 -4.84601 0.276294 -0.608027 -0.259986 0.75014
-10.8489 -5.32497 0.272442 -0.598501 -0.284546 0.748878
-10.623 -5.78804 0.269587 -0.589046 -0.305463 0.748126
-10.3325 -6.28447 0.282108 -0.567481 -0.333289 0.752908
-10.0506 -6.74585 0.275494 -0.544371 -0.366146 0.754716
-9.73438 -7.18898 0.274683 -0.525183 -0.397408 0.752491
-9.33381 -7.69432 0.273757 -0.511201 -0.422611 0.748378
-8.90391 -8.17561 0.28055 -0.491644 -0.448805 0.74622
-8.53997 -8.56323 0.278246 -0.470963 -0.46803 0.747749
-8.16873 -8.91491 0.281132 -0.454695 -0.493003 0.741739
-7.7962 -9.2536 0.273823 -0.432778 -0.514886 0.739989
-7.39219 -9.5579 0.290898 -0.408075 -0.525202 0.746728
-6.92405 -9.90773 0.281446 -0.372045 -0.550298 0.747489
-6.44939 -10.2245 0.273955 -0.347352 -0.558581 0.753215
-5.93972 -10.5295 0.272674 -0.317587 -0.569834 0.757889
-5.49008 -10.7597 0.278476 -0.297843 -0.586504 0.753195
-4.98491 -11.0012 0.280464 -0.275057 -0.596664 0.753877
-4.4494 -11.2451 0.267066 -0.235588 -0.612178 0.754793
-3.94112 -11.4142 0.280325 -0.214418 -0.625528 0.750147
-3.39207 -11.5966 0.273131 -0.184931 -0.631234 0.753212
-2.84548 -11.7286 0.286022 -0.15772 -0.643714 0.748833
-2.23822 -11.8697 0.2791 -0.129298 -0.653053 0.746193
-1.70454 -11.9785 0.264747 -0.100583 -0.658081 0.746197
-1.15923 -12.0313 0.281939 -0.0686415 -0.663617 0.744895
-0.654101 -12.0728 0.281259 -0.0398671 -0.668365 0.742748
-0.0706729 -12.0782 0.292171 -0.000778153 -0.667883 0.74424
0.438934 -12.0788 0.283887 0.0211987 -0.669295 0.742688
0.969103 -12.0566 0.27784 0.0540397 -0.665 0.744863
1.56368 -11.9819 0.279069 0.102649 -0.660006 0.744211
2.10734 -11.8868 0.279343 0.125738 -0.657684 0.742722
2.63568 -11.7694 0.287383 0.142784 -0.653166 0.743623
3.16379 -11.6541 0.277948 0.170653 -0.646715 0.743378
3.74748 -11.47 0.285695 0.210959 -0.633501 0.744425
4.23822 -11.2988 0.284239 0.2315 -0.62352 0.746746
4.71503 -11.1141 0.281051 0.254938 -0.609129 0.750971
5.24393 -10.8788 0.280718 0.283718 -0.59315 0.753421
5.76404 -10.6089 0.280924 0.314233 -0.575758 0.754824
6.20294 -10.3589 0.276191 0.344379 -0.558686 0.754492
6.66822 -10.0564 0.278642 0.366587 -0.544411 0.754455
7.16758 -9.71255 0.273586 0.388998 -0.531044 0.752764
7.60563 -9.38445 0.268361 0.410634 -0.511907 0.754533
8.08287 -8.96956 0.277118 0.435706 -0.496897 0.750501
8.46007 -8.60528 0.28663 0.466791 -0.473698 0.746784
8.82613 -8.23611 0.282837 0.488511 -0.459633 0.741683
9.23161 -7.77209 0.29042 0.510073 -0.436457 0.741165
9.61553 -7.31164 0.283153 0.533372 -0.406137 0.741951
9.92514 -6.85656 0.294279 0.55679 -0.376442 0.740457
10.2413 -6.39031 0.27918 0.574821 -0.345139 0.741905
10.5232 -5.8927 0.280705 0.588424 -0.318905 0.742991
10.8121 -5.32821 0.284741 0.59675 -0.300066 0.744191
11.0356 -4.87419 0.280589 0.601204 -0.274402 0.750505
11.2528 -4.3432 0.285727 0.620623 -0.241518 0.745982
11.4657 -3.80848 0.265417 0.631153 -0.206192 0.747749
11.5978 -3.30911 0.283927 0.635495 -0.186011 0.749364
11.7509 -2.76856 0.27824 0.641346 -0.161815 0.749986
11.8674 -2.23407 0.280956 0.649383 -0.126504 0.749854
11.964 -1.69068 0.279903 0.657427 -0.10247 0.746495
12.0309 -1.1369 0.285976 0.660264 -0.0691518 0.747832
12.0801 -0.628146 0.276776 0.662049 -0.0382612 0.748482
12.0969 -0.0112731 0.27774 0.659526 -0.00508382 0.751658
12.0971 0.597589 0.269626 0.655671 0.0263218 0.754559
12.0554 1.09899 0.272261 0.650352 0.0682206 0.756562
11.9676 1.66878 0.280378 0.649798 0.102654 0.753141
11.8739 2.16929 0.284435 0.645103 0.124788 0.753837
11.7757 2.7098 0.271836 0.638433 0.142621 0.756344
11.609 3.34185 0.280193 0.63338 0.173445 0.754145
11.4536 3.84486 0.283364 0.629519 0.202041 0.750249
11.2678 4.39515 0.278612 0.619901 0.231522 0.749741
11.026 4.97554 0.284158 0.601864 0.266334 0.752851
10.8029 5.45831 0.27596 0.588702 0.303025 0.749399
10.5717 5.90892 0.267205 0.578684 0.327174 0.747032
10.2903 6.34594 0.284075 0.56403 0.355953 0.74509
10.0046 6.79027 0.278691 0.547428 0.378519 0.746352
9.68031 7.22945 0.28553 0.529703 0.396062 0.750016
9.37563 7.63228 0.27894 0.515308 0.417218 0.748575
9.00725 8.06389 0.281741 0.494198 0.435936 0.752121
8.632 8.49064 0.267812 0.471552 0.458243 0.753419
8.23458 8.85969 0.277796 0.449694 0.48289 0.751392
7.82418 9.21878 0.281131 0.425595 0.503887 0.751635
7.41041 9.56841 0.271677 0.402602 0.519295 0.753798
6.94249 9.90474 0.275026 0.373553 0.539349 0.75469
6.41982 10.2471 0.276296 0.350209 0.554174 0.755139
5.98211 10.5188 0.270948 0.325679 0.568438 0.755504
5.43586 10.7897 0.287533 0.29866 0.586673 0.752739
4.96065 11.0335 0.275057 0.277041 0.599292 0.751063
4.49087 11.2356 0.2754 0.245612 0.61426 0.749893
4.0057 11.402 0.286502 0.217409 0.625248 0.749525
3.50473 11.5711 0.282922 0.194305 0.631629 0.75051
2.97915 11.7358 0.270252 0.165426 0.636473 0.753327
2.40095 11.8708 0.26617 0.125085 0.646586 0.752491
1.88727 11.934 0.286552 0.09785 0.650613 0.753077
1.33617 12.0081 0.281763 0.0694881 0.657615 0.750142
0.72211 12.0753 0.266872 0.0381631 0.663743 0.746973
0.0880649 12.0849 0.2757 0.00571521 0.662231 0.749278
-0.53836 12.0691 0.278543 -0.0266413 0.659007 0.751656
-1.12595 12.0324 0.274889 -0.0664061 0.65197 0.755322
-1.64271 11.9619 0.280267 -0.0946409 0.650724 0.753389
-2.20499 11.8745 0.278803 -0.110221 0.643786 0.757221
-2.75217 11.7686 0.278833 -0.135561 0.634725 0.760749
-3.37615 11.6235 0.273107 -0.172815 0.625103 0.761146
-3.94244 11.4508 0.271059 -0.208767 0.616303 0.759323
-4.42271 11.2701 0.272605 -0.238037 0.604912 0.759866
-4.95286 11.0341 0.278071 -0.269973 0.599754 0.753266
-5.48666 10.7837 0.273462 -0.296434 0.585399 0.754604
-5.93588 10.5409 0.275417 -0.326536 0.571079 0.753134
-6.37391 10.2728 0.277667 -0.354773 0.557403 0.750619
-6.86175 9.94894 0.277132 -0.379228 0.549688 0.74433
-7.28099 9.66465 0.267745 -0.396449 0.539346 0.742918
-7.70417 9.32286 0.280665 -0.415005 0.521913 0.745236
-8.17157 8.93296 0.273819 -0.443201 0.490517 0.750265
-8.56628 8.5525 0.276489 -0.464878 0.468504 0.751245
-8.92735 8.1835 0.272109 -0.483865 0.443104 0.754672
-9.27561 7.77847 0.277483 -0.50379 0.421733 0.753868
-9.59402 7.38151 0.276253 -0.521765 0.397302 0.754925
-9.96425 6.87453 0.272365 -0.541969 0.375311 0.751931
-10.271 6.36482 0.291992 -0.560919 0.341571 0.754088
-10.5825 5.85326 0.277154 -0.582102 0.315233 0.749518
-10.8642 5.29417 0.27989 -0.594406 0.290247 0.749955
-11.1037 4.75872 0.284233 -0.606078 0.260948 0.751365
-11.31 4.25855 0.281864 -0.614146 0.237763 0.75252
-11.4859 3.77506 0.278399 -0.626548 0.208226 0.75105
-11.6213 3.26823 0.296542 -0.636813 0.1857 0.74832
-11.7803 2.75596 0.278025 -0.639687 0.158356 0.752145
-11.9101 2.14914 0.272489 -0.649094 0.113261 0.752227
-11.9849 1.62187 0.278639 -0.653232 0.0894867 0.75185
-12.0471 0.996259 0.281585 -0.65826 0.0486922 0.751201
-12.0835 0.450839 0.275649 -0.654774 0.0237065 0.755452
-12.0942 -0.0971784 0.273696 -0.653144 -0.00426817 0.75722
-12.08 -0.737036 0.267387 -0.654969 -0.0385633 0.754655
-12.0217 -1.34775 0.271118 -0.652824 -0.0750643 0.753766
-11.9387 -1.88653 0.279542 -0.655937 -0.0982079 0.748392
-11.8342 -2.42012 0.286574 -0.647111 -0.134103 0.7505
-11.7306 -2.92283 0.275134 -0.63821 -0.164019 0.752164
-11.5731 -3.39821 0.29458 -0.628196 -0.194387 0.753381
-11.5313 -3.549 0.290638 -0.626076 -0.197279 0.754384
-11.5111 -3.61651 0.289416 -0.62458 -0.201904 0.754409
