-0.429135 -0.043323 6.58008 -0.0415836 -0.00814102 0.999092
-0.123926 0.403669 6.57928 0.00431902 0.0293811 0.999551
0.323065 0.25696 6.57337 0.0361442 0.0269016 0.99898
0.320712 -0.242991 6.5785 0.0297671 -0.00942436 0.999502
-0.191918 -0.362721 6.58009 -0.0108179 -0.0285859 0.999526
-0.411923 -0.0922171 6.58017 -0.0353341 -0.0138262 0.999264
-1.07193 -0.290851 6.53889 -0.0745691 -0.0260158 0.996867
-0.809095 -0.753547 6.53678 -0.0599084 -0.0570369 0.99657
-0.380362 -1.03529 6.53553 -0.0334261 -0.0848713 0.995815
0.117321 -1.10141 6.53853 -0.00508191 -0.0863978 0.996241
0.634004 -0.912219 6.54248 0.0405934 -0.0621456 0.997236
0.994085 -0.474374 6.54278 0.0695568 -0.0292381 0.997123
1.10493 0.0806255 6.53745 0.0741949 0.0208922 0.996986
0.934951 0.598041 6.52928 0.0649369 0.0483846 0.996716
0.560695 0.948351 6.53177 0.0520016 0.0638978 0.996595
0.0637318 1.10573 6.54314 0.0325845 0.0718851 0.996879
-0.435214 1.03478 6.55239 -0.0256076 0.0586253 0.997927
-0.916566 0.657775 6.54595 -0.0663712 0.0328728 0.997247
-1.11947 0.12785 6.54104 -0.0707046 -7.01699e-05 0.99749
-1.10088 -0.173494 6.53937 -0.0742929 -0.019423 0.997043
-1.75587 -0.361015 6.47691 -0.103827 -0.0322687 0.994069
-1.79762 0.205564 6.48219 -0.113135 0.00583498 0.99354
-1.65896 0.731788 6.48284 -0.0975989 0.043918 0.994253
-1.36182 1.19869 6.48104 -0.0885707 0.0713827 0.993509
-0.94525 1.54377 6.48628 -0.0682842 0.0946601 0.993158
-0.441671 1.74865 6.48252 -0.0147443 0.135456 0.990662
0.0961989 1.78778 6.46998 0.0324619 0.135196 0.990284
0.615226 1.6869 6.46006 0.0510845 0.122451 0.991158
1.14359 1.39308 6.45898 0.0712701 0.101332 0.992296
1.48222 1.02241 6.46241 0.0840688 0.0688332 0.994066
1.70551 0.546117 6.46845 0.0941604 0.0450437 0.994537
1.79062 -0.0178325 6.47607 0.107714 0.0190054 0.993995
1.70185 -0.551578 6.47988 0.0906829 -0.0410841 0.995032
1.42864 -1.08081 6.47302 0.0991678 -0.0729978 0.99239
1.06379 -1.44267 6.47598 0.0723072 -0.0971094 0.992611
0.472853 -1.72941 6.47211 0.0147996 -0.110453 0.993724
-0.107756 -1.79731 6.46075 -0.0227829 -0.114103 0.993192
-0.652766 -1.66704 6.45669 -0.0428539 -0.11637 0.99228
-1.1003 -1.40595 6.46508 -0.0561117 -0.109795 0.992352
-1.49608 -0.95893 6.47466 -0.0894883 -0.07339 0.99328
-1.74576 -0.397824 6.47669 -0.103931 -0.0347611 0.993977
-2.41573 -0.50533 6.38688 -0.157299 -0.041515 0.986666
-2.49306 0.0253416 6.38827 -0.15893 -0.00861246 0.98723
-2.43253 0.561912 6.38864 -0.16979 0.0392259 0.984691
-2.22753 1.1037 6.38886 -0.147447 0.0705948 0.986542
-1.96613 1.54727 6.3847 -0.1195 0.105756 0.987179
-1.5866 1.90945 6.38441 -0.107706 0.128049 0.985899
-1.097 2.23716 6.38357 -0.0694003 0.153183 0.985718
-0.571953 2.42088 6.37815 -0.0273458 0.162737 0.986267
0.0038316 2.46386 6.3714 0.0202407 0.157426 0.987317
0.5861 2.40575 6.36225 0.0438788 0.147499 0.988077
1.13983 2.20024 6.36014 0.0685454 0.141944 0.987497
1.62556 1.87927 6.36569 0.0870906 0.124926 0.98833
1.96874 1.49872 6.37677 0.102264 0.0987017 0.989844
2.27189 0.972963 6.38692 0.137455 0.068183 0.988129
2.43438 0.414784 6.38683 0.137646 0.0267598 0.990117
2.46978 -0.136519 6.38598 0.149409 -0.00640463 0.988751
2.38101 -0.654496 6.38075 0.166097 -0.0634782 0.984059
2.11685 -1.26427 6.37462 0.141804 -0.0896911 0.985818
1.80649 -1.68842 6.37405 0.127477 -0.106479 0.986098
1.43573 -2.02751 6.37793 0.10494 -0.124064 0.986704
0.991418 -2.28028 6.38186 0.0676287 -0.136886 0.988272
0.396052 -2.44641 6.38689 0.0185027 -0.130219 0.991289
-0.247757 -2.47424 6.37575 -0.0312731 -0.126229 0.991505
-0.820038 -2.33203 6.36381 -0.0647009 -0.134413 0.988803
-1.34228 -2.06231 6.36455 -0.0817014 -0.146435 0.985802
-1.81057 -1.67291 6.37452 -0.110358 -0.136761 0.984435
-2.13729 -1.22995 6.38219 -0.134153 -0.0899736 0.986867
-2.37044 -0.68413 6.38617 -0.151931 -0.0450513 0.98736
-3.03782 -0.819374 6.26113 -0.189452 -0.0561258 0.980284
-2.86541 -1.28999 6.25597 -0.180948 -0.0957606 0.978817
-2.5604 -1.82685 6.24886 -0.156327 -0.121145 0.980246
-2.2262 -2.22129 6.24121 -0.132518 -0.152742 0.979338
-1.82589 -2.55939 6.23579 -0.116541 -0.165654 0.979272
-1.3567 -2.83021 6.24132 -0.101167 -0.165937 0.980933
-0.885852 -3.02776 6.2516 -0.0873863 -0.179211 0.979918
-0.268016 -3.15081 6.27236 -0.0423212 -0.173498 0.983887
0.244624 -3.149 6.27953 0.00679783 -0.18363 0.982967
0.764606 -3.06448 6.27452 0.0556702 -0.17483 0.983018
1.2674 -2.89889 6.26509 0.0908875 -0.167171 0.981724
1.78879 -2.6119 6.25387 0.132924 -0.156682 0.978648
2.27359 -2.18488 6.24296 0.166641 -0.136019 0.976591
2.58957 -1.78073 6.23903 0.183626 -0.116689 0.976039
2.86405 -1.31039 6.23604 0.200844 -0.0959695 0.974908
3.03826 -0.807213 6.24448 0.199795 -0.0780352 0.976723
3.14098 -0.239362 6.26165 0.20654 -0.0492736 0.977181
3.14264 0.283627 6.2708 0.200589 0.0134336 0.979564
3.05592 0.784951 6.2707 0.195486 0.0482398 0.979519
2.86766 1.29583 6.26872 0.180711 0.0818096 0.980126
2.61348 1.7683 6.26351 0.156349 0.121927 0.980135
2.28961 2.17927 6.25537 0.135747 0.142541 0.980425
1.86832 2.55528 6.24576 0.101465 0.158699 0.982099
1.34484 2.85677 6.24175 0.0804953 0.171503 0.981889
0.805604 3.05679 6.24562 0.0623325 0.179108 0.98185
0.220771 3.15137 6.25149 0.0151078 0.182354 0.983107
-0.318906 3.12894 6.25904 -0.00784965 0.183232 0.983031
-0.88299 3.03887 6.26061 -0.046258 0.174652 0.983534
-1.48388 2.78873 6.26401 -0.0850874 0.166625 0.982336
-1.91776 2.52701 6.25777 -0.121086 0.147389 0.981636
-2.38609 2.09414 6.25702 -0.153065 0.139537 0.978308
-2.70508 1.65049 6.25709 -0.19099 0.10939 0.975455
-2.97214 1.08091 6.25605 -0.199883 0.0762791 0.976836
-3.12708 0.561572 6.25542 -0.203947 0.041242 0.978102
-3.176 0.0587559 6.25643 -0.212351 0.00698983 0.97716
-3.11913 -0.492126 6.25907 -0.200801 -0.0321283 0.979103
-3.06193 -0.750591 6.26036 -0.194579 -0.0515347 0.979511
-3.71291 -0.919738 6.11335 -0.212772 -0.0577386 0.975359
-3.53192 -1.42746 6.11099 -0.199652 -0.0960232 0.975139
-3.29654 -1.91641 6.10348 -0.199424 -0.118859 0.972678
-2.93605 -2.46344 6.09218 -0.177462 -0.171183 0.969096
-2.53219 -2.8677 6.08542 -0.159419 -0.191656 0.968426
-2.1086 -3.17715 6.0856 -0.130396 -0.200149 0.971049
-1.57404 -3.47634 6.08983 -0.110713 -0.208504 0.971735
-1.01712 -3.68383 6.10166 -0.0951727 -0.225235 0.969645
-0.483741 -3.80772 6.11656 -0.0601548 -0.250164 0.966298
0.0518988 -3.83368 6.1293 -0.00353563 -0.248396 0.968567
0.663787 -3.76707 6.12824 0.0484256 -0.239476 0.969693
1.26523 -3.615 6.12429 0.0913562 -0.228881 0.969148
1.78485 -3.38565 6.11458 0.131937 -0.210828 0.968569
2.29382 -3.0606 6.0975 0.167558 -0.180295 0.969227
2.70424 -2.70562 6.08397 0.189648 -0.16588 0.967734
3.04419 -2.29625 6.0807 0.201799 -0.143743 0.968814
3.34398 -1.83354 6.07947 0.212031 -0.118353 0.970061
3.60444 -1.26862 6.083 0.217851 -0.0916009 0.971665
3.73921 -0.726941 6.09386 0.240126 -0.0656385 0.968516
3.81941 -0.10123 6.10224 0.256691 -0.0261974 0.966131
3.79001 0.487935 6.1102 0.266875 0.0170145 0.963575
3.67652 1.04918 6.11519 0.256291 0.0578083 0.964863
3.47971 1.57331 6.11518 0.227027 0.10679 0.968012
3.21961 2.05846 6.11225 0.202598 0.135576 0.969811
2.8613 2.53936 6.10549 0.182154 0.166622 0.969048
2.50651 2.90314 6.10171 0.160841 0.187995 0.9689
2.08415 3.20774 6.10088 0.122188 0.204978 0.971102
1.63936 3.4527 6.09891 0.0978516 0.209772 0.972832
1.10899 3.66615 6.10032 0.0778343 0.219833 0.972422
0.479302 3.79985 6.10935 0.0376565 0.224746 0.973674
-0.0480325 3.81744 6.1174 0.00902456 0.218316 0.975829
-0.656214 3.77486 6.12323 -0.0242568 0.213426 0.976642
-1.17467 3.65785 6.1246 -0.0658679 0.209779 0.975511
-1.64552 3.47572 6.12389 -0.101821 0.202253 0.974005
-2.0859 3.22356 6.12404 -0.126138 0.182827 0.974963
-2.4882 2.91781 6.11607 -0.162568 0.160244 0.973593
-2.87303 2.55094 6.1025 -0.187817 0.146065 0.971283
-3.17956 2.14637 6.09805 -0.20551 0.134119 0.969416
-3.45745 1.63943 6.09901 -0.216106 0.106016 0.970592
-3.66818 1.13936 6.1009 -0.229051 0.0805173 0.970057
-3.79597 0.64004 6.10019 -0.233104 0.0376321 0.971717
-3.84824 0.109541 6.10311 -0.229057 0.0148752 0.973289
-3.8094 -0.495471 6.10927 -0.222386 -0.0172736 0.974806
-3.74972 -0.78631 6.11208 -0.215053 -0.0475316 0.975438
-4.38479 -0.979857 5.94428 -0.284794 -0.0719602 0.955884
-4.20102 -1.53479 5.94771 -0.260729 -0.100474 0.960166
-3.9679 -2.07608 5.93333 -0.23361 -0.155486 0.959818
-3.6628 -2.59935 5.91558 -0.224612 -0.177873 0.958059
-3.29599 -3.05225 5.90503 -0.202225 -0.202657 0.958137
-2.8914 -3.43152 5.90421 -0.181411 -0.215303 0.95953
-2.43948 -3.76058 5.90514 -0.15415 -0.233131 0.960144
-1.99996 -4.00513 5.91202 -0.141081 -0.254942 0.956609
-1.5369 -4.20532 5.91589 -0.108731 -0.271927 0.956154
-0.988999 -4.38331 5.91929 -0.0804015 -0.294717 0.952177
-0.446544 -4.47993 5.9258 -0.0525226 -0.304976 0.950909
0.113975 -4.49714 5.93731 -0.00981817 -0.307169 0.951604
0.717664 -4.43254 5.94316 0.0496676 -0.279134 0.958964
1.25276 -4.30777 5.94157 0.0845848 -0.27826 0.956762
1.74477 -4.14261 5.93241 0.124416 -0.274797 0.953402
2.25249 -3.88027 5.9235 0.166715 -0.245138 0.955046
2.67481 -3.60004 5.91242 0.200368 -0.22367 0.953837
3.13142 -3.21013 5.89615 0.219622 -0.198329 0.955204
3.48227 -2.80713 5.89337 0.23051 -0.186946 0.954943
3.82912 -2.29465 5.89995 0.241697 -0.150418 0.958615
4.10426 -1.78284 5.90104 0.263097 -0.125319 0.956594
4.28955 -1.2992 5.90565 0.269665 -0.0899423 0.958742
4.41026 -0.801778 5.90859 0.274151 -0.0528306 0.960213
4.47498 -0.207904 5.90956 0.290445 -0.0207625 0.956666
4.46844 0.332159 5.91144 0.299003 0.015647 0.95412
4.39429 0.862003 5.91736 0.297247 0.0456785 0.953694
4.27371 1.36668 5.9234 0.286036 0.0701584 0.955634
4.05849 1.90266 5.93374 0.260206 0.113313 0.958842
3.78129 2.41607 5.93275 0.230944 0.151125 0.961146
3.40468 2.92917 5.92719 0.210514 0.182822 0.960343
2.98265 3.37305 5.92213 0.182937 0.199864 0.962591
2.52422 3.71791 5.92775 0.150534 0.213915 0.965184
2.07414 3.97927 5.92431 0.113843 0.253375 0.960646
1.56015 4.21639 5.91991 0.106654 0.264581 0.958448
1.04583 4.37487 5.9289 0.089096 0.273475 0.957743
0.468459 4.47603 5.94351 0.0590681 0.266345 0.962066
-0.0591054 4.49416 5.95278 0.000677833 0.262414 0.964953
-0.620407 4.45194 5.95407 -0.027856 0.267654 0.963112
-1.18121 4.34547 5.95827 -0.070287 0.269946 0.960237
-1.74881 4.15621 5.94964 -0.114692 0.253582 0.960488
-2.20498 3.93324 5.949 -0.133101 0.234952 0.962851
-2.69453 3.60563 5.95023 -0.172975 0.209207 0.962393
-3.08687 3.28935 5.9368 -0.203193 0.191193 0.960266
-3.47856 2.85351 5.92497 -0.224116 0.165498 0.960408
-3.82253 2.37129 5.92044 -0.249247 0.151024 0.956587
-4.12365 1.79917 5.91637 -0.263532 0.115349 0.957726
-4.31139 1.29352 5.91949 -0.263311 0.0885097 0.960632
-4.43794 0.800075 5.92226 -0.26798 0.0607364 0.961504
-4.50493 0.193316 5.93356 -0.272897 0.0291828 0.961585
-4.50267 -0.359865 5.9404 -0.295093 -0.0144085 0.955306
-4.41419 -0.876838 5.94323 -0.279343 -0.0642289 0.957994
-5.03355 -1.08311 5.72397 -0.329462 -0.0781573 0.940911
-5.1352 -0.53895 5.72441 -0.333528 -0.0489769 0.941461
-5.16393 0.0502556 5.72594 -0.339931 0.00791002 0.940406
-5.13274 0.599529 5.71401 -0.332556 0.05623 0.941405
-5.03133 1.15337 5.70919 -0.326587 0.0796493 0.941801
-4.8523 1.72464 5.7057 -0.311023 0.123565 0.94233
-4.61776 2.27857 5.70272 -0.301832 0.146021 0.942109
-4.36931 2.73599 5.70381 -0.285463 0.167765 0.94359
-4.0353 3.20091 5.71182 -0.269043 0.191876 0.943812
-3.59326 3.69699 5.72884 -0.250749 0.205041 0.946084
-3.18453 4.07373 5.74388 -0.223711 0.232463 0.946508
-2.76501 4.3686 5.74921 -0.165284 0.280026 0.945625
-2.30762 4.62571 5.74365 -0.141716 0.290412 0.946341
-1.73037 4.86635 5.74578 -0.110057 0.295486 0.948974
-1.14845 5.0378 5.74558 -0.0736676 0.308691 0.948305
-0.636926 5.10569 5.74949 -0.033554 0.322195 0.946078
-0.117549 5.15499 5.74435 -0.0041231 0.331588 0.943381
0.507531 5.13765 5.73217 0.0632217 0.337894 0.93901
1.08575 5.04529 5.7126 0.0948532 0.327955 0.93991
1.63999 4.87254 5.70927 0.108408 0.318504 0.941702
2.23752 4.62803 5.7179 0.117202 0.296224 0.94789
2.67839 4.39063 5.72505 0.167032 0.274126 0.947064
3.15206 4.0894 5.71892 0.196056 0.260358 0.945381
3.53548 3.74517 5.72603 0.218863 0.241735 0.94533
3.88606 3.36813 5.72863 0.242175 0.206329 0.948025
4.23 2.92891 5.72636 0.258899 0.184171 0.948178
4.50886 2.48512 5.72462 0.287568 0.148328 0.946149
4.74267 1.98362 5.71602 0.313198 0.106889 0.94364
4.92404 1.4822 5.70458 0.320073 0.0777743 0.944189
5.06039 0.920466 5.69703 0.319945 0.0521367 0.945994
5.11809 0.386234 5.69776 0.323434 0.0208766 0.94601
5.13747 -0.149034 5.69579 0.322526 -0.000784396 0.946557
5.09043 -0.662519 5.70168 0.314478 -0.0394314 0.948445
4.97197 -1.28548 5.70332 0.294448 -0.0784601 0.952403
4.80653 -1.78965 5.69718 0.284314 -0.120821 0.951087
4.57878 -2.32135 5.685 0.284327 -0.156643 0.945844
4.31875 -2.76074 5.68474 0.277382 -0.18117 0.943515
4.00716 -3.1989 5.68247 0.250234 -0.199399 0.947429
3.66803 -3.59013 5.68514 0.240509 -0.213954 0.946769
3.23311 -3.99893 5.69495 0.219949 -0.233344 0.947189
2.80239 -4.30482 5.70839 0.186645 -0.262513 0.946698
2.33229 -4.58622 5.71443 0.160906 -0.279897 0.946442
1.8536 -4.81613 5.7175 0.131634 -0.292384 0.947197
1.35536 -4.97247 5.72739 0.0956789 -0.313963 0.944578
0.845778 -5.0755 5.72967 0.044094 -0.33362 0.941611
0.291125 -5.13541 5.71791 -0.00114976 -0.341866 0.939733
-0.276164 -5.13384 5.70626 -0.032793 -0.345453 0.937859
-0.898567 -5.06526 5.69688 -0.0640522 -0.343754 0.936868
-1.43357 -4.94237 5.69278 -0.100291 -0.320297 0.941993
-1.91457 -4.75868 5.6984 -0.120281 -0.307331 0.943967
-2.44747 -4.50227 5.70455 -0.145797 -0.285187 0.947309
-2.90458 -4.23559 5.70385 -0.171802 -0.264845 0.948844
-3.31226 -3.92797 5.70472 -0.203537 -0.23816 0.949632
-3.73869 -3.54305 5.69898 -0.222169 -0.220446 0.949759
-4.07885 -3.13292 5.7074 -0.238689 -0.202351 0.94978
-4.37794 -2.70318 5.71535 -0.274971 -0.18749 0.942976
-4.61336 -2.25163 5.72574 -0.292736 -0.152991 0.943875
-4.85635 -1.63786 5.73181 -0.317498 -0.110357 0.941805
-5.01781 -1.14113 5.7244 -0.332054 -0.0832218 0.939582
-5.64471 -1.30828 5.47827 -0.354504 -0.0930426 0.930413
-5.46481 -1.86778 5.4846 -0.349706 -0.112713 0.930054
-5.24213 -2.39802 5.49207 -0.331013 -0.153549 0.931028
-5.01541 -2.86894 5.48151 -0.320149 -0.196278 0.926811
-4.70067 -3.38867 5.47242 -0.294603 -0.20884 0.932489
-4.27863 -3.92284 5.47134 -0.267464 -0.231971 0.935208
-3.81898 -4.35842 5.47433 -0.227986 -0.277591 0.933255
-3.38658 -4.69673 5.47079 -0.20885 -0.298211 0.931371
-2.87802 -5.01091 5.47 -0.169791 -0.302804 0.937794
-2.4315 -5.23678 5.46927 -0.145633 -0.31694 0.937191
-1.95536 -5.43829 5.46429 -0.10933 -0.326021 0.939
-1.44719 -5.6014 5.45624 -0.0802768 -0.347911 0.93408
-0.880348 -5.71736 5.45516 -0.0577685 -0.352714 0.933942
-0.368842 -5.76834 5.4602 -0.033521 -0.372609 0.927382
0.159393 -5.78704 5.46448 -0.00603531 -0.370244 0.928914
0.677423 -5.75429 5.47454 0.0222138 -0.372713 0.927676
1.31557 -5.64638 5.48919 0.063471 -0.369639 0.926989
1.92849 -5.47198 5.4867 0.118974 -0.340421 0.932707
2.45745 -5.25348 5.4819 0.167667 -0.314528 0.93432
2.96886 -4.97026 5.47238 0.20251 -0.304235 0.930817
3.43201 -4.66403 5.46018 0.231379 -0.286088 0.929839
3.90164 -4.27854 5.45396 0.244281 -0.258081 0.934716
4.26056 -3.90908 5.45267 0.265197 -0.235266 0.93505
4.5676 -3.51408 5.45879 0.276264 -0.214975 0.936719
4.94116 -2.98848 5.45507 0.293467 -0.179956 0.938875
5.22302 -2.47124 5.46128 0.295934 -0.173044 0.939397
5.41768 -1.99824 5.47882 0.31375 -0.133976 0.939926
5.59507 -1.48033 5.47508 0.344417 -0.0834616 0.935086
5.71951 -0.880341 5.47039 0.353481 -0.0466161 0.934272
5.77234 -0.357452 5.46476 0.361084 -0.010074 0.932479
5.77445 0.172309 5.4648 0.365988 0.0103555 0.930553
5.7338 0.747346 5.46308 0.35863 0.0433519 0.932467
5.62242 1.37882 5.46167 0.354317 0.0802131 0.931677
5.4852 1.87013 5.46508 0.345524 0.103864 0.932642
5.25454 2.43129 5.47942 0.345862 0.136633 0.928277
4.96849 2.97347 5.48982 0.324698 0.182661 0.927973
4.6929 3.39991 5.49008 0.299436 0.211768 0.930308
4.31502 3.87107 5.49032 0.279575 0.239038 0.929872
3.94674 4.26715 5.48118 0.24792 0.286832 0.925338
3.5253 4.62129 5.47572 0.224619 0.302523 0.926291
3.00157 4.95455 5.48534 0.203265 0.308426 0.929266
2.50761 5.22241 5.47899 0.138594 0.349551 0.926608
2.02359 5.40772 5.47138 0.116136 0.358868 0.926135
1.52892 5.58166 5.46543 0.111979 0.36147 0.92563
0.905969 5.72811 5.47427 0.0861172 0.367611 0.925983
0.236021 5.80437 5.49027 0.0468611 0.380969 0.923383
-0.300894 5.78983 5.5069 -0.00562848 0.37277 0.927884
-0.820475 5.73804 5.51149 -0.0390197 0.359745 0.93223
-1.34502 5.65895 5.51158 -0.0757105 0.351571 0.933056
-1.91801 5.49743 5.50823 -0.123795 0.342294 0.931402
-2.46079 5.27344 5.50567 -0.155758 0.323011 0.933489
-2.91219 5.03106 5.50741 -0.185165 0.321534 0.92861
-3.33782 4.76266 5.50707 -0.225642 0.303699 0.925638
-3.76472 4.4215 5.50004 -0.259258 0.277682 0.925025
-4.15215 4.05152 5.48849 -0.27647 0.237781 0.931127
-4.53523 3.59582 5.47803 -0.293317 0.201997 0.934423
-4.87541 3.12996 5.46384 -0.309337 0.18745 0.932293
-5.1493 2.64184 5.46517 -0.329251 0.166496 0.929414
-5.36881 2.16627 5.46361 -0.342114 0.141307 0.928969
-5.56882 1.60331 5.46932 -0.358221 0.119212 0.92598
-5.70968 1.02764 5.46818 -0.364293 0.0659498 0.928942
-5.78929 0.43318 5.4714 -0.374713 0.0456249 0.926013
-5.79887 -0.205692 5.48121 -0.375776 -0.00328205 0.926703
-5.75597 -0.707691 5.48305 -0.371909 -0.052214 0.926791
-5.65479 -1.2668 5.47853 -0.357865 -0.0902055 0.929398
-6.28906 -1.36519 5.20521 -0.405152 -0.0940379 0.909382
-6.11629 -1.94583 5.21124 -0.394137 -0.127606 0.910146
-5.92094 -2.41886 5.22167 -0.383052 -0.153967 0.910799
-5.69449 -2.92117 5.22048 -0.35795 -0.181511 0.915894
-5.44423 -3.39031 5.214 -0.336022 -0.209233 0.918315
-5.11963 -3.8969 5.20678 -0.317757 -0.237753 0.917866
-4.73367 -4.3689 5.20485 -0.301265 -0.265853 0.915725
-4.36631 -4.73628 5.20876 -0.272857 -0.28507 0.918848
-3.94808 -5.06858 5.21682 -0.234825 -0.304976 0.92295
-3.50106 -5.39078 5.2143 -0.208437 -0.325674 0.922211
-3.05246 -5.64725 5.21505 -0.176507 -0.346877 0.921147
-2.58078 -5.878 5.21051 -0.154652 -0.369619 0.916195
-2.10419 -6.055 5.20741 -0.119054 -0.386222 0.914683
-1.51853 -6.23016 5.1986 -0.0927455 -0.384163 0.918595
-1.01747 -6.33686 5.19753 -0.0595737 -0.388504 0.919519
-0.493804 -6.40338 5.19224 -0.0254869 -0.401635 0.915445
0.0934043 -6.42691 5.19277 -0.0109676 -0.408772 0.912569
0.640462 -6.39824 5.20101 0.0246141 -0.412329 0.910694
1.19223 -6.32167 5.21154 0.0531229 -0.408005 0.911425
1.78294 -6.18829 5.21854 0.102417 -0.396977 0.912084
2.30328 -6.00673 5.22677 0.136563 -0.373722 0.917425
2.83159 -5.78116 5.22526 0.181485 -0.344814 0.920936
3.28081 -5.52156 5.21473 0.230683 -0.314187 0.920907
3.72828 -5.23607 5.19722 0.239445 -0.313159 0.919019
4.15085 -4.91407 5.19069 0.264636 -0.307559 0.913985
4.53149 -4.5557 5.19106 0.290101 -0.283219 0.914122
4.90779 -4.12677 5.19466 0.310419 -0.260686 0.914151
5.26579 -3.6429 5.19877 0.33007 -0.23523 0.914169
5.58114 -3.15208 5.20009 0.34126 -0.20445 0.917463
5.86818 -2.60032 5.2086 0.348467 -0.187145 0.918445
6.05867 -2.12502 5.22206 0.367432 -0.148002 0.918141
6.22095 -1.61654 5.22193 0.362876 -0.0946978 0.926999
6.33491 -1.08669 5.21876 0.374663 -0.0548366 0.925534
6.39722 -0.55008 5.21342 0.379351 -0.0173469 0.925088
6.41388 -0.0119441 5.20653 0.388797 0.0102968 0.921261
6.40113 0.525189 5.19876 0.400037 0.037413 0.915732
6.33547 1.08057 5.19618 0.400339 0.06225 0.914246
6.21758 1.62529 5.19971 0.396003 0.0921555 0.913607
6.05563 2.15143 5.20752 0.385061 0.124469 0.914452
5.85695 2.63535 5.21399 0.372548 0.164754 0.913266
5.58274 3.15091 5.2252 0.361513 0.182736 0.914283
5.22827 3.74526 5.22528 0.333769 0.232405 0.913525
4.85048 4.22504 5.22348 0.304653 0.265828 0.914607
4.48236 4.64256 5.21084 0.272542 0.293518 0.916264
4.04422 5.02222 5.20674 0.246698 0.318489 0.915256
3.56231 5.35449 5.21059 0.222871 0.338887 0.914039
3.09511 5.641 5.2084 0.194053 0.361853 0.911801
2.59374 5.86908 5.20929 0.142752 0.374056 0.916343
2.09814 6.06043 5.20192 0.12141 0.376631 0.918367
1.61663 6.21302 5.19811 0.105649 0.386368 0.916273
1.1249 6.3233 5.20292 0.0864299 0.398463 0.913103
0.587981 6.41611 5.20559 0.0583718 0.411484 0.909546
-0.0320369 6.43819 5.2252 0.0253797 0.418177 0.908003
-0.533383 6.40215 5.24362 -0.0141799 0.415092 0.909665
-1.1158 6.34472 5.24425 -0.0575857 0.413033 0.908877
-1.73494 6.21849 5.24126 -0.103924 0.403093 0.909232
-2.2103 6.05928 5.24434 -0.143147 0.391318 0.909049
-2.69429 5.85449 5.24492 -0.170445 0.366283 0.914754
-3.24388 5.57333 5.24082 -0.202964 0.346997 0.915633
-3.66326 5.30134 5.23898 -0.241347 0.328138 0.913251
-4.21029 4.86646 5.23061 -0.276256 0.299666 0.913164
-4.61979 4.48848 5.21936 -0.307084 0.279662 0.90966
-4.95498 4.10371 5.21578 -0.322986 0.253977 0.91168
-5.28186 3.66022 5.20818 -0.337774 0.212047 0.917027
-5.5684 3.20653 5.20014 -0.344961 0.194151 0.918316
-5.81797 2.7146 5.20147 -0.369479 0.171579 0.913251
-6.04375 2.19029 5.19736 -0.379405 0.143509 0.914027
-6.24622 1.54742 5.19832 -0.387729 0.104051 0.91587
-6.35454 1.0421 5.1979 -0.397211 0.0653144 0.9154
-6.40913 0.496607 5.20541 -0.403221 0.0401069 0.914223
-6.43044 -0.0218738 5.21018 -0.409143 0.00902922 0.912412
-6.4105 -0.626694 5.20511 -0.412315 -0.0391828 0.910198
-6.3291 -1.18899 5.20387 -0.410941 -0.0801599 0.908115
-6.2921 -1.35177 5.2052 -0.401837 -0.0883705 0.911435
-6.88487 -1.54743 4.90939 -0.42968 -0.099077 0.897506
-7.00052 -0.877096 4.91315 -0.434815 -0.0622585 0.898359
-7.04399 -0.377382 4.9146 -0.444025 -0.0197892 0.89579
-7.04695 0.205249 4.91691 -0.442289 0.00565359 0.896851
-7.01592 0.773566 4.91608 -0.432911 0.0434519 0.90037
-6.93245 1.33817 4.9155 -0.427553 0.0784312 0.900582
-6.81138 1.85413 4.91225 -0.414704 0.127407 0.900988
-6.64713 2.36026 4.90831 -0.405738 0.152086 0.90124
-6.43837 2.87052 4.90893 -0.398737 0.176336 0.899943
-6.15384 3.45666 4.90782 -0.382936 0.203822 0.901
-5.87892 3.901 4.91655 -0.372713 0.231297 0.89865
-5.57109 4.34187 4.91758 -0.347607 0.271749 0.89739
-5.15323 4.81489 4.92396 -0.329329 0.295916 0.896644
-4.77512 5.1958 4.93037 -0.314256 0.312769 0.896335
-4.28558 5.59989 4.94459 -0.283927 0.34497 0.894634
-3.85373 5.93293 4.94401 -0.258502 0.364998 0.894386
-3.40503 6.20474 4.94762 -0.20986 0.389646 0.896733
-2.94507 6.43113 4.94618 -0.177016 0.41374 0.893011
-2.46423 6.62468 4.9424 -0.151118 0.429896 0.890142
-1.9683 6.79176 4.93892 -0.127849 0.4388 0.889437
-1.46477 6.91154 4.94263 -0.0978429 0.447874 0.888726
-0.932625 6.99081 4.94582 -0.046356 0.446712 0.893476
-0.301765 7.04784 4.93879 -0.0133863 0.44826 0.893803
0.304618 7.05585 4.92828 0.0267845 0.418934 0.907599
0.934854 6.99738 4.91757 0.0746172 0.414902 0.906795
1.49973 6.88702 4.91285 0.0982563 0.419888 0.902241
1.98604 6.75542 4.91443 0.125146 0.417647 0.899949
2.53304 6.55985 4.92115 0.147753 0.407838 0.901015
3.05267 6.35142 4.91929 0.183669 0.405338 0.895521
3.63799 6.03432 4.9263 0.214368 0.38158 0.89913
4.16205 5.71151 4.91915 0.257067 0.354936 0.898842
4.57669 5.39385 4.92113 0.276927 0.351135 0.894418
5.01384 4.98373 4.92541 0.315366 0.311914 0.896235
5.36326 4.58655 4.93079 0.337757 0.28928 0.895673
5.67267 4.18397 4.93686 0.36396 0.264827 0.892946
5.98226 3.71763 4.93599 0.37941 0.223623 0.897787
6.25551 3.21738 4.93247 0.402493 0.185657 0.896376
6.51423 2.6887 4.91593 0.417664 0.167804 0.892962
6.70167 2.18028 4.91457 0.423375 0.135189 0.895781
6.85426 1.59698 4.91274 0.423817 0.0906147 0.901201
6.96298 1.0595 4.90841 0.43177 0.0680927 0.899408
7.03002 0.50454 4.90786 0.438967 0.0414284 0.897547
7.04463 -0.0732399 4.92233 0.441585 0.0235242 0.896904
7.03062 -0.622308 4.93046 0.428984 -0.0211 0.903048
6.96149 -1.12191 4.94162 0.425209 -0.052229 0.903582
6.85263 -1.68156 4.94022 0.426619 -0.108847 0.897838
6.70868 -2.16712 4.93827 0.415427 -0.147979 0.897508
6.52158 -2.65725 4.93078 0.395474 -0.182817 0.900098
6.2953 -3.15989 4.91648 0.380048 -0.213841 0.899902
6.0508 -3.61085 4.90462 0.370531 -0.236912 0.89808
5.70629 -4.10201 4.90697 0.359746 -0.257896 0.896696
5.3608 -4.5628 4.89972 0.347949 -0.287229 0.892426
5.00409 -4.9555 4.90176 0.316811 -0.300849 0.899501
4.58202 -5.35891 4.90479 0.29187 -0.317446 0.902233
4.12263 -5.72974 4.91191 0.264723 -0.338436 0.902985
3.55463 -6.08953 4.92851 0.232687 -0.36883 0.899873
3.03761 -6.35917 4.94279 0.206543 -0.393553 0.895795
2.54909 -6.58294 4.94451 0.167312 -0.396629 0.902575
2.07109 -6.75096 4.93799 0.10452 -0.404739 0.908422
1.58167 -6.87842 4.92763 0.0759348 -0.418164 0.905185
1.04942 -6.96874 4.92058 0.0444546 -0.42763 0.902853
0.420179 -7.03875 4.9079 0.0105594 -0.430239 0.902651
-0.0876612 -7.04759 4.90329 -0.00954501 -0.426018 0.904664
-0.614816 -7.01758 4.90614 -0.0280471 -0.431317 0.901761
-1.11623 -6.95565 4.91129 -0.0573423 -0.433273 0.899435
-1.64236 -6.84708 4.91459 -0.0982501 -0.422944 0.900805
-2.13983 -6.70227 4.91558 -0.133359 -0.410199 0.90219
-2.64265 -6.52811 4.91516 -0.15464 -0.415871 0.896173
-3.11463 -6.32109 4.92137 -0.181831 -0.402279 0.897268
-3.60948 -6.05814 4.92662 -0.220031 -0.374843 0.900589
-4.11274 -5.74139 4.92339 -0.256797 -0.358532 0.897491
-4.51866 -5.4329 4.92338 -0.274106 -0.338652 0.900096
-4.96405 -5.0412 4.92266 -0.307304 -0.30485 0.90143
-5.40567 -4.53669 4.92354 -0.331199 -0.273567 0.90303
-5.71587 -4.13111 4.92543 -0.349854 -0.254441 0.901574
-5.99018 -3.69675 4.93186 -0.367592 -0.224176 0.902542
-6.2571 -3.17868 4.93524 -0.394479 -0.185737 0.899933
-6.50046 -2.65912 4.92655 -0.409495 -0.160602 0.898059
-6.70218 -2.15847 4.91522 -0.417053 -0.134843 0.898819
-6.87553 -1.58562 4.90938 -0.428983 -0.107074 0.896941
-7.46787 -1.71111 4.60053 -0.460575 -0.117643 0.879782
-7.5755 -1.17143 4.60087 -0.460411 -0.0754061 0.884491
-7.6429 -0.54688 4.60151 -0.472959 -0.0319196 0.880495
-7.67115 -0.0363581 4.59544 -0.473074 -0.00323565 0.881017
-7.65165 0.501225 4.59996 -0.477257 0.019631 0.87854
-7.59425 1.05554 4.6044 -0.474605 0.0540278 0.878535
-7.50516 1.56575 4.606 -0.46315 0.10078 0.880515
-7.38454 2.08159 4.59706 -0.451675 0.136827 0.881623
-7.21985 2.58159 4.59474 -0.44759 0.164297 0.87901
-6.97487 3.16275 4.60023 -0.43787 0.18973 0.878791
-6.74765 3.65085 4.5986 -0.414931 0.211955 0.884811
-6.4698 4.13159 4.6032 -0.395754 0.247653 0.884283
-6.17154 4.56885 4.6014 -0.379735 0.288331 0.879008
-5.78533 5.04706 4.60281 -0.362674 0.302969 0.881293
-5.40188 5.45368 4.61204 -0.332403 0.316096 0.888585
-5.01923 5.794 4.62366 -0.306615 0.350389 0.884988
-4.63064 6.11067 4.62726 -0.297643 0.37209 0.879178
-4.23095 6.41397 4.62669 -0.272578 0.38969 0.879678
-3.78024 6.69962 4.62508 -0.237318 0.42684 0.872603
-3.29483 6.94345 4.62179 -0.197745 0.446578 0.872609
-2.81119 7.14626 4.61805 -0.179049 0.463546 0.867794
-2.29925 7.32329 4.61736 -0.148416 0.46242 0.874143
-1.68792 7.48297 4.61769 -0.110607 0.47559 0.872685
-1.16301 7.57473 4.62269 -0.0721736 0.477599 0.875607
-0.616696 7.6339 4.62423 -0.039784 0.476676 0.878173
-0.0842763 7.66606 4.62261 -0.0155035 0.46874 0.883198
0.488917 7.66494 4.6174 0.0356472 0.4762 0.878588
0.99145 7.61024 4.61213 0.0812865 0.463578 0.88229
1.60309 7.48939 4.60243 0.116808 0.45994 0.880234
2.093 7.35377 4.60389 0.131424 0.458765 0.878783
2.58603 7.19375 4.60532 0.164346 0.454794 0.875283
3.05834 7.01477 4.59967 0.197666 0.447196 0.872318
3.54945 6.77619 4.60457 0.214904 0.438369 0.872722
4.05459 6.50776 4.60421 0.249837 0.418163 0.873317
4.49478 6.23768 4.59609 0.281068 0.39478 0.874704
4.89354 5.92867 4.5972 0.300492 0.373956 0.877416
5.31388 5.54562 4.60832 0.325444 0.350755 0.878083
5.69858 5.13607 4.6168 0.347089 0.318076 0.882232
6.08412 4.65646 4.61726 0.384489 0.282406 0.878866
6.39721 4.20326 4.61807 0.402983 0.264722 0.876081
6.67429 3.7457 4.61884 0.415062 0.223243 0.881916
6.9028 3.29754 4.61021 0.434588 0.188933 0.880588
7.14717 2.72004 4.60061 0.444742 0.168501 0.879662
7.33572 2.17435 4.60274 0.454026 0.144014 0.879258
7.48405 1.60868 4.60235 0.464175 0.0926627 0.880853
7.57799 1.11108 4.59514 0.469323 0.0659032 0.880558
7.64178 0.462491 4.59771 0.480714 0.0346496 0.876185
7.65973 -0.252611 4.59921 0.496106 -0.00187279 0.868229
7.62559 -0.799501 4.60716 0.497586 -0.0382305 0.866548
7.55834 -1.30514 4.61285 0.486231 -0.0766993 0.870426
7.43416 -1.83761 4.62337 0.470165 -0.107903 0.875944
7.25934 -2.44597 4.6234 0.458176 -0.147842 0.87648
7.06795 -2.96218 4.61791 0.418689 -0.194004 0.887163
6.85668 -3.41708 4.60654 0.402793 -0.236161 0.884291
6.5918 -3.8726 4.59869 0.392134 -0.260262 0.882321
6.29104 -4.32734 4.59065 0.385203 -0.284347 0.877931
5.98347 -4.75725 4.5819 0.37627 -0.297928 0.8773
5.66212 -5.14598 4.58261 0.37018 -0.31882 0.872534
5.25784 -5.57167 4.58697 0.341783 -0.347644 0.873093
4.83224 -5.94598 4.59319 0.314391 -0.363555 0.876917
4.40435 -6.27048 4.60355 0.293846 -0.387246 0.873885
3.92006 -6.58242 4.60958 0.250063 -0.419145 0.872796
3.4662 -6.82986 4.61264 0.235985 -0.436642 0.868133
2.98435 -7.05696 4.62365 0.214205 -0.453489 0.865122
2.44259 -7.26745 4.63136 0.16474 -0.480132 0.861573
1.82196 -7.44065 4.62232 0.0918154 -0.477701 0.873707
1.2985 -7.55123 4.61104 0.0684756 -0.476016 0.876746
0.671296 -7.63996 4.59931 0.0363869 -0.469744 0.882043
0.0589191 -7.66853 4.59704 0.00189162 -0.466211 0.88467
-0.527302 -7.64263 4.59525 -0.0441699 -0.467836 0.882704
-1.06724 -7.57786 4.59607 -0.0650008 -0.474333 0.877942
-1.5674 -7.49722 4.59418 -0.10061 -0.473908 0.874791
-2.18604 -7.3375 4.5962 -0.132786 -0.45645 0.879769
-2.69578 -7.15668 4.60275 -0.15687 -0.441311 0.883534
-3.2033 -6.95147 4.60559 -0.189278 -0.445121 0.875236
-3.69933 -6.70497 4.61285 -0.220254 -0.425581 0.877685
-4.21229 -6.40317 4.61085 -0.270482 -0.406421 0.872722
-4.71696 -6.05171 4.60772 -0.286831 -0.388564 0.875639
-5.1292 -5.72274 4.60999 -0.321583 -0.364522 0.873893
-5.51508 -5.35596 4.60516 -0.352428 -0.328406 0.876314
-5.89313 -4.90916 4.61072 -0.370718 -0.304768 0.87731
-6.25044 -4.42353 4.61672 -0.387619 -0.271986 0.880775
-6.53275 -3.96325 4.62274 -0.414318 -0.236308 0.878916
-6.83536 -3.40288 4.61774 -0.427284 -0.210107 0.879362
-7.10152 -2.84289 4.6058 -0.440996 -0.176129 0.880052
-7.28415 -2.35544 4.59988 -0.449846 -0.143491 0.881502
-7.43692 -1.84366 4.59859 -0.457537 -0.121123 0.880902
-7.99973 -2.04275 4.2662 -0.484796 -0.129316 0.865007
-7.82028 -2.63264 4.26669 -0.477514 -0.158462 0.864214
-7.64257 -3.10244 4.27049 -0.469348 -0.184476 0.863513
-7.3853 -3.64093 4.27889 -0.452263 -0.225833 0.862819
-7.09316 -4.19467 4.27776 -0.446474 -0.248423 0.85962
-6.794 -4.68579 4.277 -0.427587 -0.297542 0.853596
-6.50033 -5.09827 4.27046 -0.406629 -0.315141 0.857516
-6.08998 -5.60771 4.25887 -0.38848 -0.356816 0.849561
-5.6329 -6.0582 4.26696 -0.365052 -0.383724 0.848203
-5.22726 -6.40435 4.26779 -0.326816 -0.415117 0.849022
-4.81207 -6.71159 4.26704 -0.294124 -0.436769 0.850096
-4.39402 -6.99037 4.26043 -0.278387 -0.456079 0.845276
-3.90172 -7.2751 4.25978 -0.249367 -0.467875 0.847873
-3.38424 -7.52734 4.26018 -0.217009 -0.471205 0.854911
-2.89904 -7.72723 4.26324 -0.172926 -0.479284 0.860399
-2.32428 -7.91924 4.25216 -0.134198 -0.49959 0.855787
-1.74921 -8.06163 4.2499 -0.112288 -0.509376 0.853183
-1.19458 -8.15715 4.25368 -0.077042 -0.517626 0.852131
-0.653865 -8.22858 4.25334 -0.0564884 -0.517058 0.854084
-0.149548 -8.25806 4.26003 -0.0291603 -0.520925 0.853079
0.401092 -8.2533 4.25773 0.0400089 -0.529689 0.847233
0.986614 -8.19992 4.25448 0.059685 -0.524773 0.849147
1.51396 -8.11822 4.25974 0.0876784 -0.520843 0.849132
2.04572 -7.99443 4.27037 0.117547 -0.510508 0.851788
2.5706 -7.83429 4.27777 0.161145 -0.503719 0.848701
3.097 -7.64621 4.26904 0.206234 -0.484515 0.850125
3.72352 -7.35301 4.26861 0.234817 -0.465328 0.853417
4.27178 -7.05169 4.26583 0.275699 -0.446561 0.851197
4.69839 -6.78486 4.25611 0.304104 -0.428509 0.850806
5.12656 -6.47194 4.24933 0.329945 -0.39592 0.85696
5.57076 -6.09265 4.23975 0.363365 -0.376891 0.852007
5.96454 -5.70066 4.23504 0.380713 -0.358895 0.852201
6.3129 -5.29101 4.2424 0.396601 -0.334221 0.854988
6.62487 -4.89535 4.24422 0.412933 -0.314136 0.854865
6.92904 -4.45717 4.25138 0.422574 -0.295113 0.856927
7.21916 -3.98069 4.26333 0.442263 -0.272776 0.854391
7.49247 -3.47502 4.27025 0.468033 -0.238613 0.850877
7.69872 -2.99592 4.27363 0.498442 -0.188259 0.846206
7.86767 -2.51105 4.27302 0.502189 -0.155248 0.850685
8.01439 -2.00985 4.26803 0.505624 -0.122566 0.854003
8.12311 -1.49148 4.26405 0.519811 -0.0851511 0.850027
8.20967 -0.920362 4.24973 0.535203 -0.0465412 0.843426
8.26197 -0.415842 4.23643 0.526908 -0.024412 0.849568
8.26286 0.11678 4.24432 0.520616 0.00255792 0.853781
8.22572 0.657061 4.25097 0.518151 0.0453905 0.854083
8.16876 1.1909 4.25211 0.515679 0.0607281 0.854623
8.07083 1.70388 4.26433 0.505391 0.0930023 0.857848
7.94248 2.22471 4.26355 0.487526 0.150233 0.860083
7.75779 2.79563 4.25963 0.482461 0.167832 0.859687
7.57241 3.28087 4.26323 0.472311 0.183856 0.86204
7.31288 3.82656 4.2737 0.469758 0.234647 0.851016
7.05388 4.30103 4.27145 0.444221 0.271502 0.853768
6.75381 4.75501 4.27452 0.430149 0.288928 0.85527
6.35996 5.28754 4.28101 0.408111 0.311431 0.858159
5.99553 5.70289 4.27557 0.35571 0.364034 0.860783
5.5228 6.17401 4.25754 0.342239 0.394956 0.852571
5.096 6.52203 4.26001 0.312813 0.406404 0.85844
4.68404 6.82935 4.25151 0.283967 0.428375 0.857818
4.21827 7.09782 4.258 0.251605 0.452794 0.85537
3.76696 7.3469 4.25104 0.230806 0.461518 0.85658
3.1595 7.62038 4.25717 0.20401 0.463488 0.862297
2.55808 7.84552 4.26201 0.163113 0.47807 0.863039
2.05765 7.99726 4.26231 0.136227 0.485608 0.863484
1.50693 8.1268 4.26739 0.113617 0.493693 0.86217
0.899143 8.22681 4.27587 0.0751989 0.502417 0.861344
0.387472 8.27257 4.27842 0.0267791 0.511867 0.858596
-0.263098 8.24743 4.29262 -0.0218567 0.506501 0.861958
-0.885589 8.20093 4.28635 -0.0647565 0.519992 0.851712
-1.40507 8.1405 4.27969 -0.0930584 0.51144 0.854239
-1.9667 8.03142 4.27017 -0.13083 0.506853 0.852032
-2.56034 7.86325 4.26946 -0.156453 0.495002 0.85467
-3.14862 7.6393 4.27416 -0.193263 0.481564 0.854833
-3.6356 7.43285 4.27489 -0.209049 0.478668 0.852746
-4.13928 7.17872 4.27417 -0.260752 0.459786 0.84887
-4.5909 6.88781 4.27862 -0.301397 0.440372 0.845714
-5.03545 6.55243 4.28564 -0.315895 0.412832 0.854265
-5.42886 6.23132 4.29064 -0.334029 0.403595 0.851784
-5.8175 5.88405 4.28472 -0.373974 0.355758 0.856441
-6.1896 5.49731 4.26844 -0.399755 0.324348 0.857307
-6.51663 5.09843 4.2602 -0.415686 0.309407 0.855261
-6.82449 4.68881 4.25394 -0.429371 0.299583 0.851986
-7.10044 4.24482 4.25946 -0.450227 0.260955 0.85393
-7.34744 3.7903 4.26098 -0.467363 0.230873 0.853334
-7.59698 3.26444 4.2521 -0.477021 0.192692 0.857503
-7.77872 2.7942 4.25074 -0.482501 0.17603 0.85802
-7.95316 2.28175 4.25254 -0.495096 0.155185 0.854851
-8.09074 1.71643 4.26274 -0.503116 0.115315 0.85643
-8.18508 1.21332 4.26094 -0.507201 0.0699066 0.858985
-8.24045 0.635042 4.26453 -0.509089 0.0416751 0.859684
-8.268 0.00938188 4.26093 -0.502517 0.000200483 0.864562
-8.2507 -0.500678 4.26243 -0.500394 -0.0292627 0.865294
-8.19059 -1.09799 4.26415 -0.497921 -0.0655001 0.864734
-8.09698 -1.60687 4.26994 -0.494684 -0.0989047 0.863408
-8.02961 -1.92399 4.26681 -0.486168 -0.123808 0.865043
-8.60978 -2.00017 3.91827 -0.517809 -0.126839 0.846029
-8.7343 -1.39815 3.91073 -0.531338 -0.0849905 0.842885
-8.82559 -0.78522 3.90166 -0.543807 -0.0506921 0.83765
-8.84813 -0.256421 3.90407 -0.545249 0.00484497 0.838237
-8.84642 0.323193 3.89487 -0.559113 0.0272982 0.828641
-8.80834 0.881164 3.8925 -0.548362 0.0547945 0.834443
-8.72668 1.4974 3.8971 -0.543044 0.0855777 0.835332
-8.60834 2.06843 3.89463 -0.52875 0.139534 0.837223
-8.46313 2.57677 3.89171 -0.518046 0.16875 0.838531
-8.29032 3.09293 3.88782 -0.51204 0.184828 0.838837
-8.07361 3.64332 3.88691 -0.505326 0.225413 0.832908
-7.83782 4.10605 3.88879 -0.49345 0.262477 0.829224
-7.59145 4.54373 3.88895 -0.480787 0.285154 0.829172
-7.25059 5.07989 3.88958 -0.465531 0.309931 0.828987
-6.89063 5.55715 3.8948 -0.439548 0.34375 0.829838
-6.49345 6.01678 3.9019 -0.418921 0.375887 0.826529
-6.12881 6.3844 3.90573 -0.394531 0.409479 0.82259
-5.65823 6.80011 3.9079 -0.36134 0.432935 0.825816
-5.24684 7.1267 3.90416 -0.332112 0.45866 0.824197
-4.82161 7.41391 3.90554 -0.311786 0.474557 0.823155
-4.28216 7.76001 3.8982 -0.287791 0.487575 0.824285
-3.74667 8.0225 3.90715 -0.229995 0.499102 0.835416
-3.19 8.25783 3.90452 -0.196333 0.514893 0.834459
-2.71268 8.42991 3.89845 -0.159818 0.528801 0.833557
-2.12265 8.57192 3.91221 -0.141368 0.544575 0.826682
-1.58709 8.69455 3.90653 -0.0966549 0.559491 0.823157
-1.06694 8.76094 3.91216 -0.0692353 0.558018 0.826933
-0.511632 8.81297 3.91772 -0.049642 0.558198 0.828213
0.00487804 8.84046 3.91863 -0.0166638 0.556089 0.830951
0.529486 8.84187 3.91462 0.0230576 0.558356 0.829264
1.156 8.7877 3.90859 0.0820568 0.535846 0.840297
1.76049 8.67786 3.90226 0.119095 0.527401 0.841225
2.28224 8.53641 3.90468 0.156415 0.529919 0.833498
2.82498 8.3768 3.8968 0.180923 0.519958 0.834804
3.33264 8.18088 3.89682 0.214266 0.503803 0.83681
3.82993 7.96271 3.88896 0.246662 0.490565 0.835765
4.32641 7.70349 3.89037 0.264319 0.488946 0.831294
4.8117 7.42808 3.88721 0.295688 0.47962 0.826148
5.25541 7.13213 3.8826 0.336419 0.452257 0.826004
5.68551 6.80008 3.87585 0.363593 0.431518 0.825583
6.08148 6.43504 3.88427 0.387102 0.417674 0.821997
6.4781 6.03481 3.89775 0.408033 0.416378 0.812479
6.85663 5.57994 3.91124 0.450797 0.353076 0.819773
7.22268 5.09535 3.90297 0.471489 0.317961 0.822556
7.5551 4.58616 3.89825 0.482132 0.286553 0.82791
7.79514 4.14564 3.90503 0.487869 0.26326 0.832259
8.03444 3.67556 3.89892 0.500657 0.221396 0.836848
8.26865 3.14354 3.88761 0.515859 0.190783 0.83516
8.42836 2.65833 3.89532 0.519059 0.171713 0.837282
8.58731 2.10358 3.899 0.524214 0.131273 0.841394
8.70724 1.53419 3.89437 0.529505 0.0845746 0.84408
8.78501 1.02741 3.88555 0.531526 0.0473792 0.84568
8.81656 0.477041 3.8827 0.551908 0.0131719 0.833795
8.8421 -0.139991 3.86547 0.563361 -0.0110452 0.826124
8.81298 -0.673502 3.86653 0.562268 -0.0472253 0.825597
8.75859 -1.19139 3.86968 0.562971 -0.0567562 0.824522
8.67697 -1.68833 3.88241 0.5595 -0.0870743 0.824237
8.56645 -2.19848 3.88872 0.548403 -0.124301 0.826917
8.41145 -2.71829 3.89372 0.534151 -0.178501 0.826302
8.22164 -3.21992 3.89727 0.526458 -0.207257 0.824549
8.00928 -3.72295 3.89642 0.512238 -0.233848 0.826392
7.77358 -4.19896 3.89172 0.486194 -0.266553 0.832204
7.50446 -4.63854 3.89254 0.450799 -0.298647 0.841173
7.22858 -5.05551 3.88247 0.434003 -0.321281 0.841675
6.9064 -5.49231 3.87525 0.422622 -0.339075 0.840481
6.53676 -5.92672 3.87669 0.397571 -0.358875 0.844458
6.19322 -6.3005 3.87214 0.386062 -0.376765 0.842023
5.80711 -6.67371 3.87623 0.374594 -0.390468 0.84096
5.36057 -7.03809 3.88336 0.332234 -0.441379 0.833549
4.94829 -7.32819 3.88296 0.305545 -0.45891 0.834291
4.48044 -7.61331 3.88984 0.284813 -0.474454 0.832911
3.93488 -7.90022 3.89874 0.246565 -0.489715 0.836276
3.47522 -8.1129 3.89936 0.214099 -0.507332 0.83473
2.93417 -8.32235 3.90199 0.192446 -0.524977 0.829064
2.44374 -8.48002 3.90246 0.146102 -0.547934 0.823618
1.90939 -8.62028 3.88939 0.109278 -0.548521 0.82896
1.36312 -8.72182 3.88832 0.0891024 -0.548472 0.83138
0.836176 -8.80107 3.88326 0.055096 -0.546313 0.835758
0.290154 -8.83539 3.88584 0.0212852 -0.548843 0.835653
-0.322031 -8.82877 3.88446 -0.0310849 -0.553122 0.832509
-0.835073 -8.79668 3.87937 -0.0523148 -0.550079 0.833467
-1.44981 -8.71074 3.88403 -0.0870149 -0.534964 0.840377
-2.10723 -8.58672 3.87943 -0.118046 -0.527392 0.841378
-2.62174 -8.44368 3.88685 -0.152115 -0.52331 0.83842
-3.09478 -8.27294 3.8966 -0.190397 -0.522505 0.831082
-3.66971 -8.02861 3.89264 -0.238534 -0.502208 0.83119
-4.23356 -7.75082 3.88747 -0.265905 -0.486584 0.832174
-4.70245 -7.47821 3.88788 -0.284696 -0.470326 0.835305
-5.20546 -7.14183 3.89345 -0.319815 -0.456471 0.830272
-5.61059 -6.8263 3.89785 -0.35799 -0.434458 0.826481
-6.08169 -6.42491 3.8892 -0.385093 -0.40451 0.829492
-6.53932 -5.96283 3.8872 -0.406241 -0.381119 0.83049
-6.92258 -5.51197 3.8952 -0.422333 -0.356494 0.833388
-7.22673 -5.09145 3.90963 -0.438187 -0.32582 0.837755
-7.5137 -4.64676 3.91144 -0.465821 -0.278551 0.839885
-7.79134 -4.1396 3.91635 -0.475251 -0.257758 0.841247
-8.04193 -3.64748 3.91508 -0.484732 -0.222672 0.845838
-8.28415 -3.08122 3.90798 -0.507685 -0.192177 0.83983
-8.4889 -2.47996 3.9106 -0.510364 -0.16108 0.844727
-8.58666 -2.11554 3.9149 -0.519961 -0.134197 0.843566
-9.13698 -2.24518 3.53428 -0.573232 -0.133377 0.808451
-9.25924 -1.68445 3.52834 -0.578215 -0.104321 0.809129
-9.35456 -1.09335 3.51784 -0.584091 -0.0564595 0.80972
-9.40427 -0.469649 3.5077 -0.597989 -0.0213519 0.801217
-9.4125 0.15712 3.50474 -0.592614 0.0125222 0.805386
-9.37976 0.766509 3.50479 -0.586559 0.0465559 0.808561
-9.31807 1.30048 3.50851 -0.584398 0.0766127 0.807831
-9.24294 1.7966 3.50545 -0.584695 0.110916 0.803631
-9.12435 2.33518 3.50154 -0.570971 0.152433 0.806676
-8.94515 2.91324 3.50561 -0.556426 0.182488 0.810604
-8.73984 3.49847 3.50258 -0.55172 0.219345 0.804661
-8.52901 3.99614 3.49682 -0.531923 0.257232 0.806751
-8.2844 4.46937 3.49669 -0.508871 0.277456 0.814904
-7.99002 4.99204 3.49066 -0.491368 0.309629 0.814055
-7.69961 5.43105 3.48848 -0.486128 0.33791 0.805907
-7.35036 5.88545 3.49513 -0.468588 0.362301 0.805705
-6.99814 6.30039 3.50819 -0.44886 0.382142 0.807759
-6.64978 6.66723 3.51289 -0.418419 0.424839 0.802764
-6.23109 7.04911 3.51018 -0.385231 0.44911 0.80615
-5.8386 7.38025 3.5046 -0.365914 0.465252 0.806003
-5.4121 7.69502 3.5058 -0.341192 0.483045 0.806378
-4.96501 7.9897 3.50956 -0.315224 0.497258 0.808293
-4.40567 8.32098 3.50952 -0.291065 0.51525 0.8061
-3.89475 8.57621 3.51024 -0.254969 0.545387 0.798446
-3.41257 8.78601 3.50296 -0.211866 0.557912 0.802396
-2.92428 8.95341 3.50414 -0.17335 0.574884 0.799637
-2.34294 9.10356 3.50712 -0.142556 0.586367 0.797402
-1.84986 9.21699 3.50428 -0.11759 0.590006 0.798783
-1.33409 9.30176 3.50613 -0.0857445 0.588391 0.80401
-0.821632 9.34566 3.52126 -0.063993 0.587255 0.806865
-0.200566 9.39767 3.51893 -0.0216648 0.5962 0.802535
0.309336 9.40694 3.51261 0.0139363 0.602639 0.797888
0.844784 9.38215 3.51214 0.0449522 0.603616 0.795987
1.3723 9.32622 3.51308 0.0769521 0.595945 0.799294
1.95374 9.22001 3.51276 0.131091 0.571629 0.80992
2.53873 9.0622 3.50746 0.175813 0.55761 0.811268
3.14356 8.86052 3.50668 0.192889 0.555158 0.80906
3.6737 8.65768 3.49925 0.241864 0.541891 0.804866
4.26217 8.37752 3.49674 0.268965 0.525739 0.806984
4.80375 8.0798 3.49279 0.306501 0.516828 0.799324
5.28255 7.79669 3.482 0.338781 0.51077 0.790139
5.71374 7.49728 3.47401 0.373935 0.479481 0.793894
6.12749 7.15999 3.47065 0.396487 0.456571 0.796452
6.49303 6.81196 3.47975 0.414458 0.440593 0.796298
6.85222 6.43335 3.49219 0.436995 0.423443 0.793542
7.20833 6.01859 3.50351 0.467228 0.396527 0.790219
7.53997 5.60658 3.50141 0.479107 0.361749 0.799745
7.88498 5.11584 3.50304 0.491592 0.328645 0.806428
8.15439 4.68434 3.503 0.50741 0.293288 0.810244
8.43728 4.14715 3.50844 0.526605 0.265186 0.807668
8.6536 3.67838 3.50486 0.53849 0.221305 0.813038
8.84845 3.1983 3.49649 0.551425 0.199617 0.809988
9.03095 2.61569 3.50929 0.561768 0.1804 0.807386
9.19682 2.00183 3.51206 0.566637 0.133465 0.81308
9.30327 1.46515 3.51198 0.571509 0.0814994 0.816486
9.36442 0.895179 3.49895 0.582495 0.0115136 0.812747
9.40124 0.356815 3.47474 0.585015 0.00126512 0.811021
9.40392 -0.195228 3.46742 0.587442 -0.0195291 0.809029
9.36002 -0.780593 3.4731 0.587119 -0.0512296 0.807878
9.31477 -1.27845 3.46809 0.587224 -0.07172 0.806238
9.21198 -1.84205 3.4873 0.586237 -0.0958298 0.804436
9.07721 -2.41706 3.49815 0.580186 -0.153087 0.799939
8.92719 -2.91683 3.49614 0.568691 -0.187144 0.800974
8.73303 -3.44564 3.50428 0.549701 -0.203363 0.810215
8.5339 -3.941 3.50417 0.535079 -0.229905 0.812917
8.27529 -4.45461 3.50836 0.501957 -0.270627 0.821453
7.95753 -4.99317 3.50653 0.487836 -0.312419 0.815096
7.64729 -5.44541 3.50144 0.461579 -0.34051 0.819137
7.29301 -5.91416 3.49787 0.451137 -0.35679 0.817988
6.96214 -6.2993 3.5019 0.429269 -0.379372 0.819615
6.617 -6.6828 3.49074 0.40497 -0.419807 0.812251
6.18491 -7.09444 3.48252 0.385476 -0.447724 0.806815
5.76553 -7.44111 3.48553 0.377173 -0.461144 0.803165
5.29423 -7.77559 3.49544 0.330983 -0.488852 0.80713
4.82223 -8.07494 3.49198 0.297481 -0.504513 0.810537
4.36635 -8.32088 3.49851 0.277381 -0.519274 0.808336
3.89143 -8.55033 3.50579 0.25252 -0.53572 0.80574
3.3945 -8.75508 3.50965 0.208238 -0.542848 0.8136
2.91034 -8.92461 3.51432 0.182393 -0.551253 0.81413
2.41462 -9.06942 3.51105 0.131351 -0.561711 0.816839
1.90053 -9.19493 3.50017 0.109539 -0.567544 0.816023
1.39701 -9.29663 3.49348 0.099613 -0.567432 0.817371
0.80728 -9.36652 3.50451 0.0558448 -0.577248 0.814633
0.199218 -9.40253 3.49863 0.00535906 -0.578983 0.815319
-0.415869 -9.39131 3.49135 -0.0374663 -0.58341 0.811309
-0.936588 -9.35138 3.49119 -0.0537842 -0.585041 0.809217
-1.43511 -9.28914 3.49809 -0.0708968 -0.57979 0.811627
-1.93691 -9.20474 3.49982 -0.11388 -0.570424 0.813417
-2.50771 -9.06736 3.50203 -0.149213 -0.561018 0.814234
-3.09552 -8.87661 3.50435 -0.197567 -0.550844 0.810854
-3.70796 -8.63137 3.50089 -0.235988 -0.531495 0.813508
-4.1992 -8.39902 3.50085 -0.260261 -0.517415 0.815191
-4.76445 -8.10376 3.49435 -0.286471 -0.506886 0.813013
-5.21733 -7.81938 3.50338 -0.314193 -0.489147 0.813612
-5.63315 -7.53141 3.5027 -0.342842 -0.465591 0.815887
-6.05951 -7.18891 3.50472 -0.374179 -0.445226 0.813473
-6.47057 -6.83112 3.50148 -0.397608 -0.421655 0.814914
-6.91126 -6.40309 3.49162 -0.423724 -0.39717 0.814072
-7.26434 -5.99963 3.49567 -0.443759 -0.372898 0.814852
-7.60096 -5.54767 3.51071 -0.472709 -0.356805 0.805751
-7.93739 -5.05065 3.51697 -0.496395 -0.320256 0.806834
-8.20899 -4.5708 3.52873 -0.502853 -0.292523 0.813368
-8.4933 -4.02923 3.53669 -0.513377 -0.252546 0.820047
-8.73806 -3.50761 3.52251 -0.538618 -0.211818 0.815487
-8.9137 -3.031 3.52415 -0.53318 -0.191485 0.824045
-9.0736 -2.50808 3.53041 -0.557 -0.15737 0.815439
-9.12562 -2.29718 3.53345 -0.567084 -0.142647 0.81117
-9.63167 -2.50054 3.11573 -0.611774 -0.153368 0.776019
-9.46526 -3.08804 3.11665 -0.596397 -0.186714 0.780666
-9.27794 -3.66129 3.1073 -0.57604 -0.224306 0.786014
-9.0319 -4.19455 3.11997 -0.556398 -0.262482 0.78836
-8.80876 -4.64908 3.11218 -0.541214 -0.302161 0.784707
-8.54708 -5.08433 3.11349 -0.522467 -0.326194 0.787794
-8.23798 -5.57199 3.104 -0.508223 -0.353836 0.78518
-7.96265 -5.99082 3.08837 -0.499673 -0.367124 0.784566
-7.63952 -6.4089 3.08649 -0.468615 -0.395213 0.790061
-7.27743 -6.82249 3.08222 -0.448182 -0.414186 0.792201
-6.91051 -7.18205 3.09533 -0.421781 -0.437001 0.794391
-6.50947 -7.53301 3.10006 -0.392404 -0.462887 0.794824
-6.08517 -7.88043 3.09546 -0.368012 -0.484084 0.79387
-5.63799 -8.19978 3.09193 -0.340942 -0.515311 0.786258
-5.20391 -8.47962 3.08651 -0.317193 -0.526103 0.789037
-4.75247 -8.74449 3.08848 -0.298841 -0.522358 0.798613
-4.27789 -8.98794 3.09265 -0.256651 -0.537345 0.803329
-3.70418 -9.23056 3.09831 -0.228731 -0.558892 0.797062
-3.12793 -9.44942 3.09828 -0.199385 -0.57228 0.795435
-2.62192 -9.61957 3.08697 -0.153207 -0.584027 0.797112
-2.07636 -9.74054 3.0869 -0.109432 -0.602425 0.790619
-1.49173 -9.83414 3.0827 -0.0793926 -0.611654 0.787129
-0.974242 -9.89172 3.08239 -0.0584543 -0.611918 0.788756
-0.414173 -9.93914 3.0791 -0.0368292 -0.617519 0.785693
0.175831 -9.954 3.08548 -0.00993776 -0.61411 0.789149
0.755482 -9.92733 3.09881 0.0357686 -0.598717 0.80008
1.28478 -9.87125 3.09436 0.0986934 -0.591449 0.800269
1.79324 -9.78637 3.09009 0.113367 -0.59491 0.795757
2.31068 -9.67148 3.09941 0.125572 -0.590707 0.797053
2.79828 -9.53823 3.10757 0.174777 -0.581694 0.794397
3.31528 -9.37041 3.09804 0.216619 -0.571929 0.791177
3.84951 -9.16516 3.09172 0.242963 -0.572453 0.783097
4.31982 -8.95101 3.09183 0.266759 -0.557955 0.785828
4.79148 -8.71797 3.08886 0.286914 -0.539995 0.79124
5.2622 -8.45299 3.07974 0.329041 -0.516788 0.790349
5.69739 -8.16431 3.07644 0.359493 -0.509534 0.781745
6.16373 -7.82555 3.06837 0.382904 -0.487758 0.784522
6.55547 -7.49916 3.07012 0.395024 -0.463023 0.79345
6.95388 -7.13003 3.07513 0.422449 -0.448148 0.787839
7.31156 -6.74114 3.08809 0.456406 -0.4144 0.787353
7.67469 -6.31464 3.08803 0.478245 -0.386842 0.788431
8.02803 -5.85106 3.09283 0.491004 -0.372604 0.787449
8.35164 -5.39424 3.09748 0.505853 -0.352865 0.78714
8.63808 -4.94578 3.09714 0.536224 -0.316983 0.78225
8.91126 -4.43035 3.09729 0.559919 -0.263422 0.785529
9.14782 -3.90761 3.08592 0.581743 -0.226681 0.781141
9.33042 -3.425 3.08128 0.584515 -0.200774 0.786149
9.50387 -2.89194 3.08448 0.583444 -0.188535 0.789964
9.65823 -2.34179 3.08429 0.598171 -0.138361 0.78931
9.79174 -1.77678 3.06199 0.609192 -0.0969969 0.787068
9.8784 -1.21778 3.05389 0.602677 -0.0745678 0.794492
9.93179 -0.635211 3.05717 0.605542 -0.0447628 0.794542
9.95445 -0.0178422 3.06072 0.608391 -0.0127605 0.793532
9.94331 0.510791 3.06858 0.608601 0.0175978 0.79328
9.89942 1.05726 3.0856 0.620212 0.0330172 0.783739
9.83681 1.56542 3.09706 0.617844 0.0909541 0.781011
9.71372 2.15268 3.10429 0.608921 0.140133 0.780742
9.57891 2.67805 3.0963 0.59213 0.179224 0.785651
9.4341 3.18921 3.08335 0.587608 0.193297 0.785718
9.26361 3.6595 3.08462 0.579523 0.229509 0.781943
9.02759 4.18255 3.09049 0.565876 0.265703 0.780495
8.79786 4.63666 3.09377 0.546692 0.28908 0.785847
8.52834 5.12609 3.0899 0.530784 0.316606 0.786138
8.23843 5.57122 3.08996 0.499495 0.358075 0.78885
7.89836 6.02978 3.08692 0.482871 0.384936 0.786531
7.5696 6.43464 3.07859 0.463937 0.41049 0.78502
7.24079 6.814 3.06871 0.450686 0.423868 0.785627
6.85025 7.21671 3.06386 0.43095 0.443946 0.785613
6.47505 7.57023 3.05638 0.397722 0.472151 0.78666
6.0096 7.9456 3.05033 0.372566 0.505808 0.778031
5.53291 8.27982 3.05393 0.357678 0.514952 0.779021
5.04965 8.57588 3.06806 0.327095 0.524794 0.785854
4.60735 8.81526 3.07953 0.290528 0.537492 0.791612
4.07687 9.06991 3.08284 0.259895 0.570127 0.77936
3.55364 9.28792 3.08696 0.229249 0.587169 0.776322
3.0082 9.48419 3.08844 0.199561 0.589457 0.782754
2.4478 9.65384 3.08723 0.162359 0.612517 0.773594
1.89445 9.78947 3.08362 0.131241 0.618617 0.774641
1.3638 9.87783 3.08346 0.0770727 0.623165 0.778271
0.853929 9.92854 3.08489 0.0519502 0.621325 0.781818
0.351764 9.94864 3.09282 0.0244796 0.62054 0.78379
-0.246338 9.94017 3.11 0.000189868 0.611302 0.791383
-0.798751 9.9082 3.10636 -0.0724842 0.603925 0.793738
-1.43449 9.83726 3.09178 -0.0949195 0.607028 0.788989
-1.9636 9.74866 3.08655 -0.122746 0.605925 0.785987
-2.46873 9.63899 3.0819 -0.150983 0.603507 0.782931
-3.03028 9.49195 3.08115 -0.167969 0.600771 0.781574
-3.57141 9.30983 3.08655 -0.21826 0.572655 0.790176
-4.0728 9.09771 3.08508 -0.254944 0.562508 0.786504
-4.66922 8.79949 3.09334 -0.285656 0.552765 0.782821
-5.10703 8.55758 3.091 -0.317415 0.523305 0.790791
-5.55186 8.26246 3.09426 -0.346907 0.509065 0.787714
-6.02812 7.92891 3.0879 -0.370619 0.486978 0.790875
-6.50318 7.53557 3.09151 -0.401233 0.473604 0.784035
-6.88684 7.19712 3.09085 -0.431528 0.458996 0.776589
-7.27872 6.79218 3.09617 -0.463274 0.43161 0.774001
-7.63431 6.39905 3.08126 -0.485104 0.391902 0.781697
-7.99501 5.93866 3.0803 -0.491274 0.374692 0.786292
-8.31845 5.50539 3.07586 -0.501712 0.346987 0.792371
-8.61363 5.02433 3.08133 -0.5326 0.308645 0.788072
-8.87202 4.53814 3.08519 -0.543647 0.275157 0.792921
-9.09743 4.07453 3.08213 -0.557012 0.247192 0.792862
-9.30826 3.53262 3.09138 -0.571148 0.218915 0.791116
-9.49116 2.9991 3.09385 -0.586274 0.185211 0.788651
-9.6577 2.44331 3.08727 -0.605424 0.151757 0.781292
-9.78372 1.85531 3.08516 -0.615941 0.117355 0.779002
-9.87887 1.22807 3.09186 -0.619185 0.0854079 0.78058
-9.93791 0.718988 3.08995 -0.608495 0.0487506 0.792038
-9.95681 0.179042 3.09159 -0.619014 0.00533699 0.785359
-9.95595 -0.38179 3.08653 -0.618372 -0.0186175 0.785664
-9.90661 -1.02595 3.09682 -0.626019 -0.0513173 0.778107
-9.83129 -1.56892 3.10461 -0.623234 -0.0956253 0.776153
-9.7322 -2.10397 3.10779 -0.615426 -0.121941 0.778699
-9.66196 -2.38805 3.11375 -0.611719 -0.148529 0.776999
-10.1658 -2.55171 2.67449 -0.639979 -0.155099 0.752574
-10.0126 -3.10364 2.67771 -0.628271 -0.18249 0.756275
-9.86541 -3.60898 2.66828 -0.614992 -0.209906 0.760069
-9.65335 -4.12538 2.6799 -0.596771 -0.249605 0.762596
-9.44414 -4.58113 2.6786 -0.579226 -0.291375 0.76131
-9.16812 -5.08863 2.68016 -0.555341 -0.319304 0.767861
-8.8901 -5.54106 2.68174 -0.536437 -0.346414 0.769539
-8.54404 -6.08648 2.6617 -0.520461 -0.37635 0.766469
-8.20514 -6.55773 2.6537 -0.51397 -0.389897 0.764077
-7.83707 -7.00032 2.65221 -0.477865 -0.439943 0.760318
-7.46559 -7.37726 2.65764 -0.464955 -0.461302 0.75565
-7.07655 -7.74504 2.66342 -0.444113 -0.479414 0.756899
-6.68051 -8.08769 2.66396 -0.413431 -0.506613 0.75656
-6.15309 -8.49386 2.65268 -0.376707 -0.526049 0.762463
-5.61953 -8.84931 2.65655 -0.347246 -0.534294 0.770675
-5.15611 -9.13219 2.66208 -0.331622 -0.542073 0.772123
-4.70483 -9.37657 2.67173 -0.286835 -0.574362 0.766697
-4.23739 -9.59811 2.67038 -0.254887 -0.589151 0.766762
-3.74186 -9.79842 2.67134 -0.225102 -0.591165 0.774495
-3.21855 -9.99283 2.66365 -0.199474 -0.610918 0.76615
-2.7324 -10.148 2.65469 -0.163625 -0.625303 0.763012
-2.12978 -10.2783 2.65476 -0.11136 -0.632391 0.766581
-1.56816 -10.3637 2.65235 -0.079937 -0.633463 0.769633
-1.01672 -10.4269 2.64828 -0.0591782 -0.643867 0.762834
-0.402446 -10.4779 2.63818 -0.028221 -0.651681 0.757961
0.181827 -10.4846 2.64796 -0.0156421 -0.651256 0.758691
0.718302 -10.4684 2.66423 0.0100863 -0.648634 0.761017
1.28933 -10.4167 2.6664 0.0898909 -0.635816 0.766532
1.91142 -10.3127 2.66013 0.12652 -0.628686 0.767298
2.42739 -10.1974 2.67238 0.139966 -0.630311 0.763587
2.91541 -10.0641 2.68016 0.181345 -0.611276 0.770324
3.44117 -9.89113 2.67892 0.213686 -0.591882 0.777165
3.91063 -9.71604 2.66191 0.260106 -0.580377 0.77169
4.37423 -9.5145 2.65587 0.269463 -0.589391 0.76156
4.90259 -9.26217 2.65358 0.299904 -0.585425 0.753177
5.35639 -9.01396 2.64939 0.339648 -0.564972 0.751961
5.84929 -8.69763 2.64491 0.369112 -0.532796 0.761496
6.28259 -8.38742 2.64475 0.385025 -0.518997 0.763142
6.70459 -8.07865 2.63282 0.407148 -0.505144 0.76096
7.21046 -7.61959 2.6433 0.440557 -0.478067 0.759841
7.56389 -7.26446 2.65081 0.461919 -0.448876 0.764927
7.89619 -6.89089 2.652 0.491935 -0.411534 0.76722
8.2267 -6.46836 2.65878 0.503776 -0.397475 0.766957
8.56138 -6.02682 2.6592 0.517287 -0.38118 0.766222
8.8582 -5.59155 2.66387 0.540587 -0.346859 0.766405
9.12514 -5.1508 2.65837 0.572408 -0.320022 0.754936
9.38176 -4.67049 2.65174 0.600373 -0.28278 0.748042
9.64675 -4.08303 2.64468 0.603233 -0.247471 0.758193
9.83708 -3.58758 2.64384 0.610778 -0.220598 0.760438
10.009 -3.0831 2.64301 0.619315 -0.193085 0.761018
10.1476 -2.56875 2.65092 0.632852 -0.161742 0.757184
10.2826 -2.01998 2.63842 0.628348 -0.114886 0.769402
10.3772 -1.49222 2.63379 0.629949 -0.093468 0.770986
10.4506 -0.95461 2.62939 0.628842 -0.0601155 0.775188
10.4945 -0.43645 2.62117 0.636129 -0.0264172 0.771129
10.4905 0.110917 2.63794 0.634924 -0.00811819 0.77253
10.4788 0.648718 2.63839 0.636664 0.0380726 0.770181
10.4299 1.1485 2.64514 0.639981 0.0666504 0.76549
10.3525 1.70601 2.65338 0.643476 0.0919073 0.759912
10.2374 2.21851 2.67204 0.632823 0.142924 0.760952
10.0918 2.78884 2.66706 0.618168 0.182696 0.764519
9.95645 3.2921 2.65273 0.611298 0.194746 0.767065
9.73099 3.9247 2.6445 0.594109 0.256689 0.762314
9.491 4.44583 2.64744 0.589652 0.275659 0.759156
9.22688 4.95518 2.6596 0.573993 0.296718 0.763199
8.96509 5.4313 2.65929 0.551476 0.322586 0.769273
8.63071 5.94671 2.65901 0.526069 0.369856 0.765794
8.31963 6.3682 2.65313 0.495823 0.399036 0.771294
7.97348 6.79392 2.64366 0.478396 0.421943 0.770124
7.56819 7.25446 2.63119 0.459095 0.441962 0.770644
7.15261 7.67308 2.62521 0.433897 0.468288 0.769679
6.7422 8.04237 2.61933 0.410775 0.496075 0.764927
6.23907 8.43623 2.61446 0.379118 0.519855 0.765514
5.75712 8.77162 2.61749 0.365244 0.527432 0.76708
5.27194 9.06735 2.63464 0.337967 0.546165 0.766452
4.81134 9.3109 2.64697 0.296097 0.568494 0.767553
4.35739 9.5319 2.64219 0.259738 0.586867 0.766891
3.88175 9.72688 2.64685 0.238398 0.600569 0.763205
3.36711 9.91902 2.649 0.216566 0.610837 0.761546
2.88983 10.076 2.64845 0.18894 0.619705 0.76175
2.34409 10.2198 2.65154 0.153842 0.627834 0.762985
1.72622 10.3581 2.64368 0.106592 0.642075 0.759177
1.14945 10.4338 2.64243 0.0643528 0.649466 0.757652
0.630171 10.47 2.64564 0.0340438 0.653427 0.756218
0.0819462 10.4752 2.65998 0.0174612 0.658828 0.752084
-0.439355 10.4569 2.67481 -0.0261425 0.658325 0.752273
-1.03786 10.4142 2.66911 -0.07751 0.64682 0.758686
-1.60826 10.3458 2.65538 -0.105503 0.638817 0.76209
-2.14325 10.2574 2.64828 -0.130247 0.634253 0.762056
-2.71046 10.1246 2.64635 -0.165774 0.625753 0.762194
-3.31905 9.95329 2.6453 -0.187605 0.621882 0.760308
-3.81454 9.78323 2.65016 -0.225681 0.615852 0.754818
-4.29764 9.59426 2.64364 -0.266751 0.590392 0.761731
-4.76401 9.36106 2.65104 -0.288972 0.580024 0.761603
-5.23216 9.10775 2.65052 -0.3246 0.560636 0.761776
-5.77669 8.75297 2.66344 -0.350697 0.540109 0.765042
-6.21024 8.46039 2.65822 -0.382924 0.513099 0.768146
-6.68321 8.08785 2.65389 -0.417247 0.494606 0.762408
-7.08915 7.74265 2.64584 -0.440115 0.480073 0.758824
-7.54182 7.28887 2.64867 -0.474818 0.451997 0.755144
-7.88024 6.92043 2.64847 -0.494145 0.425109 0.758328
-8.22119 6.52201 2.64351 -0.501005 0.40149 0.766678
-8.55215 6.09483 2.64253 -0.521289 0.385039 0.761569
-8.90673 5.57595 2.64511 -0.544782 0.353031 0.760631
-9.20535 5.05263 2.65676 -0.555441 0.315755 0.769255
-9.46789 4.56357 2.65668 -0.567229 0.282702 0.773487
-9.68621 4.06422 2.6565 -0.591911 0.23451 0.771133
-9.85993 3.57835 2.663 -0.605503 0.213045 0.76679
-10.0224 3.09953 2.6549 -0.622865 0.176684 0.762105
-10.1628 2.60311 2.64596 -0.637636 0.14802 0.755982
-10.2798 2.07327 2.64369 -0.641137 0.128011 0.756673
-10.3778 1.47355 2.65272 -0.636303 0.105174 0.764233
-10.4434 0.977103 2.65913 -0.63532 0.0734416 0.768739
-10.4855 0.472459 2.65837 -0.638648 0.0261909 0.769024
-10.5029 -0.108592 2.64804 -0.640279 -0.0108672 0.768058
-10.4855 -0.646823 2.64606 -0.643043 -0.040362 0.76475
-10.4336 -1.16906 2.65151 -0.638878 -0.0726815 0.765861
-10.3578 -1.67794 2.65962 -0.637003 -0.0957751 0.764878
-10.2436 -2.23246 2.67105 -0.636929 -0.132399 0.759462
-10.2001 -2.41852 2.67254 -0.64065 -0.150357 0.752959
-10.6958 -2.52405 2.21758 -0.658294 -0.155937 0.736431
-10.8275 -1.92548 2.21351 -0.661229 -0.124504 0.739774
-10.9337 -1.35908 2.19758 -0.665067 -0.08439 0.741987
-10.9971 -0.755819 2.19462 -0.671391 -0.0480547 0.739533
-11.029 -0.19219 2.18803 -0.672012 -0.0145283 0.740382
-11.0174 0.318306 2.19897 -0.671892 0.0174948 0.740398
-10.9677 0.855697 2.21535 -0.669064 0.0614443 0.740643
-10.907 1.3682 2.21322 -0.659443 0.102301 0.744757
-10.8318 1.92809 2.19171 -0.656271 0.129287 0.743363
-10.7298 2.43688 2.18875 -0.654696 0.142743 0.742283
-10.6024 2.97068 2.1893 -0.652295 0.174105 0.73767
-10.4484 3.46838 2.19797 -0.644707 0.19962 0.737897
-10.2546 4.02239 2.20411 -0.63519 0.227954 0.73795
-10.0246 4.5875 2.20863 -0.618941 0.26865 0.738022
-9.76447 5.12525 2.20273 -0.593042 0.327532 0.735535
-9.5182 5.56276 2.19356 -0.57509 0.354548 0.737267
-9.23861 5.99212 2.19861 -0.564991 0.369777 0.737597
-8.88366 6.50602 2.19543 -0.54163 0.403428 0.737448
-8.54294 6.93854 2.19101 -0.516746 0.4334 0.738322
-8.13368 7.40874 2.18718 -0.499638 0.453802 0.737845
-7.70451 7.86124 2.1865 -0.479846 0.476409 0.73673
-7.30269 8.24222 2.18948 -0.452856 0.497045 0.740181
-6.8948 8.57992 2.20152 -0.427249 0.513733 0.743979
-6.46427 8.9176 2.2048 -0.397432 0.535387 0.745171
-5.98607 9.23736 2.21035 -0.360284 0.558918 0.746847
-5.55612 9.51452 2.19941 -0.337365 0.577982 0.743041
-5.10688 9.76625 2.19674 -0.311861 0.593196 0.742195
-4.62244 10.0084 2.19208 -0.276674 0.614071 0.739148
-4.12149 10.2205 2.18812 -0.237315 0.629366 0.739985
-3.52924 10.4315 2.18483 -0.205537 0.643508 0.737319
-2.96032 10.5987 2.18574 -0.18135 0.648462 0.739327
-2.40511 10.7363 2.19258 -0.155499 0.647995 0.745576
-1.88071 10.8341 2.19984 -0.109912 0.656449 0.746319
-1.27859 10.9126 2.20928 -0.0841224 0.660193 0.746361
-0.711549 10.9586 2.21811 -0.0372872 0.667564 0.743597
-0.179738 10.9789 2.21289 -0.0068602 0.669097 0.743142
0.355744 10.9911 2.19542 0.0165654 0.667183 0.744709
0.916194 10.9716 2.19013 0.0461574 0.664721 0.745656
1.42482 10.9254 2.18773 0.074921 0.660895 0.746725
1.99862 10.832 2.19364 0.12286 0.656284 0.744421
2.56825 10.7064 2.19603 0.158566 0.642475 0.749672
3.07572 10.5655 2.19561 0.189721 0.6364 0.747658
3.58051 10.3933 2.20232 0.219902 0.618285 0.754561
4.05175 10.2094 2.20453 0.246479 0.613133 0.750543
4.57059 10.0077 2.18986 0.269094 0.611516 0.744061
5.16664 9.71445 2.19576 0.3102 0.595277 0.741218
5.64052 9.45007 2.18932 0.349498 0.559398 0.751586
6.16732 9.11992 2.17312 0.375808 0.540595 0.752676
6.62069 8.80225 2.16853 0.394297 0.531899 0.749406
7.07996 8.43823 2.17346 0.422 0.515473 0.745787
7.48332 8.08023 2.17872 0.44326 0.490067 0.75057
7.90035 7.65371 2.19285 0.470452 0.459187 0.75353
8.24839 7.27919 2.19235 0.492458 0.439409 0.751266
8.62514 6.8279 2.19927 0.516598 0.423903 0.743915
8.94029 6.42136 2.19894 0.541529 0.397445 0.740779
9.22492 6.00641 2.20214 0.565985 0.368395 0.737499
9.50195 5.53371 2.20823 0.58442 0.333328 0.739826
9.75086 5.06953 2.20786 0.593941 0.300085 0.746434
10.0088 4.56118 2.19937 0.599873 0.282328 0.748627
10.227 4.08099 2.19636 0.609841 0.254721 0.750463
10.4122 3.58852 2.19893 0.632624 0.222465 0.74179
10.5524 3.09573 2.20761 0.643328 0.180331 0.744043
10.685 2.55055 2.22074 0.650459 0.166042 0.741167
10.8168 2.02204 2.20677 0.657266 0.123654 0.743444
10.9133 1.50482 2.19444 0.660386 0.0921828 0.745243
10.9722 0.990196 2.19558 0.663034 0.0574925 0.746371
11.0151 0.39657 2.18393 0.668407 0.00841412 0.743745
11.0152 -0.129755 2.18033 0.664526 -0.0122743 0.747164
10.992 -0.672438 2.18601 0.666834 -0.0370535 0.744251
10.9381 -1.26977 2.18395 0.662691 -0.0796582 0.744638
10.8606 -1.80388 2.18455 0.651673 -0.11523 0.749685
10.7299 -2.39346 2.191 0.648028 -0.153197 0.746049
10.5743 -2.96959 2.19593 0.640379 -0.177881 0.747175
10.4144 -3.48227 2.19683 0.630699 -0.217703 0.744865
10.2155 -4.04421 2.19033 0.623914 -0.24483 0.742132
10.0083 -4.52924 2.19285 0.615616 -0.274794 0.738584
9.73857 -5.1001 2.19204 0.603635 -0.300762 0.738349
9.45661 -5.60044 2.20482 0.591095 -0.329816 0.736081
9.13078 -6.12679 2.20638 0.552116 -0.370056 0.747109
8.80503 -6.5763 2.21054 0.529534 -0.393203 0.751651
8.44954 -7.02549 2.21215 0.51091 -0.417026 0.751703
8.0842 -7.47025 2.20077 0.495679 -0.449021 0.74339
7.72084 -7.85466 2.19064 0.456181 -0.483001 0.747375
7.31685 -8.21938 2.19065 0.438678 -0.498945 0.747403
6.84887 -8.61039 2.18699 0.410584 -0.530053 0.741909
6.39889 -8.94786 2.18763 0.397315 -0.539851 0.742086
5.95887 -9.25046 2.18755 0.364164 -0.563476 0.741513
5.51413 -9.51473 2.192 0.334898 -0.587178 0.736924
5.00337 -9.78714 2.19513 0.306268 -0.600076 0.738981
4.49112 -10.0274 2.20608 0.290194 -0.60137 0.744405
3.97534 -10.2526 2.21768 0.26883 -0.62758 0.730638
3.37252 -10.4723 2.21737 0.210262 -0.657848 0.723199
2.88793 -10.6035 2.22065 0.172096 -0.664953 0.726781
2.37786 -10.7333 2.21372 0.148407 -0.669207 0.7281
1.87107 -10.8434 2.20593 0.12262 -0.674429 0.728081
1.32096 -10.93 2.20532 0.0818386 -0.682019 0.726741
0.787029 -10.9819 2.19943 0.0356771 -0.675548 0.736423
0.243254 -11.0066 2.18795 -0.00319007 -0.667054 0.745
-0.307296 -10.9966 2.186 -0.0245813 -0.66504 0.746399
-0.863897 -10.9587 2.19284 -0.0463595 -0.668421 0.742333
-1.4768 -10.8949 2.20252 -0.0703411 -0.663895 0.744495
-2.06112 -10.8118 2.20834 -0.106711 -0.659439 0.744139
-2.61071 -10.7147 2.20169 -0.146827 -0.649679 0.745886
-3.11458 -10.5845 2.19973 -0.194637 -0.642613 0.740958
-3.65693 -10.3875 2.21033 -0.228287 -0.634582 0.738368
-4.1613 -10.1905 2.21615 -0.248513 -0.629879 0.735857
-4.62625 -9.98815 2.2182 -0.288178 -0.619314 0.73033
-5.11494 -9.74838 2.21556 -0.313077 -0.591648 0.742895
-5.63962 -9.45163 2.20824 -0.357022 -0.577221 0.734388
-6.10208 -9.15993 2.19862 -0.380592 -0.555463 0.739328
-6.52144 -8.86203 2.20044 -0.398407 -0.541739 0.740129
-6.99103 -8.49917 2.20246 -0.422435 -0.521039 0.74166
-7.42421 -8.12116 2.2061 -0.448849 -0.495648 0.743547
-7.87708 -7.69626 2.20042 -0.471109 -0.474435 0.743618
-8.23287 -7.3277 2.19398 -0.508039 -0.448216 0.735489
-8.55853 -6.93411 2.19601 -0.529729 -0.426849 0.732925
-8.93795 -6.4324 2.20064 -0.544929 -0.405006 0.734173
-9.27157 -5.91527 2.22487 -0.56237 -0.379889 0.734445
-9.57612 -5.42081 2.232 -0.57845 -0.343873 0.739671
-9.82766 -4.96616 2.22695 -0.599117 -0.302659 0.741253
-10.0986 -4.38624 2.22438 -0.6265 -0.263359 0.733575
-10.2932 -3.91118 2.21595 -0.64105 -0.231366 0.731787
-10.4546 -3.42825 2.21457 -0.649216 -0.201624 0.733386
-10.5881 -2.94648 2.21999 -0.653618 -0.175181 0.736266
-10.6516 -2.69486 2.22081 -0.656175 -0.158234 0.737828
-11.1414 -2.81524 1.75092 -0.664883 -0.168917 0.727593
-11.2643 -2.32009 1.74664 -0.667627 -0.145807 0.730058
-11.3844 -1.72808 1.7366 -0.676437 -0.109262 0.728349
-11.4592 -1.18166 1.73126 -0.684486 -0.0707836 0.725582
-11.5135 -0.644091 1.72303 -0.685335 -0.0435384 0.726924
-11.5316 -0.102979 1.72558 -0.683149 -0.00738931 0.730241
-11.5169 0.545737 1.7269 -0.687075 0.0360895 0.725672
-11.4614 1.04836 1.74185 -0.684583 0.0667317 0.725869
-11.3945 1.59784 1.7361 -0.677514 0.106219 0.727787
-11.3041 2.17127 1.72358 -0.668792 0.133733 0.731322
-11.1744 2.74153 1.72875 -0.664434 0.156426 0.730791
-11.014 3.3323 1.72875 -0.660306 0.198068 0.724405
-10.8558 3.83701 1.72758 -0.658822 0.219341 0.719607
-10.6661 4.36298 1.72933 -0.646793 0.250057 0.720489
-10.4154 4.92891 1.74181 -0.635175 0.286925 0.717094
-10.1893 5.37815 1.73665 -0.609568 0.33962 0.716287
-9.93355 5.83329 1.72869 -0.593033 0.358105 0.721146
-9.63397 6.30803 1.72586 -0.574884 0.38687 0.720993
-9.32254 6.75784 1.72179 -0.555853 0.409585 0.723372
-9.01144 7.15651 1.72644 -0.536236 0.422945 0.730457
-8.61422 7.629 1.72394 -0.506412 0.452866 0.733783
-8.23287 8.04806 1.71781 -0.488084 0.473098 0.73344
-7.84085 8.43444 1.71973 -0.474028 0.492636 0.729795
-7.44414 8.78635 1.73027 -0.454837 0.511983 0.728682
-6.98708 9.1548 1.73946 -0.424041 0.534 0.731449
-6.58075 9.45732 1.74194 -0.39517 0.560786 0.727549
-6.14802 9.74201 1.74395 -0.360805 0.579792 0.730466
-5.64568 10.0406 1.73905 -0.330553 0.596966 0.730994
-5.18833 10.2923 1.73048 -0.303086 0.61074 0.731516
-4.70997 10.5237 1.7238 -0.269149 0.6245 0.733149
-4.15747 10.7527 1.71639 -0.237734 0.638995 0.731525
-3.6697 10.9126 1.722 -0.203478 0.648015 0.733939
-3.07171 11.086 1.72027 -0.181374 0.663087 0.72623
-2.455 11.2371 1.72798 -0.162872 0.673127 0.721363
-1.9304 11.3406 1.73067 -0.11587 0.67923 0.724709
-1.38767 11.4172 1.73501 -0.0909762 0.683677 0.724079
-0.876893 11.4622 1.74687 -0.0573826 0.684754 0.726469
-0.37641 11.4878 1.7454 -0.00493043 0.685665 0.727895
0.202689 11.4981 1.73231 0.0120327 0.686512 0.727016
0.878644 11.4824 1.72255 0.0460842 0.691574 0.720818
1.46449 11.4193 1.72848 0.0788689 0.691802 0.717762
1.9854 11.3468 1.72615 0.116201 0.680737 0.723241
2.49028 11.2501 1.72615 0.147242 0.668174 0.729277
3.02337 11.118 1.72666 0.177 0.65844 0.731503
3.56187 10.9444 1.73814 0.206577 0.653029 0.728597
4.04025 10.7731 1.73776 0.25247 0.629822 0.734545
4.603 10.5494 1.72402 0.277245 0.622762 0.731635
5.10458 10.3046 1.73254 0.303306 0.61689 0.726259
5.57072 10.0698 1.72609 0.335836 0.607263 0.72003
6.03218 9.80986 1.71633 0.36868 0.578452 0.727639
6.48671 9.50802 1.71607 0.391567 0.557514 0.73202
6.89796 9.22116 1.70993 0.405092 0.544779 0.734238
7.32935 8.88107 1.7154 0.425729 0.531 0.732649
7.7163 8.55496 1.71598 0.446359 0.511756 0.73407
8.13884 8.15843 1.72042 0.469596 0.485079 0.737658
8.5032 7.7579 1.73291 0.506374 0.450154 0.735478
8.84645 7.35424 1.73672 0.52502 0.437418 0.730071
9.17818 6.93517 1.73844 0.547044 0.41254 0.728379
9.51017 6.48113 1.73318 0.567709 0.387226 0.726468
9.83844 5.96416 1.73358 0.58977 0.357457 0.724149
10.1061 5.48677 1.74042 0.596747 0.335986 0.728699
10.3895 4.95588 1.73442 0.608351 0.302158 0.733896
10.635 4.42473 1.73488 0.623375 0.274294 0.732234
10.8366 3.90845 1.73482 0.648941 0.223536 0.727246
10.9895 3.41371 1.74003 0.654813 0.199459 0.728992
11.1223 2.89562 1.74972 0.662183 0.172259 0.729274
11.2462 2.40147 1.74585 0.67554 0.149141 0.722072
11.3537 1.9004 1.73992 0.67994 0.117515 0.723745
11.4397 1.40231 1.73023 0.680317 0.0853813 0.727923
11.4982 0.842665 1.72367 0.684767 0.041991 0.727551
11.5247 0.191482 1.71992 0.681822 0.00634689 0.731464
11.5164 -0.360745 1.71959 0.682487 -0.020139 0.730618
11.4923 -0.861087 1.71606 0.680376 -0.0544359 0.730824
11.4338 -1.36972 1.72067 0.677148 -0.0826734 0.731178
11.3491 -1.92341 1.72332 0.675875 -0.117687 0.727537
11.2473 -2.41646 1.72559 0.666338 -0.148714 0.730669
11.0986 -2.98907 1.73402 0.65586 -0.178057 0.733582
10.9221 -3.55488 1.73653 0.648143 -0.218809 0.729392
10.7043 -4.15638 1.73121 0.640045 -0.255161 0.724719
10.4869 -4.69202 1.72347 0.631688 -0.275958 0.724443
10.2489 -5.1898 1.72766 0.614872 -0.306868 0.726473
10.0102 -5.63422 1.73572 0.606623 -0.324917 0.725558
9.75732 -6.08825 1.73252 0.59221 -0.352351 0.724661
9.45978 -6.54813 1.73774 0.57523 -0.380411 0.724152
9.11316 -7.01879 1.74529 0.54484 -0.415384 0.728396
8.78567 -7.42386 1.74592 0.522304 -0.441321 0.729672
8.4028 -7.86897 1.73478 0.496383 -0.478806 0.724093
8.0226 -8.27509 1.71433 0.476344 -0.500187 0.723116
7.62735 -8.62608 1.71956 0.450231 -0.526262 0.721313
7.19615 -8.9637 1.72819 0.423311 -0.545321 0.723475
6.73852 -9.32026 1.71708 0.407635 -0.558076 0.722759
6.3071 -9.62365 1.71795 0.3853 -0.571812 0.724256
5.81641 -9.92639 1.71866 0.345597 -0.597223 0.72379
5.26913 -10.2121 1.72967 0.322014 -0.610319 0.723753
4.68176 -10.5005 1.73789 0.296164 -0.620271 0.726288
4.17431 -10.7151 1.74096 0.25026 -0.646717 0.720487
3.66469 -10.9009 1.73722 0.217777 -0.659401 0.719537
3.05318 -11.0729 1.74756 0.185402 -0.669171 0.719603
2.56064 -11.2011 1.73922 0.152366 -0.677741 0.719341
1.99365 -11.3212 1.73468 0.12836 -0.682755 0.719284
1.40311 -11.4184 1.73269 0.0959196 -0.684489 0.722673
0.843142 -11.4827 1.72721 0.0557354 -0.686144 0.725327
0.308203 -11.5194 1.71701 0.017214 -0.68447 0.728835
-0.195752 -11.5175 1.71673 -0.0190877 -0.678034 0.734782
-0.735841 -11.4823 1.72313 -0.0489392 -0.678692 0.732787
-1.25038 -11.4271 1.73456 -0.0655366 -0.683006 0.727466
-1.76183 -11.3635 1.74129 -0.0887137 -0.684186 0.72388
-2.28711 -11.2839 1.73956 -0.125835 -0.686 0.716627
-2.77839 -11.1853 1.7351 -0.160654 -0.678196 0.717076
-3.26378 -11.0565 1.73024 -0.205853 -0.668279 0.714843
-3.7539 -10.8829 1.74082 -0.228312 -0.653819 0.721383
-4.26066 -10.6893 1.74527 -0.256528 -0.645178 0.719669
-4.76899 -10.4704 1.74444 -0.294167 -0.629591 0.719079
-5.2407 -10.2399 1.74536 -0.319208 -0.621115 0.715753
-5.74432 -9.97771 1.73163 -0.353026 -0.597064 0.720321
-6.21735 -9.69558 1.72409 -0.37163 -0.576133 0.727968
-6.64798 -9.40073 1.72586 -0.394728 -0.560288 0.72819
-7.10581 -9.06129 1.72988 -0.417627 -0.545284 0.726792
-7.49035 -8.72765 1.74815 -0.446149 -0.524705 0.724996
-7.91669 -8.35589 1.73919 -0.471761 -0.495274 0.729463
-8.3094 -7.97603 1.73256 -0.497297 -0.474757 0.726112
-8.72666 -7.51826 1.72613 -0.522995 -0.449839 0.723961
-9.05664 -7.10636 1.73286 -0.538165 -0.426904 0.72672
-9.347 -6.6956 1.74656 -0.557046 -0.400293 0.727643
-9.68772 -6.20201 1.74453 -0.578679 -0.385782 0.718542
-10.0116 -5.67593 1.75201 -0.602927 -0.359832 0.712005
-10.3109 -5.11789 1.75207 -0.629616 -0.307565 0.71341
-10.52 -4.66297 1.74842 -0.645761 -0.274256 0.712572
-10.7246 -4.16539 1.74392 -0.654531 -0.24454 0.715377
-10.9208 -3.60136 1.74433 -0.659171 -0.215395 0.720475
-11.0727 -3.06636 1.75301 -0.66503 -0.184883 0.723553
-11.1263 -2.88188 1.74938 -0.665228 -0.17261 0.7264
-11.6135 -2.98633 1.27359 -0.670485 -0.185416 0.718368
-11.7523 -2.47803 1.26233 -0.679707 -0.148898 0.718179
-11.8566 -1.92447 1.26074 -0.688012 -0.106634 0.717822
-11.9424 -1.35166 1.25108 -0.693805 -0.0788779 0.71583
-11.9947 -0.833164 1.24746 -0.699959 -0.0532856 0.712184
-12.0167 -0.330367 1.25409 -0.703086 -0.0286062 0.710529
-12.0261 0.229275 1.24694 -0.70132 0.0174372 0.712619
-11.9918 0.763499 1.25136 -0.701034 0.0541044 0.711073
-11.9313 1.28373 1.26186 -0.69631 0.0803588 0.713214
-11.8575 1.8802 1.25374 -0.690722 0.111267 0.714498
-11.7648 2.41765 1.24363 -0.686314 0.150707 0.711513
-11.6098 3.03143 1.24952 -0.681392 0.176585 0.710298
-11.4265 3.66399 1.24757 -0.671011 0.211134 0.710747
-11.2346 4.23884 1.24752 -0.664704 0.235952 0.708858
-11.0439 4.71093 1.25486 -0.653954 0.273914 0.705205
-10.7895 5.27525 1.25423 -0.636585 0.311754 0.70537
-10.5628 5.73512 1.24277 -0.616732 0.339368 0.710247
-10.2295 6.29164 1.24928 -0.598505 0.370325 0.710383
-9.9172 6.76999 1.24644 -0.576185 0.395961 0.714997
-9.61888 7.19139 1.24806 -0.562814 0.40227 0.722086
-9.28107 7.62368 1.25344 -0.528694 0.435351 0.728638
-8.93128 8.03383 1.24776 -0.508178 0.464232 0.725416
-8.58477 8.40625 1.24514 -0.493868 0.48058 0.724657
-8.20233 8.78422 1.24482 -0.473488 0.499737 0.725299
-7.71476 9.20568 1.26127 -0.459994 0.519807 0.719865
-7.28923 9.55001 1.2632 -0.423523 0.55575 0.715381
-6.88105 9.8563 1.25883 -0.406308 0.573554 0.711296
-6.36243 10.189 1.26934 -0.373863 0.595611 0.710966
-5.84755 10.4988 1.26724 -0.343249 0.60137 0.721474
-5.37564 10.7523 1.26776 -0.305697 0.618696 0.723672
-4.83232 11.015 1.25301 -0.264542 0.636977 0.724048
-4.24616 11.2571 1.23953 -0.236775 0.651402 0.720821
-3.6873 11.4287 1.24827 -0.194704 0.664911 0.721079
-3.0137 11.6036 1.25554 -0.171796 0.671933 0.72041
-2.43214 11.7471 1.24871 -0.144943 0.685435 0.713533
-1.88983 11.8473 1.25091 -0.115896 0.692115 0.7124
-1.28485 11.9256 1.25976 -0.0849431 0.694893 0.714063
-0.785521 11.9686 1.26464 -0.0452521 0.701793 0.71092
-0.271278 11.9911 1.26022 -0.0107915 0.701536 0.712545
0.296531 11.9946 1.25224 0.020012 0.697506 0.716286
0.85359 11.9756 1.24368 0.0492432 0.697371 0.715001
1.4439 11.9176 1.24742 0.0754366 0.695207 0.714833
1.96358 11.8456 1.25249 0.102895 0.692049 0.714475
2.60743 11.7238 1.25646 0.148319 0.681972 0.716181
3.12455 11.6057 1.24644 0.182896 0.675347 0.714453
3.6879 11.429 1.25566 0.214751 0.667469 0.712979
4.16574 11.2633 1.25642 0.245291 0.655127 0.714574
4.69467 11.0478 1.25542 0.280337 0.637921 0.717263
5.18023 10.8271 1.2519 0.303368 0.623825 0.720285
5.74451 10.5373 1.24898 0.334518 0.609689 0.718585
6.19619 10.2856 1.2431 0.354724 0.599956 0.717089
6.65581 9.99585 1.24395 0.381456 0.581279 0.718742
7.14292 9.65097 1.24819 0.404061 0.55761 0.72512
7.58635 9.31876 1.24599 0.425146 0.537324 0.728363
7.97368 8.99782 1.24822 0.441695 0.52292 0.729004
8.37128 8.62656 1.25528 0.477393 0.495614 0.72556
8.72943 8.25494 1.25818 0.512006 0.470181 0.718872
9.18564 7.72873 1.25721 0.536298 0.445373 0.716954
9.54296 7.29158 1.25299 0.55532 0.427054 0.713589
9.87209 6.83495 1.2547 0.578735 0.392132 0.715016
10.1592 6.41021 1.246 0.588445 0.371241 0.718264
10.4221 5.96557 1.25454 0.599686 0.353745 0.717783
10.6581 5.52083 1.26558 0.612065 0.326861 0.720087
10.8928 5.05192 1.26564 0.627426 0.299902 0.718598
11.1037 4.57948 1.26628 0.645596 0.26221 0.717248
11.3117 4.08305 1.24723 0.661161 0.230586 0.713918
11.4603 3.57914 1.26043 0.669796 0.204498 0.713826
11.6143 2.97705 1.27315 0.681979 0.169203 0.711513
11.7686 2.33856 1.26102 0.687044 0.142415 0.712522
11.867 1.84266 1.2575 0.692022 0.122515 0.711404
11.9475 1.34083 1.24964 0.697724 0.0829735 0.711527
11.9975 0.786735 1.24714 0.697841 0.0427877 0.714967
12.0183 0.202849 1.24725 0.696747 0.00791856 0.717265
12.0193 -0.314384 1.24249 0.694233 -0.0190988 0.719486
11.9826 -0.876279 1.25058 0.689763 -0.0494097 0.722327
11.9248 -1.44273 1.25191 0.684042 -0.0881079 0.724088
11.8437 -1.94925 1.25694 0.681156 -0.115362 0.722984
11.728 -2.54621 1.25533 0.671896 -0.150877 0.725094
11.6001 -3.05025 1.25896 0.671322 -0.182542 0.718315
11.4455 -3.57313 1.25627 0.662021 -0.216822 0.717424
11.2553 -4.11546 1.25214 0.650478 -0.247303 0.718133
11.0338 -4.66827 1.25101 0.639285 -0.271079 0.719597
10.785 -5.24197 1.24392 0.631191 -0.293071 0.718127
10.5241 -5.72703 1.2582 0.61547 -0.324814 0.718105
10.2562 -6.21424 1.25297 0.602908 -0.362571 0.710664
9.98669 -6.64773 1.25179 0.59295 -0.385363 0.707029
9.61327 -7.179 1.25829 0.571919 -0.417155 0.706307
9.27571 -7.61207 1.26111 0.550358 -0.442344 0.708122
8.91201 -8.03928 1.26237 0.522412 -0.470114 0.711388
8.55094 -8.43749 1.24471 0.489511 -0.498544 0.715423
8.16927 -8.8069 1.23831 0.468424 -0.51844 0.715394
7.73889 -9.16026 1.25084 0.444855 -0.538683 0.715483
7.27821 -9.53133 1.24244 0.418636 -0.55703 0.717253
6.81982 -9.86357 1.24493 0.404508 -0.567598 0.717073
6.31156 -10.2032 1.24374 0.369125 -0.595513 0.713495
5.76643 -10.5155 1.24546 0.340159 -0.609441 0.71615
5.31769 -10.7372 1.26305 0.323528 -0.614755 0.719308
4.80098 -10.9924 1.2645 0.293273 -0.62484 0.723578
4.32643 -11.1923 1.26392 0.253524 -0.639513 0.725773
3.73858 -11.3914 1.26597 0.209153 -0.660264 0.721321
3.24628 -11.5314 1.27048 0.186501 -0.670421 0.718155
2.7576 -11.6617 1.26256 0.156602 -0.677283 0.718862
2.25543 -11.7753 1.25557 0.134031 -0.684641 0.71645
1.68992 -11.8748 1.25689 0.108137 -0.68919 0.716451
1.15885 -11.9483 1.25388 0.0804212 -0.696545 0.712991
0.570463 -11.9985 1.2507 0.0395125 -0.696186 0.716773
0.0269219 -12.0221 1.24697 0.0141588 -0.694189 0.719653
-0.506503 -12.0074 1.24691 -0.0372384 -0.690982 0.721904
-1.02186 -11.9587 1.25292 -0.0707136 -0.68851 0.721768
-1.53703 -11.8887 1.26421 -0.0842185 -0.692222 0.71675
-2.11232 -11.8061 1.26516 -0.108747 -0.692104 0.713558
-2.68445 -11.709 1.2511 -0.155247 -0.68779 0.709107
-3.27104 -11.5639 1.24797 -0.191442 -0.678505 0.709204
-3.79494 -11.3892 1.25802 -0.22679 -0.666069 0.710574
-4.2865 -11.2042 1.2664 -0.24751 -0.658652 0.710571
-4.87032 -10.9647 1.26288 -0.291073 -0.638222 0.712697
-5.39678 -10.7023 1.27019 -0.316306 -0.628 0.71103
-5.9067 -10.4521 1.25331 -0.338646 -0.614768 0.712305
-6.43423 -10.1386 1.25511 -0.372041 -0.587545 0.718573
-6.87841 -9.84817 1.25126 -0.397314 -0.567116 0.721468
-7.29625 -9.54837 1.24803 -0.419272 -0.553705 0.71945
-7.71691 -9.19422 1.26304 -0.445673 -0.538675 0.714979
-8.10748 -8.84509 1.26909 -0.469955 -0.516575 0.71574
-8.48417 -8.49891 1.26207 -0.491148 -0.491493 0.719134
-8.8708 -8.10319 1.25101 -0.521128 -0.464019 0.716302
-9.25465 -7.6527 1.25171 -0.538849 -0.44741 0.713769
-9.61791 -7.17756 1.26232 -0.562635 -0.421794 0.710969
-9.9473 -6.69955 1.26801 -0.581291 -0.388109 0.715163
-10.2574 -6.21226 1.26764 -0.601088 -0.36715 0.709839
-10.5674 -5.68301 1.26571 -0.62293 -0.341865 0.703601
-10.7896 -5.22967 1.2736 -0.639421 -0.308033 0.704455
-11.0411 -4.68613 1.26271 -0.65221 -0.270262 0.708219
-11.2485 -4.16807 1.26048 -0.656678 -0.248317 0.712111
-11.4206 -3.65412 1.26703 -0.666264 -0.21497 0.714044
-11.5645 -3.1611 1.27285 -0.668446 -0.194562 0.717857
-11.585 -3.09063 1.27266 -0.669127 -0.190772 0.718242
-12.0724 -3.20404 0.786063 -0.673874 -0.189829 0.714032
-11.93 -3.69028 0.782801 -0.66689 -0.215062 0.713432
-11.7689 -4.17547 0.776514 -0.659866 -0.245095 0.710271
-11.5848 -4.65384 0.774524 -0.652103 -0.265979 0.709934
-11.3742 -5.1158 0.787673 -0.645062 -0.28682 0.70825
-11.16 -5.58371 0.783231 -0.634003 -0.315998 0.705802
-10.9046 -6.08637 0.773608 -0.616195 -0.341583 0.709664
-10.6352 -6.52577 0.78552 -0.604591 -0.361133 0.709965
-10.2974 -7.06317 0.780967 -0.57995 -0.395901 0.711963
-9.92355 -7.59016 0.77281 -0.559213 -0.426247 0.711051
-9.60493 -7.99823 0.769323 -0.54307 -0.443871 0.712757
-9.24321 -8.42342 0.768532 -0.52494 -0.465104 0.712809
-8.87987 -8.80429 0.774376 -0.502283 -0.493061 0.710332
-8.48105 -9.17086 0.784866 -0.473218 -0.516385 0.713721
-8.09164 -9.52107 0.781225 -0.455247 -0.530606 0.714987
-7.69257 -9.86396 0.771957 -0.432078 -0.549677 0.714926
-7.25493 -10.1873 0.774762 -0.403493 -0.56523 0.719518
-6.84151 -10.4729 0.769824 -0.378635 -0.583372 0.718548
-6.38349 -10.7508 0.766216 -0.34492 -0.610891 0.712626
-5.93698 -10.978 0.780825 -0.330084 -0.621826 0.710193
-5.3623 -11.2674 0.785442 -0.311739 -0.630228 0.711071
-4.90465 -11.4847 0.779779 -0.277955 -0.646652 0.710336
-4.33096 -11.7028 0.786618 -0.245003 -0.661517 0.708778
-3.81657 -11.8965 0.77317 -0.223446 -0.667809 0.709999
-3.20686 -12.0895 0.762953 -0.181645 -0.679073 0.711224
-2.61326 -12.2154 0.776231 -0.145976 -0.686251 0.71256
-2.09042 -12.3082 0.780059 -0.114238 -0.693003 0.711826
-1.45354 -12.3957 0.782578 -0.0869215 -0.693919 0.714784
-0.874647 -12.469 0.771166 -0.0591252 -0.701246 0.71045
-0.359322 -12.4985 0.772605 -0.0229915 -0.708647 0.705179
0.307272 -12.4942 0.778181 0.0203 -0.704701 0.709167
0.895977 -12.4656 0.771286 0.0591071 -0.70033 0.711362
1.39808 -12.4126 0.772966 0.0927942 -0.694375 0.713601
1.9668 -12.326 0.775861 0.1134 -0.690365 0.714514
2.4834 -12.2354 0.772266 0.137144 -0.685252 0.71527
3.0539 -12.0905 0.789458 0.165961 -0.682138 0.712139
3.58779 -11.9541 0.784622 0.196747 -0.677213 0.708975
4.07893 -11.8043 0.780588 0.221216 -0.669184 0.709401
4.56771 -11.6324 0.780767 0.251853 -0.662457 0.705474
5.0942 -11.3984 0.786426 0.306913 -0.637594 0.706586
5.65072 -11.1228 0.778959 0.327761 -0.618654 0.714025
6.14821 -10.8633 0.765876 0.346662 -0.606994 0.715107
6.67424 -10.5429 0.771692 0.372982 -0.593324 0.713307
7.11514 -10.2669 0.759138 0.397256 -0.571311 0.718175
7.51818 -9.95871 0.770669 0.414032 -0.557679 0.719422
7.93292 -9.63197 0.774948 0.436396 -0.543567 0.716996
8.37298 -9.2737 0.765624 0.463779 -0.523944 0.714414
8.749 -8.92761 0.762977 0.492297 -0.500249 0.712316
9.18737 -8.46553 0.772553 0.518387 -0.479751 0.707859
9.55354 -8.05172 0.769323 0.54121 -0.453942 0.707825
9.9367 -7.56268 0.772231 0.56606 -0.42041 0.70905
10.2697 -7.09324 0.769437 0.585467 -0.393511 0.708769
10.6041 -6.57483 0.771498 0.596911 -0.37531 0.709106
10.8905 -6.08862 0.773997 0.610313 -0.345394 0.712892
11.2049 -5.48645 0.773135 0.625981 -0.305725 0.717396
11.4172 -5.02485 0.772611 0.637949 -0.278071 0.718116
11.6242 -4.53038 0.771733 0.647314 -0.259822 0.716572
11.8362 -3.96067 0.775328 0.658451 -0.233161 0.715591
12.0026 -3.45025 0.774557 0.67388 -0.199962 0.711257
12.1469 -2.88816 0.783582 0.680724 -0.171138 0.712268
12.2706 -2.36826 0.774439 0.691501 -0.135048 0.709638
12.3754 -1.77894 0.772022 0.694252 -0.105873 0.711889
12.4396 -1.26179 0.775503 0.698531 -0.0701248 0.712086
12.4899 -0.662106 0.76864 0.70139 -0.035353 0.711884
12.5074 -0.11392 0.76949 0.699126 -0.0110203 0.714913
12.5053 0.445598 0.767359 0.697786 0.0228715 0.715933
12.4687 0.976293 0.774621 0.694666 0.0558016 0.717142
12.4193 1.55637 0.761947 0.692226 0.092653 0.715674
12.321 2.1141 0.770015 0.687564 0.12578 0.715134
12.203 2.65034 0.77832 0.686326 0.152292 0.711161
12.063 3.18631 0.789813 0.682505 0.176044 0.709349
11.9265 3.7422 0.77237 0.676238 0.201862 0.708477
11.7689 4.26677 0.761493 0.666811 0.228445 0.709346
11.5561 4.78874 0.776556 0.655145 0.262431 0.708457
11.3366 5.28686 0.774661 0.634156 0.302989 0.711351
11.0865 5.7757 0.778731 0.621661 0.330071 0.710329
10.8387 6.24633 0.766463 0.605924 0.35274 0.713032
10.5649 6.68955 0.767595 0.586156 0.374893 0.718237
10.264 7.13037 0.772884 0.573752 0.400458 0.714433
9.91157 7.62816 0.762694 0.557467 0.428017 0.711351
9.55911 8.05373 0.77253 0.541174 0.446228 0.712747
9.2143 8.44741 0.78138 0.526182 0.46072 0.714725
8.78813 8.90229 0.783548 0.49866 0.493721 0.712412
8.40888 9.27336 0.775105 0.466997 0.521116 0.714382
8.0313 9.60554 0.767359 0.438143 0.539708 0.718844
7.58835 9.94316 0.770377 0.412276 0.559707 0.718858
7.12413 10.2793 0.761929 0.391145 0.578348 0.715899
6.68498 10.5619 0.763437 0.36616 0.595611 0.714938
6.22473 10.8357 0.762371 0.349019 0.607441 0.713576
5.73362 11.0846 0.781811 0.330501 0.621025 0.710698
5.24718 11.3259 0.784053 0.297826 0.637008 0.710989
4.76744 11.5512 0.77303 0.270815 0.650718 0.709372
4.22157 11.7551 0.780532 0.241538 0.661766 0.709733
3.72776 11.9325 0.771512 0.212868 0.670841 0.710375
3.22914 12.0841 0.763944 0.181465 0.678189 0.712107
2.6793 12.2151 0.766436 0.149334 0.688711 0.70948
2.06374 12.3239 0.77139 0.110371 0.696562 0.708951
1.49577 12.4104 0.762325 0.0820186 0.69539 0.713936
0.888514 12.4661 0.76284 0.0480223 0.698976 0.713524
0.375311 12.487 0.767581 0.0267685 0.701159 0.712501
-0.141145 12.4761 0.782295 -0.010794 0.704065 0.710048
-0.646603 12.4613 0.7796 -0.0368851 0.708486 0.704752
-1.16374 12.4244 0.779246 -0.0684632 0.704691 0.706203
-1.73411 12.3655 0.769981 -0.103834 0.697127 0.709373
-2.23052 12.2888 0.763171 -0.127596 0.690965 0.711536
-2.76289 12.1736 0.773044 -0.146304 0.681691 0.716841
-3.29234 12.0454 0.775271 -0.173362 0.675077 0.717082
-3.78828 11.9183 0.766292 -0.194074 0.669912 0.716625
-4.29904 11.7618 0.76142 -0.221921 0.659184 0.718489
-4.77963 11.5814 0.762437 -0.259549 0.651198 0.71314
-5.26565 11.3552 0.780518 -0.292215 0.644845 0.706222
-5.81299 11.0841 0.782843 -0.331151 0.622394 0.709172
-6.2903 10.7988 0.793158 -0.363841 0.602855 0.710052
-6.81439 10.4845 0.779628 -0.385272 0.590311 0.709294
-7.29913 10.1569 0.775596 -0.407223 0.575562 0.709153
-7.8143 9.76746 0.780338 -0.431031 0.557793 0.709272
-8.21865 9.43684 0.772135 -0.462059 0.522745 0.716406
-8.62731 9.06718 0.768506 -0.481573 0.499348 0.720217
-9.00026 8.70744 0.757489 -0.501204 0.479947 0.720027
-9.41681 8.2374 0.771601 -0.517404 0.465883 0.717795
-9.74181 7.83776 0.781562 -0.547744 0.434802 0.714771
-10.0942 7.38242 0.768479 -0.569903 0.398997 0.718331
-10.4123 6.90992 0.768455 -0.583552 0.382024 0.716605
-10.7321 6.40669 0.765872 -0.60063 0.35911 0.714328
-11.0122 5.92481 0.760439 -0.616003 0.33412 0.713365
-11.2388 5.44997 0.774667 -0.628816 0.309365 0.71336
-11.456 4.98409 0.769538 -0.642821 0.278862 0.713449
-11.6847 4.43094 0.762598 -0.6564 0.24324 0.714118
-11.8508 3.9411 0.765995 -0.665733 0.213833 0.71489
-12.0101 3.40182 0.769736 -0.672304 0.193624 0.714505
-12.1532 2.89365 0.762713 -0.678084 0.169228 0.71522
-12.2773 2.3517 0.761374 -0.688373 0.141195 0.711467
-12.3632 1.80725 0.773847 -0.692552 0.107581 0.713283
-12.4259 1.28248 0.778669 -0.697764 0.0735757 0.712538
-12.4801 0.757695 0.769327 -0.701045 0.0490636 0.711425
-12.5109 0.209397 0.765022 -0.705493 0.0186405 0.70846
-12.5063 -0.359121 0.768786 -0.70188 -0.0189194 0.712035
-12.4773 -0.922611 0.767679 -0.696548 -0.0495441 0.715798
-12.4197 -1.45222 0.776608 -0.696451 -0.077108 0.713431
-12.3498 -2.00999 0.770895 -0.692954 -0.104505 0.713367
-12.2366 -2.56836 0.781179 -0.688401 -0.145854 0.710507
-12.1079 -3.07908 0.785116 -0.675196 -0.182539 0.71468
-12.5923 -3.18372 0.297976 -0.680137 -0.179078 0.710857
-12.449 -3.73611 0.283991 -0.667833 -0.208954 0.71436
-12.2759 -4.20912 0.2947 -0.657616 -0.238884 0.714465
-12.0668 -4.75971 0.291433 -0.652933 -0.263413 0.710128
-11.8301 -5.31469 0.293824 -0.644222 -0.283802 0.710231
-11.5838 -5.82308 0.299996 -0.631144 -0.30728 0.712202
-11.3471 -6.30099 0.288429 -0.611352 -0.341226 0.714012
-11.0612 -6.77491 0.297116 -0.599337 -0.362522 0.713696
-10.7901 -7.19673 0.30082 -0.587445 -0.386396 0.711055
-10.5053 -7.62943 0.289961 -0.568739 -0.411055 0.71243
-10.1302 -8.11496 0.297586 -0.546855 -0.431726 0.717306
-9.81538 -8.51651 0.287265 -0.532871 -0.448431 0.717605
-9.37459 -9.00338 0.292772 -0.505042 -0.475877 0.720027
-8.92572 -9.44335 0.292639 -0.480308 -0.509753 0.713755
-8.49991 -9.82617 0.295292 -0.462298 -0.523106 0.715989
-8.06149 -10.204 0.289323 -0.438088 -0.543266 0.716183
-7.6539 -10.5042 0.299022 -0.405508 -0.570427 0.71426
-7.20897 -10.8164 0.294102 -0.384562 -0.585297 0.713799
-6.62732 -11.1769 0.288762 -0.34308 -0.604334 0.719054
-6.11654 -11.4278 0.307784 -0.320213 -0.619566 0.716658
-5.6548 -11.6577 0.310607 -0.311084 -0.630172 0.711412
-5.17822 -11.9042 0.287327 -0.280545 -0.649433 0.706769
-4.66665 -12.102 0.297527 -0.255371 -0.657603 0.708754
-4.17262 -12.2877 0.294874 -0.233443 -0.659378 0.714637
-3.66702 -12.4651 0.284747 -0.203528 -0.66672 0.716978
-3.16138 -12.5934 0.294492 -0.163019 -0.680434 0.714438
-2.59385 -12.7172 0.296707 -0.137609 -0.685799 0.714641
-2.04727 -12.8189 0.292839 -0.109965 -0.688798 0.716564
-1.43249 -12.9051 0.290333 -0.0823692 -0.693859 0.715381
-0.848547 -12.958 0.291425 -0.0475136 -0.700167 0.71238
-0.335448 -12.9784 0.294206 -0.0163352 -0.703959 0.710052
0.165579 -12.9844 0.290478 0.0154576 -0.707604 0.706434
0.684633 -12.9675 0.288712 0.043395 -0.704928 0.707896
1.20796 -12.9259 0.286284 0.070555 -0.699606 0.711025
1.78687 -12.8485 0.293224 0.0962888 -0.695871 0.711682
2.30115 -12.7788 0.281843 0.122167 -0.689637 0.71377
2.88864 -12.6436 0.295224 0.152974 -0.686744 0.710621
3.37834 -12.5212 0.296229 0.179569 -0.680788 0.71012
3.92484 -12.376 0.286284 0.207943 -0.669548 0.713033
4.48524 -12.1743 0.297351 0.237888 -0.667566 0.705523
4.96628 -11.9834 0.298756 0.275181 -0.655549 0.703229
5.53272 -11.727 0.298435 0.306844 -0.636626 0.707481
6.02166 -11.4825 0.297433 0.327144 -0.617577 0.71522
6.49059 -11.2203 0.296925 0.348379 -0.603409 0.717305
7.05019 -10.8874 0.293093 0.369467 -0.587356 0.720055
7.50915 -10.5868 0.288617 0.397808 -0.568156 0.720378
7.95349 -10.2603 0.28717 0.421741 -0.546604 0.72343
8.34112 -9.94007 0.29511 0.444159 -0.532291 0.720686
8.7363 -9.60881 0.288175 0.467119 -0.516135 0.717905
9.12207 -9.24301 0.288999 0.486928 -0.491515 0.721974
9.50826 -8.83648 0.292943 0.509918 -0.471314 0.719603
9.84048 -8.46128 0.291239 0.534884 -0.451244 0.714332
10.1929 -8.03305 0.288235 0.550463 -0.433273 0.713622
10.4981 -7.62136 0.287606 0.572472 -0.403165 0.713951
10.8089 -7.16982 0.283429 0.585056 -0.384533 0.714028
11.1099 -6.66581 0.298559 0.598005 -0.366241 0.712917
11.394 -6.19226 0.290926 0.612292 -0.341334 0.713153
11.6706 -5.65769 0.293017 0.625867 -0.304376 0.718083
11.8961 -5.15526 0.293779 0.641163 -0.275458 0.716257
12.1082 -4.66748 0.283729 0.648854 -0.256865 0.716237
12.2932 -4.13901 0.294681 0.660913 -0.231493 0.713849
12.4749 -3.58451 0.288063 0.675549 -0.195365 0.71096
12.6056 -3.0668 0.294965 0.685439 -0.171159 0.707714
12.7532 -2.46296 0.285856 0.687345 -0.145536 0.711595
12.8437 -1.9371 0.290296 0.687855 -0.108268 0.717697
12.9221 -1.40364 0.283965 0.698609 -0.0765773 0.711393
12.9645 -0.83315 0.292952 0.697719 -0.0476159 0.714769
12.9898 -0.313002 0.292774 0.699409 -0.020622 0.714417
12.9968 0.284812 0.293431 0.69966 0.00692672 0.714412
12.9678 0.840546 0.298999 0.695474 0.049719 0.716822
12.9282 1.34089 0.294287 0.688321 0.0773531 0.721263
12.856 1.95334 0.282833 0.684145 0.110234 0.720943
12.7467 2.46662 0.294268 0.682769 0.142807 0.716535
12.608 3.08309 0.293937 0.677901 0.166608 0.71601
12.4568 3.66545 0.290278 0.671674 0.188986 0.716325
12.3116 4.17276 0.280976 0.664145 0.218536 0.714949
12.1297 4.67427 0.286977 0.660701 0.250317 0.707668
11.9278 5.1664 0.289457 0.644996 0.277914 0.711839
11.6702 5.71777 0.290917 0.628746 0.311863 0.712325
11.4245 6.17779 0.295939 0.616276 0.336221 0.712141
11.1394 6.70313 0.282677 0.600153 0.361672 0.713426
10.8616 7.13265 0.289499 0.58671 0.386099 0.711812
10.5346 7.59254 0.293922 0.563329 0.413983 0.715019
10.2195 8.0224 0.285868 0.549714 0.429362 0.716562
9.88057 8.43523 0.291575 0.535554 0.443665 0.718553
9.5045 8.86385 0.293735 0.514745 0.474407 0.714122
9.06187 9.31209 0.300661 0.497989 0.503675 0.705909
8.64529 9.72075 0.288751 0.47021 0.522918 0.710948
8.20941 10.0982 0.284409 0.438339 0.547161 0.713048
7.78678 10.4096 0.291795 0.407528 0.563911 0.718265
7.30658 10.7458 0.289056 0.38432 0.575678 0.721716
6.88788 11.0242 0.278131 0.358192 0.591841 0.722096
6.34684 11.3269 0.28834 0.340864 0.603777 0.720598
5.88091 11.5617 0.303211 0.317656 0.617452 0.719593
5.35651 11.8249 0.295321 0.287657 0.6309 0.720547
4.85198 12.0524 0.283684 0.260336 0.647073 0.716589
4.30283 12.2526 0.293899 0.239104 0.655515 0.716306
3.8176 12.4204 0.290266 0.203603 0.662305 0.720993
3.31248 12.5695 0.284228 0.17335 0.674348 0.717762
2.71464 12.7119 0.281989 0.146706 0.67931 0.719017
2.19974 12.8035 0.286277 0.115566 0.685267 0.719049
1.69268 12.8762 0.28923 0.0879149 0.687698 0.720642
1.09597 12.9499 0.278099 0.0569981 0.688723 0.722781
0.51869 12.9798 0.280957 0.0242732 0.694522 0.719033
-0.0107994 12.971 0.297082 -0.00286876 0.695765 0.71826
-0.531416 12.9621 0.290466 -0.037192 0.698742 0.714405
-1.17882 12.9142 0.292508 -0.0611125 0.697768 0.71371
-1.76255 12.8586 0.281878 -0.0939517 0.69538 0.712455
-2.31548 12.7733 0.281546 -0.11772 0.685311 0.718666
-2.93922 12.6425 0.293634 -0.143739 0.676773 0.721965
-3.45119 12.5189 0.293179 -0.177423 0.669549 0.721257
-3.9566 12.3785 0.29063 -0.197729 0.664226 0.720907
-4.50717 12.197 0.292425 -0.237952 0.654894 0.717257
-5.02688 11.9957 0.289463 -0.271516 0.648217 0.711389
-5.52632 11.7624 0.300442 -0.299516 0.638153 0.709248
-6.08842 11.4807 0.300465 -0.330375 0.626065 0.70632
-6.6176 11.1782 0.299937 -0.362647 0.608633 0.705729
-7.07672 10.8998 0.291677 -0.383047 0.591332 0.709648
-7.56449 10.5744 0.289194 -0.40784 0.568 0.714844
-7.99604 10.2521 0.289776 -0.43026 0.553642 0.71299
-8.42122 9.90848 0.290215 -0.45351 0.534918 0.712872
-8.89258 9.50271 0.282607 -0.471829 0.512072 0.717726
-9.35579 9.0516 0.27876 -0.501988 0.482529 0.71773
-9.71539 8.64159 0.289524 -0.523191 0.462427 0.715844
-10.0677 8.213 0.298447 -0.543946 0.440789 0.714007
-10.4115 7.7794 0.290089 -0.565361 0.413592 0.713641
-10.7041 7.37225 0.284046 -0.576581 0.389651 0.718131
-10.9973 6.90102 0.294098 -0.58815 0.366548 0.720916
-11.2805 6.46159 0.279296 -0.60032 0.350081 0.719055
-11.5228 5.99393 0.291619 -0.612197 0.318339 0.723766
-11.784 5.45442 0.292673 -0.629612 0.287685 0.721674
-12.0057 4.95134 0.287452 -0.643819 0.260852 0.719334
-12.2134 4.40346 0.287806 -0.655497 0.230968 0.719002
-12.4158 3.78558 0.287782 -0.658541 0.204493 0.724209
-12.5594 3.28392 0.289933 -0.659266 0.178076 0.730498
-12.7332 2.59806 0.278442 -0.676507 0.140547 0.722886
-12.8208 2.08171 0.288822 -0.685464 0.117393 0.718562
-12.8991 1.43807 0.30267 -0.691293 0.0864092 0.717384
-12.9623 0.861282 0.292288 -0.694642 0.0481029 0.717739
-13.0048 0.308826 0.278146 -0.695421 0.0219273 0.718263
-12.9912 -0.208574 0.29808 -0.694943 -0.00429479 0.719032
-12.9768 -0.855915 0.290604 -0.691085 -0.0437044 0.721416
-12.9069 -1.44052 0.304372 -0.692073 -0.0799138 0.717385
-12.8454 -2.00215 0.290335 -0.689007 -0.107074 0.716797
-12.7519 -2.49469 0.295996 -0.687397 -0.135599 0.713508
-12.6454 -2.99641 0.290749 -0.685434 -0.166204 0.708906
-12.5988 -3.16343 0.296777 -0.683208 -0.170063 0.710126
