-0.346744 0.0350321 0.201284 -0.0302789 0.00131803 0.999529
0.127011 0.345839 0.199525 0.00613443 0.0350841 0.999353
0.356075 -0.0495602 0.20504 0.0139552 0.00272998 0.999899
-0.0556401 -0.360748 0.203947 -0.0127131 -0.0217075 0.999676
-0.317739 -0.0887704 0.201731 -0.0265469 -0.00299977 0.999642
-0.899093 -0.253556 0.179194 -0.049425 -0.0108044 0.998712
-0.560159 -0.755088 0.180828 -0.0302494 -0.0301181 0.999088
-0.0235154 -0.952896 0.181287 -0.00692766 -0.0548659 0.99847
0.499194 -0.80366 0.18595 0.024046 -0.049142 0.998499
0.842124 -0.410933 0.187961 0.0574802 -0.0252166 0.998021
0.942007 0.0757128 0.184373 0.0482675 0.0120245 0.998744
0.708504 0.620262 0.176367 0.032909 0.0469293 0.998355
0.190882 0.914623 0.172962 0.0172859 0.0597638 0.998059
-0.341345 0.857378 0.175765 -0.0145328 0.0579365 0.998211
-0.759505 0.506953 0.178806 -0.0355265 0.0306155 0.998894
-0.925221 -0.0594566 0.179555 -0.0482359 -0.00295179 0.998826
-0.921955 -0.114528 0.179445 -0.0456038 -0.00701759 0.998932
-1.50242 -0.108058 0.142084 -0.074636 -0.00444571 0.9972
-1.4257 0.474522 0.146244 -0.0677406 0.0128809 0.997601
-1.13452 0.965374 0.144918 -0.0485181 0.0536924 0.997372
-0.732583 1.30605 0.138921 -0.0284515 0.065566 0.997442
-0.162638 1.50053 0.133524 -0.00096535 0.0790481 0.996867
0.362285 1.47289 0.13046 0.0202881 0.0785213 0.996705
0.833303 1.26673 0.133131 0.034218 0.0733243 0.996719
1.22373 0.892207 0.139572 0.0560606 0.0566015 0.996816
1.47643 0.366479 0.144938 0.0791295 0.0267399 0.996499
1.50581 -0.221613 0.145594 0.0786507 -0.0118631 0.996827
1.32663 -0.721917 0.144452 0.0779597 -0.0458373 0.9959
1.0206 -1.12632 0.144948 0.0608595 -0.0618626 0.996219
0.585379 -1.40031 0.143913 0.0279442 -0.0811115 0.996308
0.0318345 -1.53135 0.140688 0.00182086 -0.0845505 0.996413
-0.491092 -1.45108 0.142132 -0.0198963 -0.0789789 0.996677
-1.05061 -1.09589 0.148735 -0.0425443 -0.0571191 0.997435
-1.39436 -0.615806 0.145323 -0.0730295 -0.0172487 0.997177
-1.49162 -0.272458 0.141969 -0.0773442 -0.00710757 0.996974
-2.05979 -0.337514 0.0915783 -0.0954031 -0.0115528 0.995366
-2.06406 0.29136 0.0914835 -0.0991335 0.00682787 0.99505
-1.91563 0.790761 0.0966153 -0.0959622 0.0296692 0.994941
-1.61531 1.29767 0.0947037 -0.0740582 0.0631486 0.995251
-1.19321 1.70539 0.0896084 -0.0537152 0.0826982 0.995126
-0.679046 1.9606 0.0880851 -0.0312896 0.0900857 0.995442
-0.102125 2.09092 0.08298 -0.000155575 0.0907479 0.995872
0.423507 2.0516 0.0810595 0.0181793 0.0862153 0.996107
0.948557 1.85985 0.0816778 0.0380205 0.0809011 0.995995
1.39874 1.5503 0.0845309 0.057712 0.0714901 0.995768
1.73202 1.1781 0.0873278 0.0752452 0.0583769 0.99545
1.95475 0.726899 0.0912837 0.091301 0.0354372 0.995193
2.09209 0.197243 0.091409 0.100747 0.00915856 0.994862
2.07028 -0.360782 0.0905324 0.100556 -0.0194764 0.994736
1.8929 -0.853136 0.0908622 0.0865307 -0.0453603 0.995216
1.58351 -1.34705 0.0905123 0.0772427 -0.0626655 0.995035
1.20908 -1.71752 0.0897536 0.0576832 -0.0820565 0.994947
0.692666 -1.97719 0.0890806 0.0322304 -0.0923461 0.995205
0.176248 -2.08564 0.0902924 0.00793105 -0.0946869 0.995472
-0.354641 -2.07426 0.0893861 -0.0149622 -0.0927532 0.995574
-0.888408 -1.91654 0.0912611 -0.0340831 -0.0884136 0.995495
-1.32796 -1.62309 0.0957705 -0.0624326 -0.0771299 0.99505
-1.71665 -1.2093 0.0942891 -0.0844203 -0.0584787 0.994711
-1.97175 -0.699444 0.0931032 -0.0939158 -0.027911 0.995178
-2.03447 -0.482958 0.0919137 -0.0955003 -0.0154734 0.995308
-2.58294 -0.651438 0.0356767 -0.0938234 -0.0209521 0.995367
-2.67053 -0.0940687 0.0333169 -0.0943293 -0.00223439 0.995537
-2.5973 0.488526 0.0358926 -0.0961075 0.0150262 0.995257
-2.46279 0.993394 0.0367194 -0.096982 0.0344097 0.994686
-2.21444 1.46616 0.0356607 -0.0854275 0.0563978 0.994745
-1.79016 1.97888 0.033407 -0.0610453 0.0734255 0.995422
-1.34872 2.29975 0.0315366 -0.0493677 0.0834597 0.995287
-0.843366 2.5143 0.0328873 -0.0294003 0.087478 0.995727
-0.340408 2.64445 0.031612 -0.0123534 0.0895177 0.995907
0.260264 2.66226 0.0300368 0.00658521 0.0852197 0.996338
0.83868 2.54437 0.0290195 0.0255572 0.0810377 0.99638
1.3169 2.31066 0.0312136 0.0402352 0.075276 0.996348
1.83985 1.9143 0.0329644 0.0600658 0.0676607 0.995898
2.22011 1.47899 0.0330356 0.0757297 0.054792 0.995621
2.47156 0.96618 0.0354795 0.0890268 0.0384863 0.995285
2.62482 0.481915 0.0350254 0.0955064 0.015868 0.995302
2.67889 -0.0751614 0.033956 0.095123 -0.00424729 0.995447
2.60404 -0.653873 0.032623 0.0885508 -0.0235028 0.995788
2.37487 -1.19462 0.0341636 0.0837133 -0.0449159 0.995474
2.08536 -1.66592 0.0324159 0.0756488 -0.0581216 0.995438
1.71383 -2.05288 0.0326139 0.0574757 -0.0677538 0.996038
1.28298 -2.34353 0.0324869 0.0422375 -0.0821346 0.995719
0.791209 -2.55157 0.032675 0.0301677 -0.0900042 0.995477
0.265461 -2.65029 0.0341043 0.0110083 -0.0956351 0.995354
-0.298347 -2.66112 0.0335855 -0.00765832 -0.0954772 0.995399
-0.839216 -2.55035 0.0351184 -0.0250806 -0.091161 0.995519
-1.40643 -2.27686 0.0369247 -0.0500103 -0.0875475 0.994903
-1.83453 -1.94676 0.0360685 -0.0721296 -0.0714443 0.99483
-2.18189 -1.54 0.0359027 -0.0785125 -0.0578696 0.995232
-2.4461 -1.0968 0.035036 -0.0912664 -0.0379801 0.995101
-2.55572 -0.775704 0.0355417 -0.0923321 -0.0280696 0.99533
-2.56163 -0.754184 0.0355511 -0.0932351 -0.0233238 0.995366
