-0.417494 0.0721727 3.30061 -0.0478098 -0.00495349 0.99883
-0.16945 -0.374921 3.29695 -0.00833915 -0.0332873 0.99939
0.339899 -0.231003 3.2912 0.0524485 -0.0292319 0.998191
0.303104 0.285575 3.29892 0.0404979 0.0152419 0.999039
-0.22366 0.353716 3.30385 -0.0189857 0.0397735 0.999002
-0.367575 0.208515 3.30297 -0.0376079 0.00711354 0.999188
-1.00253 0.524513 3.2457 -0.0970569 0.0451572 0.994248
-0.681673 0.908423 3.24879 -0.0666952 0.0826506 0.994314
-0.137979 1.12132 3.25198 -0.0154123 0.0904666 0.995769
0.371455 1.06491 3.25279 0.0467218 0.101658 0.99372
0.866239 0.732286 3.24383 0.095433 0.0677928 0.993116
1.10163 0.265471 3.23674 0.0921169 0.0187303 0.995569
1.05321 -0.36374 3.23483 0.0815682 -0.0341325 0.996074
0.763247 -0.825779 3.23533 0.0718689 -0.0630706 0.995408
0.303893 -1.08151 3.24105 0.0331868 -0.0888869 0.995451
-0.301548 -1.08538 3.2447 -0.00885526 -0.094206 0.995509
-0.782515 -0.80874 3.25245 -0.049401 -0.0609775 0.996884
-1.0753 -0.365346 3.24836 -0.0850023 -0.0192002 0.996193
-1.12439 0.167748 3.24498 -0.104408 0.0176336 0.994362
-1.03696 0.453516 3.24532 -0.0992612 0.0400869 0.99425
-1.66117 0.769489 3.15601 -0.132412 0.0647018 0.989073
-1.35024 1.26572 3.15081 -0.115329 0.0997102 0.988301
-0.856076 1.63554 3.15682 -0.082388 0.131447 0.987889
-0.362482 1.79865 3.16636 -0.04972 0.148048 0.987718
0.156182 1.81809 3.16945 0.0180185 0.141439 0.989771
0.720906 1.69516 3.15975 0.0611609 0.127501 0.989951
1.17198 1.43147 3.15613 0.0913826 0.0970825 0.991045
1.51948 1.04961 3.15137 0.112459 0.074266 0.990869
1.76674 0.54225 3.15698 0.125393 0.0582042 0.990371
1.84201 -0.118333 3.16232 0.127276 -0.0123373 0.991772
1.71374 -0.631579 3.15989 0.116127 -0.058062 0.991527
1.46959 -1.08855 3.1542 0.100384 -0.0728951 0.992275
1.11419 -1.46894 3.15521 0.0814968 -0.0938857 0.992241
0.615961 -1.71926 3.15482 0.0442324 -0.154254 0.987036
0.11535 -1.82558 3.15393 0.0114404 -0.156522 0.987596
-0.427731 -1.78597 3.15554 -0.0271935 -0.148353 0.98854
-0.945805 -1.58053 3.1583 -0.0748101 -0.139756 0.987331
-1.40357 -1.17459 3.17168 -0.10852 -0.127646 0.985841
-1.68543 -0.746922 3.17239 -0.139593 -0.0474145 0.988996
-1.8384 -0.222056 3.16138 -0.138858 -0.00438505 0.990293
-1.79059 0.381892 3.15852 -0.138887 0.0343239 0.989702
-1.73049 0.620622 3.1562 -0.131523 0.0540992 0.989805
-2.40221 0.827778 3.03711 -0.177218 0.065297 0.982003
-2.53729 0.282653 3.04003 -0.186709 0.0345617 0.981807
-2.54405 -0.315425 3.05298 -0.180754 0.0104511 0.983453
-2.3954 -0.887055 3.06295 -0.176912 -0.074787 0.981235
-2.15615 -1.34061 3.04855 -0.152778 -0.13314 0.979251
-1.79019 -1.78387 3.03846 -0.126614 -0.145202 0.981254
-1.40875 -2.11335 3.03375 -0.104564 -0.149462 0.983214
-0.932842 -2.37352 3.03338 -0.070933 -0.16934 0.982997
-0.288003 -2.52638 3.03065 -0.0143087 -0.192844 0.981109
0.346218 -2.50852 3.02538 0.0344413 -0.19816 0.979551
0.843998 -2.38147 3.0266 0.0517636 -0.193898 0.979647
1.36138 -2.12998 3.04242 0.0934886 -0.188254 0.977616
1.8092 -1.78314 3.03717 0.147276 -0.137636 0.979462
2.14149 -1.34948 3.04245 0.152023 -0.11689 0.981441
2.41406 -0.757745 3.05766 0.156746 -0.0644484 0.985506
2.54097 -0.181745 3.05481 0.171036 -0.00868589 0.985225
2.53502 0.381417 3.04535 0.181077 0.0415916 0.982571
2.39423 0.889209 3.03913 0.165293 0.0753479 0.98336
2.17149 1.35978 3.0351 0.163443 0.0939409 0.98207
1.8687 1.76234 3.04235 0.150115 0.108953 0.982644
1.44943 2.10083 3.04573 0.0961571 0.165646 0.981484
1.00341 2.33309 3.04462 0.073189 0.180762 0.980762
0.497922 2.48596 3.04186 0.0372967 0.198012 0.979482
-0.0198691 2.53387 3.04223 -0.00476389 0.200475 0.979684
-0.60495 2.4691 3.0407 -0.043695 0.183154 0.982112
-1.11626 2.28372 3.03747 -0.0881095 0.160077 0.983161
-1.58133 2.00641 3.03267 -0.115838 0.145866 0.982493
-1.9558 1.64279 3.03164 -0.139893 0.10679 0.98438
-2.23805 1.19594 3.03383 -0.159483 0.0916903 0.98293
-2.39076 0.864114 3.03675 -0.1771 0.0718213 0.98155
-3.05868 1.03458 2.89161 -0.218244 0.0848471 0.972194
-3.2071 0.510023 2.89017 -0.230416 0.0367988 0.972394
-3.26295 -0.0679137 2.89065 -0.243745 0.0140375 0.969717
-3.19303 -0.617988 2.90336 -0.252614 -0.0418856 0.966605
-3.04976 -1.10135 2.90142 -0.242766 -0.113929 0.963363
-2.74209 -1.71593 2.88746 -0.211452 -0.156725 0.96474
-2.42211 -2.11762 2.8886 -0.191604 -0.153834 0.969336
-2.05371 -2.50746 2.89435 -0.146969 -0.151048 0.97754
-1.57583 -2.83753 2.89772 -0.0938412 -0.194779 0.976313
-1.06094 -3.0643 2.88842 -0.0601779 -0.221399 0.973322
-0.525927 -3.20104 2.87811 -0.0210986 -0.230103 0.972921
0.0153913 -3.2383 2.87162 0.0118622 -0.233059 0.972385
0.560472 -3.18786 2.86773 0.042411 -0.228923 0.972515
1.0657 -3.04725 2.87178 0.0662669 -0.215612 0.97422
1.6412 -2.77518 2.88389 0.101573 -0.203274 0.973792
2.09661 -2.46719 2.88041 0.154799 -0.173662 0.97256
2.47364 -2.07754 2.88172 0.180308 -0.158381 0.970752
2.82817 -1.56297 2.88596 0.215432 -0.131057 0.967684
3.04272 -1.08605 2.89447 0.233565 -0.109025 0.966196
3.1884 -0.534577 2.90578 0.254669 -0.0435846 0.965929
3.25136 -0.0314773 2.89496 0.258241 0.0103969 0.966022
3.19985 0.635028 2.88808 0.239529 0.0435692 0.969879
3.01501 1.22242 2.88946 0.227537 0.0870547 0.969862
2.71053 1.8006 2.8878 0.205121 0.135639 0.969288
2.36901 2.24602 2.88721 0.18697 0.156435 0.969828
1.86691 2.66268 2.89494 0.137603 0.206903 0.968625
1.42725 2.90172 2.89145 0.0947002 0.209992 0.973106
0.946256 3.08691 2.88913 0.0611547 0.228993 0.971501
0.454052 3.19514 2.88506 0.0346907 0.235137 0.971341
-0.0742301 3.23332 2.88426 0.00445225 0.243295 0.969942
-0.671507 3.16456 2.88986 -0.0355989 0.227589 0.973095
-1.21997 3.00315 2.88902 -0.0920226 0.21696 0.971831
-1.70378 2.75109 2.88982 -0.123651 0.198415 0.972254
-2.16156 2.41946 2.8849 -0.162451 0.169497 0.972011
-2.61111 1.947 2.88391 -0.184489 0.149758 0.971318
-2.89628 1.45161 2.88883 -0.208342 0.0961425 0.973295
-3.01279 1.18672 2.88915 -0.222647 0.0856464 0.971113
-3.65937 1.39652 2.70813 -0.252745 0.10141 0.962182
-3.8536 0.794861 2.70858 -0.256014 0.0722276 0.963959
-3.94707 0.194714 2.70766 -0.256072 0.0117479 0.966561
-3.93931 -0.338109 2.70273 -0.286039 -0.0267254 0.957792
-3.8324 -0.859462 2.70974 -0.282364 -0.072085 0.956588
-3.67561 -1.40064 2.69766 -0.271055 -0.121856 0.954804
-3.42783 -1.88999 2.69512 -0.258956 -0.150757 0.954048
-3.13658 -2.3379 2.69023 -0.23169 -0.178244 0.95631
-2.80082 -2.74395 2.69242 -0.232551 -0.195974 0.952632
-2.42133 -3.09513 2.70686 -0.214554 -0.217357 0.952212
-2.00477 -3.37825 2.71567 -0.161984 -0.259118 0.952161
-1.55798 -3.60995 2.71368 -0.0979749 -0.257319 0.961343
-1.00636 -3.79576 2.71029 -0.0527738 -0.260886 0.963896
-0.414969 -3.91258 2.69251 -0.00712808 -0.289841 0.957013
0.219102 -3.91953 2.68439 0.0148264 -0.288322 0.957418
0.861979 -3.82983 2.6911 0.0403021 -0.267033 0.96284
1.41913 -3.66456 2.70497 0.0727001 -0.260059 0.962833
1.90539 -3.41841 2.71281 0.139277 -0.230015 0.963166
2.37573 -3.10524 2.71227 0.159165 -0.209766 0.964703
2.77657 -2.77376 2.70808 0.186519 -0.169772 0.967666
3.12712 -2.33926 2.70458 0.230883 -0.142663 0.962465
3.45474 -1.85696 2.68911 0.266837 -0.126528 0.955386
3.66288 -1.38361 2.69306 0.283834 -0.125881 0.950567
3.81516 -0.895386 2.70189 0.28891 -0.0843758 0.95363
3.91121 -0.345788 2.70585 0.293146 -0.0272943 0.955659
3.95114 0.164837 2.69812 0.283388 0.0100745 0.958952
3.8611 0.809246 2.70458 0.262646 0.0518322 0.963463
3.69761 1.37477 2.70021 0.259922 0.0964068 0.960805
3.4815 1.85582 2.6977 0.245871 0.135043 0.959823
3.19436 2.3025 2.7005 0.237353 0.159293 0.958274
2.82336 2.75036 2.70719 0.204998 0.181298 0.961819
2.33864 3.17554 2.70636 0.164844 0.252103 0.953495
1.89343 3.43373 2.69972 0.133948 0.268999 0.95378
1.31516 3.6841 2.69799 0.0917268 0.280146 0.955531
0.809464 3.82496 2.6889 0.0502335 0.311333 0.948963
0.286721 3.89933 2.68792 0.0383921 0.312947 0.94899
-0.239314 3.92059 2.69458 -0.00142689 0.306598 0.951757
-0.762794 3.85222 2.69989 -0.0569728 0.291391 0.954896
-1.25158 3.71713 2.69937 -0.107429 0.287621 0.951677
-1.71745 3.51999 2.69952 -0.125644 0.274192 0.953431
-2.2014 3.25186 2.70251 -0.15397 0.258513 0.953657
-2.64064 2.92537 2.69791 -0.193954 0.198215 0.96077
-2.99749 2.55947 2.69329 -0.210615 0.181336 0.960597
-3.29013 2.15257 2.7006 -0.232988 0.167562 0.957917
-3.52967 1.7109 2.70651 -0.257379 0.119886 0.958843
-3.5997 1.54114 2.70779 -0.255237 0.106899 0.960951
-4.23248 1.80681 2.49118 -0.287281 0.141347 0.947359
-3.99883 2.30407 2.48335 -0.276341 0.157301 0.948088
-3.68792 2.76734 2.48187 -0.258376 0.204779 0.944089
-3.34746 3.18275 2.47747 -0.236571 0.238117 0.941977
-2.87881 3.59887 2.47724 -0.20511 0.267463 0.941483
-2.42047 3.91614 2.4737 -0.169865 0.288202 0.942374
-1.97361 4.15183 2.47304 -0.133239 0.29906 0.944869
-1.4668 4.36541 2.46463 -0.0990364 0.326506 0.93997
-0.970028 4.49831 2.46237 -0.0675968 0.341631 0.937386
-0.444471 4.58049 2.45783 -0.0283173 0.349153 0.936637
0.0885352 4.58731 2.45178 0.0236964 0.352285 0.935592
0.676345 4.52715 2.44987 0.0438862 0.345544 0.937375
1.23813 4.40879 2.46502 0.0542972 0.333869 0.941042
1.72555 4.25374 2.47199 0.122356 0.316247 0.940748
2.21186 4.02651 2.47439 0.152755 0.302035 0.940974
2.68769 3.74357 2.48012 0.176496 0.286047 0.941805
3.10472 3.4315 2.4834 0.217895 0.266199 0.938956
3.50406 3.00743 2.49016 0.249525 0.211742 0.944927
3.82233 2.59951 2.48428 0.262885 0.17544 0.94874
4.09378 2.15464 2.48511 0.281873 0.159452 0.946086
4.31415 1.69281 2.49081 0.281629 0.1284 0.950884
4.48138 1.14876 2.49707 0.306511 0.0828793 0.94825
4.58671 0.647395 2.49252 0.30493 0.0304629 0.951884
4.62914 0.141242 2.48539 0.314404 -0.00804459 0.949255
4.59832 -0.365266 2.48249 0.332357 -0.0463498 0.941979
4.51929 -0.868239 2.47293 0.328503 -0.0937081 0.939839
4.36156 -1.4436 2.45922 0.321739 -0.116591 0.939622
4.18182 -1.91753 2.45964 0.308596 -0.122666 0.943246
3.9297 -2.3809 2.47508 0.292983 -0.138516 0.946031
3.60438 -2.84623 2.49595 0.273319 -0.170993 0.946585
3.22537 -3.27227 2.50228 0.231326 -0.230458 0.94518
2.78874 -3.6622 2.49924 0.193899 -0.260224 0.945878
2.35805 -3.9428 2.50029 0.171479 -0.287045 0.94242
1.91437 -4.18888 2.49097 0.125523 -0.32129 0.93862
1.35747 -4.40215 2.47504 0.0765419 -0.341379 0.936803
0.837364 -4.51501 2.46992 0.0570993 -0.335782 0.940199
0.299965 -4.58686 2.46813 0.0181753 -0.328031 0.944475
-0.321319 -4.59624 2.46463 -0.0155285 -0.334576 0.942241
-0.889466 -4.51302 2.46956 -0.058591 -0.351195 0.934467
-1.50602 -4.34882 2.47746 -0.101962 -0.339881 0.934919
-2.07028 -4.11312 2.4822 -0.15833 -0.315092 0.935711
-2.54617 -3.83497 2.48099 -0.194345 -0.27706 0.940965
-3.0284 -3.45697 2.4703 -0.238048 -0.233189 0.942842
-3.4012 -3.08604 2.46356 -0.253894 -0.224229 0.940879
-3.7463 -2.65139 2.46532 -0.281669 -0.205701 0.937194
-4.06539 -2.1284 2.46932 -0.30026 -0.168907 0.93878
-4.28671 -1.67931 2.46847 -0.316808 -0.126754 0.939964
-4.46723 -1.1348 2.47184 -0.329622 -0.102653 0.938513
-4.58867 -0.605641 2.47497 -0.334253 -0.0689372 0.939959
-4.62916 -0.0371663 2.49473 -0.322308 -0.0337757 0.945993
-4.59413 0.463706 2.50179 -0.328024 0.0423487 0.943712
-4.50667 0.970665 2.5007 -0.326659 0.0674298 0.942732
-4.37145 1.45928 2.49784 -0.302354 0.126957 0.944666
-4.23405 1.80321 2.49124 -0.290479 0.139462 0.946659
-4.84499 2.05196 2.24054 -0.362017 0.164393 0.917561
-4.63094 2.52902 2.23198 -0.353986 0.195706 0.914531
-4.35116 2.99356 2.22911 -0.318008 0.224829 0.921026
-3.99476 3.46807 2.22074 -0.282517 0.242411 0.928121
-3.59352 3.87355 2.22326 -0.251731 0.275554 0.927738
-3.17522 4.21277 2.22298 -0.219696 0.301454 0.927809
-2.72944 4.51595 2.21691 -0.189115 0.3202 0.928281
-2.20901 4.7845 2.21612 -0.153723 0.338675 0.928261
-1.71475 4.98575 2.21233 -0.118448 0.350065 0.929198
-1.22845 5.12886 2.20829 -0.0704049 0.366703 0.927655
-0.719778 5.21412 2.20466 -0.037273 0.374668 0.926403
-0.179674 5.2523 2.20084 -0.00364893 0.370385 0.928827
0.38616 5.23335 2.19704 0.0362697 0.357495 0.93321
0.922982 5.15714 2.20063 0.0518737 0.359791 0.931581
1.42295 5.05158 2.20643 0.0793802 0.356862 0.930777
1.92176 4.87695 2.21809 0.125851 0.349813 0.928308
2.44039 4.65523 2.222 0.153007 0.334521 0.929876
2.90902 4.39574 2.22977 0.181171 0.318115 0.930567
3.33152 4.10861 2.23454 0.219865 0.282342 0.933754
3.76549 3.71404 2.23779 0.26127 0.269364 0.926885
4.16164 3.27106 2.23942 0.297145 0.231556 0.926304
4.51366 2.76497 2.23492 0.318966 0.188265 0.92888
4.81863 2.18876 2.23898 0.34317 0.17129 0.923518
5.05478 1.57932 2.24556 0.365899 0.133774 0.920988
5.19774 1.00822 2.25649 0.373146 0.0795252 0.924317
5.28339 0.418884 2.24606 0.383346 0.00860664 0.923543
5.27684 -0.0921669 2.23734 0.377474 -0.0388947 0.925203
5.24852 -0.612397 2.22265 0.370138 -0.0565688 0.927212
5.14959 -1.13956 2.21592 0.355578 -0.104013 0.928838
4.99765 -1.65246 2.21141 0.34661 -0.114082 0.931016
4.7775 -2.22728 2.21754 0.329406 -0.128173 0.935448
4.47359 -2.79359 2.23723 0.332583 -0.167652 0.928031
4.17876 -3.21107 2.25531 0.314229 -0.205336 0.926875
3.84477 -3.59735 2.2565 0.25946 -0.261968 0.929462
3.47766 -3.95909 2.25023 0.248556 -0.286298 0.92533
3.08895 -4.27883 2.24575 0.215824 -0.309546 0.926066
2.51788 -4.61844 2.25041 0.180985 -0.333331 0.925239
2.06632 -4.84281 2.23931 0.123266 -0.356131 0.926257
1.54936 -5.03669 2.22393 0.0923322 -0.360468 0.928189
0.969325 -5.16943 2.22285 0.0681179 -0.342921 0.936888
0.467391 -5.24316 2.2212 0.031171 -0.362246 0.931556
-0.0748796 -5.27789 2.21197 -0.0111908 -0.371513 0.928352
-0.620389 -5.23707 2.21115 -0.0438078 -0.365394 0.929818
-1.16207 -5.13129 2.21521 -0.081254 -0.360043 0.92939
-1.69333 -4.98577 2.21817 -0.103598 -0.36478 0.925297
-2.1707 -4.8086 2.22152 -0.143688 -0.354235 0.924007
-2.62074 -4.57009 2.2238 -0.197701 -0.334984 0.921237
-3.1358 -4.2355 2.21785 -0.241281 -0.306357 0.920811
-3.54914 -3.8825 2.21393 -0.261261 -0.273731 0.925642
-3.95016 -3.47452 2.21186 -0.274823 -0.245992 0.929484
-4.26967 -3.06151 2.20979 -0.305314 -0.211794 0.9284
-4.56376 -2.59223 2.21044 -0.332659 -0.194902 0.922685
-4.83233 -2.09134 2.20957 -0.346247 -0.160225 0.924335
-5.02128 -1.60231 2.20935 -0.365844 -0.117014 0.923283
-5.18131 -1.00179 2.21439 -0.360708 -0.0925256 0.928068
-5.26954 -0.505406 2.22108 -0.372011 -0.0653026 0.925926
-5.28887 0.145582 2.23609 -0.391579 0.00408405 0.920087
-5.23347 0.664489 2.24002 -0.38813 0.0523627 0.920113
-5.12482 1.21431 2.24544 -0.373654 0.0862863 0.923533
-4.98608 1.71671 2.24105 -0.35934 0.127103 0.924497
-4.88697 1.95974 2.24058 -0.36014 0.15988 0.919079
-5.49211 2.19151 1.93638 -0.404839 0.174331 0.897615
-5.66165 1.71334 1.94432 -0.422188 0.14457 0.894881
-5.80242 1.20007 1.94459 -0.428196 0.097447 0.89839
-5.88946 0.695112 1.94755 -0.425685 0.06631 0.902434
-5.94332 0.183313 1.94408 -0.427229 0.0118597 0.904051
-5.94312 -0.41153 1.93784 -0.414972 -0.0268352 0.909428
-5.87064 -0.945005 1.93736 -0.396345 -0.0800785 0.9146
-5.73172 -1.54422 1.93003 -0.378433 -0.116498 0.918267
-5.56483 -2.05564 1.92308 -0.37696 -0.147337 0.914431
-5.35449 -2.51775 1.9259 -0.364556 -0.17969 0.913674
-5.09497 -2.99016 1.92906 -0.344615 -0.191784 0.918936
-4.73667 -3.53851 1.93216 -0.328947 -0.232887 0.915166
-4.416 -3.94822 1.93055 -0.303813 -0.273927 0.912481
-3.98216 -4.36139 1.93426 -0.278961 -0.312003 0.908197
-3.54721 -4.74095 1.92216 -0.257738 -0.343157 0.903221
-3.10299 -5.03981 1.92575 -0.232806 -0.359222 0.903733
-2.60306 -5.31596 1.9302 -0.198977 -0.384868 0.901257
-2.14405 -5.52152 1.92981 -0.158702 -0.398591 0.903293
-1.53536 -5.71234 1.93524 -0.111934 -0.394507 0.912043
-1.00197 -5.83839 1.93652 -0.0792166 -0.402941 0.911783
-0.471724 -5.90938 1.93575 -0.0244105 -0.418394 0.907932
0.0510025 -5.92743 1.9335 0.00115686 -0.424338 0.905478
0.71237 -5.86748 1.94478 0.0395706 -0.419726 0.906776
1.21963 -5.7896 1.94661 0.0838996 -0.410793 0.907853
1.76028 -5.66145 1.94295 0.109182 -0.394671 0.912307
2.30606 -5.45773 1.95297 0.147421 -0.380672 0.912867
2.789 -5.22271 1.96008 0.189679 -0.376152 0.906919
3.29505 -4.92791 1.96109 0.225168 -0.352995 0.908122
3.72341 -4.62234 1.96199 0.256893 -0.326217 0.909708
4.15374 -4.21578 1.97006 0.286404 -0.289842 0.913206
4.55977 -3.77077 1.97057 0.329322 -0.264138 0.906479
4.87539 -3.36294 1.96055 0.352428 -0.226155 0.908084
5.2209 -2.79378 1.94868 0.370654 -0.181907 0.910772
5.47386 -2.27175 1.93667 0.386664 -0.15084 0.909794
5.66019 -1.73245 1.93502 0.400053 -0.118914 0.908744
5.81971 -1.12951 1.93157 0.413712 -0.0855898 0.906353
5.90764 -0.512703 1.93571 0.426285 -0.0497311 0.903213
5.9379 0.0738558 1.93934 0.442201 -0.0103105 0.896821
5.90411 0.702782 1.9463 0.452788 0.035381 0.890907
5.80944 1.20261 1.95789 0.441965 0.0964578 0.891805
5.68112 1.7343 1.951 0.42434 0.134647 0.895424
5.48254 2.29504 1.94316 0.400389 0.173957 0.899668
5.24206 2.80876 1.9399 0.385093 0.205882 0.899612
4.98869 3.23951 1.9421 0.37161 0.226956 0.900215
4.64016 3.71373 1.94758 0.339711 0.275195 0.899345
4.27208 4.13316 1.94416 0.318108 0.310646 0.89571
3.88899 4.49683 1.94654 0.286764 0.330525 0.899118
3.48107 4.81422 1.94571 0.244999 0.358133 0.900901
3.04989 5.07834 1.94666 0.202666 0.367697 0.907569
2.56031 5.32486 1.94376 0.165586 0.373093 0.912895
2.07098 5.52202 1.94396 0.141315 0.377117 0.915321
1.52559 5.70871 1.93563 0.0940625 0.385715 0.917803
0.997247 5.8231 1.9316 0.0637743 0.374566 0.924999
0.492987 5.88923 1.93204 0.034874 0.385817 0.9219
-0.0185724 5.91966 1.92801 -0.00113969 0.387192 0.921987
-0.543586 5.88706 1.93098 -0.0334635 0.39244 0.919163
-1.06217 5.82222 1.9328 -0.0565627 0.392791 0.917884
-1.64691 5.68805 1.94006 -0.0975945 0.386818 0.916966
-2.13971 5.52314 1.94772 -0.128911 0.370954 0.919633
-2.65878 5.29695 1.94929 -0.184399 0.350247 0.918309
-3.12313 5.04995 1.9392 -0.22167 0.34691 0.911318
-3.57264 4.73658 1.94005 -0.248487 0.332059 0.909919
-4.0074 4.38201 1.93856 -0.28364 0.32076 0.90367
-4.45186 3.92971 1.94255 -0.306106 0.276769 0.91085
-4.7801 3.51268 1.94338 -0.347389 0.242138 0.905909
-5.10813 3.00705 1.93749 -0.370417 0.2019 0.906633
-5.34823 2.53379 1.93344 -0.392796 0.177989 0.902226
-5.44716 2.29793 1.93613 -0.400459 0.175683 0.899299
-6.04194 2.51342 1.61724 -0.429207 0.171569 0.886761
-5.82657 3.00881 1.61949 -0.421931 0.193344 0.885766
-5.53226 3.55029 1.62133 -0.400458 0.240548 0.884158
-5.21243 3.99528 1.62828 -0.379976 0.27899 0.881914
-4.86799 4.42738 1.62175 -0.340461 0.31687 0.885256
-4.45109 4.82991 1.62388 -0.309337 0.337708 0.88896
-3.95028 5.25209 1.62529 -0.292629 0.358522 0.886468
-3.51075 5.55928 1.63182 -0.247103 0.377766 0.892295
-3.05488 5.82537 1.63496 -0.220509 0.393935 0.89229
-2.47704 6.09582 1.64165 -0.17389 0.414017 0.893478
-1.99193 6.25719 1.64636 -0.132869 0.42178 0.896907
-1.50364 6.38539 1.64945 -0.091284 0.424596 0.900764
-0.886604 6.50841 1.64021 -0.0505831 0.43611 0.898445
-0.297365 6.56444 1.63089 -0.0111939 0.432578 0.901527
0.220693 6.5543 1.63552 0.0123613 0.445596 0.895139
0.758681 6.50977 1.6391 0.0479679 0.4386 0.897396
1.37559 6.41004 1.63495 0.0932611 0.43327 0.896425
1.86873 6.28425 1.64012 0.125392 0.443312 0.887536
2.39847 6.09459 1.64283 0.171334 0.416173 0.892991
2.92607 5.86783 1.63772 0.203411 0.416024 0.886292
3.42557 5.60027 1.63548 0.245142 0.394379 0.885628
3.96389 5.25304 1.62306 0.281903 0.367501 0.886257
4.36116 4.93631 1.61748 0.313165 0.334893 0.888669
4.71457 4.57913 1.62014 0.333682 0.32298 0.885626
5.13406 4.11393 1.62129 0.355364 0.298938 0.885625
5.434 3.70975 1.62522 0.378522 0.26223 0.88766
5.77034 3.17586 1.61809 0.400465 0.216203 0.89044
6.01675 2.67343 1.62 0.411325 0.192385 0.890953
6.21681 2.14833 1.62841 0.425226 0.152179 0.892186
6.38227 1.56063 1.62982 0.446282 0.108089 0.888337
6.50079 1.03926 1.62119 0.458577 0.0730755 0.885627
6.5627 0.478523 1.62104 0.461368 0.0308803 0.886663
6.57327 -0.0227355 1.62248 0.452459 -0.00404401 0.891774
6.54497 -0.60007 1.62051 0.448013 -0.0491405 0.892675
6.48044 -1.14139 1.61325 0.448802 -0.074739 0.890499
6.34747 -1.67045 1.62525 0.437296 -0.110027 0.892539
6.15777 -2.24309 1.63051 0.422113 -0.1528 0.893572
5.95448 -2.75331 1.63165 0.4188 -0.17552 0.890952
5.71741 -3.24065 1.64037 0.406675 -0.199199 0.891569
5.4472 -3.67154 1.65152 0.377336 -0.249962 0.89165
5.07282 -4.15712 1.65663 0.369888 -0.287885 0.883329
4.71509 -4.56169 1.66155 0.336456 -0.315 0.887438
4.31451 -4.95889 1.65489 0.297708 -0.360142 0.884084
3.92099 -5.27003 1.64969 0.261542 -0.377729 0.888207
3.43944 -5.59647 1.64455 0.241064 -0.390995 0.888262
2.90113 -5.88499 1.65093 0.20829 -0.403603 0.890883
2.37445 -6.13251 1.64501 0.156306 -0.414528 0.89648
1.8863 -6.28998 1.6416 0.11767 -0.441101 0.889706
1.31006 -6.42177 1.63972 0.0784727 -0.444071 0.892544
0.806619 -6.49429 1.63671 0.0406495 -0.456981 0.888543
0.157431 -6.56491 1.62141 0.0205745 -0.450586 0.892491
-0.390849 -6.55887 1.62359 -0.0243637 -0.451151 0.892095
-0.907831 -6.5144 1.62054 -0.0642497 -0.454049 0.888651
-1.41949 -6.42074 1.62298 -0.095677 -0.438735 0.893507
-1.96946 -6.25772 1.62755 -0.143998 -0.423552 0.894343
-2.57396 -6.02794 1.61606 -0.191617 -0.415712 0.88908
-3.05674 -5.79233 1.61443 -0.216295 -0.408159 0.886914
-3.51612 -5.53551 1.60901 -0.248682 -0.378714 0.891476
-3.95266 -5.23338 1.61245 -0.25958 -0.367545 0.893031
-4.39099 -4.87198 1.62211 -0.280741 -0.345156 0.895573
-4.78427 -4.49591 1.62723 -0.324889 -0.312925 0.89243
-5.17782 -4.03605 1.62365 -0.35783 -0.274131 0.892642
-5.46768 -3.6084 1.63397 -0.367735 -0.252386 0.894997
-5.8096 -3.06231 1.62647 -0.383074 -0.198251 0.90215
-6.037 -2.59593 1.62181 -0.403375 -0.176807 0.89779
-6.25881 -2.04638 1.62491 -0.408642 -0.157354 0.899018
-6.40121 -1.56436 1.63146 -0.423951 -0.11106 0.898848
-6.5171 -1.02574 1.63496 -0.439532 -0.086241 0.894054
-6.59 -0.497687 1.63054 -0.43916 -0.0187397 0.898213
-6.58654 0.104784 1.63105 -0.442988 0.0226456 0.896224
-6.54133 0.623438 1.62899 -0.456413 0.0617832 0.887602
-6.45277 1.15644 1.62449 -0.457676 0.0957595 0.883947
-6.32265 1.72248 1.61937 -0.450274 0.133077 0.882916
-6.13139 2.27719 1.61914 -0.431289 0.164937 0.887009
-6.09923 2.36223 1.6188 -0.42847 0.170282 0.887364
-6.69245 2.55969 1.28632 -0.449344 0.174499 0.876146
-6.89822 1.98135 1.28496 -0.458372 0.141736 0.877385
-7.02323 1.47092 1.2912 -0.46251 0.107121 0.880111
-7.12307 0.973503 1.29331 -0.463041 0.0898738 0.881767
-7.20191 0.397795 1.29918 -0.471291 0.0587723 0.880015
-7.2376 -0.101504 1.29924 -0.483486 0.00622396 0.875312
-7.2064 -0.645187 1.30523 -0.48261 -0.0363359 0.875081
-7.10709 -1.28047 1.30623 -0.46802 -0.0920384 0.878902
-6.9528 -1.91706 1.30232 -0.457692 -0.134426 0.878879
-6.79295 -2.43384 1.29332 -0.444783 -0.174595 0.878445
-6.59165 -2.92218 1.28989 -0.433735 -0.199955 0.878566
-6.35883 -3.37938 1.29285 -0.424988 -0.230236 0.875427
-6.07991 -3.8362 1.29977 -0.414971 -0.255519 0.87321
-5.77309 -4.2832 1.30008 -0.37984 -0.288503 0.878903
-5.42218 -4.73566 1.29246 -0.35931 -0.309648 0.880343
-5.04167 -5.14198 1.29104 -0.336599 -0.349008 0.874552
-4.55149 -5.55004 1.29259 -0.294591 -0.379633 0.876981
-4.03655 -5.9469 1.27641 -0.263718 -0.401326 0.877146
-3.5096 -6.26072 1.27894 -0.233642 -0.420997 0.876446
-2.95047 -6.54457 1.28262 -0.209722 -0.434455 0.875924
-2.44076 -6.75506 1.28913 -0.180429 -0.453384 0.872849
-1.94797 -6.92627 1.29004 -0.139589 -0.473693 0.86953
-1.42237 -7.05529 1.28904 -0.0921657 -0.489031 0.867363
-0.83741 -7.14643 1.28416 -0.0569121 -0.486579 0.871777
-0.270017 -7.18376 1.28893 -0.0252067 -0.488279 0.872323
0.274763 -7.18149 1.29361 0.0156164 -0.478701 0.877807
0.804033 -7.13573 1.29729 0.0502873 -0.476281 0.877847
1.4235 -7.04701 1.30003 0.0764124 -0.480194 0.873824
1.99743 -6.91639 1.30255 0.122917 -0.467161 0.875572
2.48642 -6.7561 1.30756 0.166659 -0.457199 0.873582
3.03776 -6.5214 1.30902 0.208822 -0.444201 0.871246
3.53487 -6.27002 1.30685 0.24384 -0.423575 0.872422
4.01159 -5.96233 1.31024 0.274471 -0.403794 0.872702
4.43393 -5.66898 1.30755 0.295429 -0.393954 0.870343
4.83698 -5.32807 1.31205 0.332004 -0.368776 0.868179
5.22172 -4.94195 1.31274 0.36588 -0.335853 0.867946
5.58424 -4.51677 1.3143 0.384602 -0.314739 0.867766
5.95122 -4.04515 1.31273 0.400474 -0.285334 0.87073
6.24719 -3.5812 1.30575 0.427408 -0.223109 0.876097
6.48243 -3.10086 1.30496 0.439547 -0.196935 0.876361
6.71842 -2.5516 1.30088 0.446247 -0.169077 0.878778
6.89742 -2.03781 1.29792 0.456635 -0.136621 0.879101
7.03558 -1.55651 1.28842 0.460442 -0.105287 0.881423
7.12928 -1.03568 1.29442 0.456743 -0.0816589 0.885841
7.18759 -0.505386 1.298 0.466005 -0.0315801 0.884186
7.19713 0.0683753 1.29487 0.477406 0.0168702 0.878519
7.176 0.627278 1.28523 0.488212 0.0508009 0.871245
7.11594 1.16194 1.2792 0.48596 0.0789532 0.870406
7.00407 1.66981 1.28982 0.476882 0.0982572 0.873455
6.84962 2.22158 1.29905 0.470325 0.145657 0.870389
6.67978 2.6981 1.29644 0.441421 0.185796 0.877853
6.46719 3.20403 1.28725 0.42531 0.211489 0.879987
6.16704 3.74712 1.28748 0.412607 0.248055 0.876482
5.87684 4.17254 1.28954 0.395104 0.288863 0.872023
5.54242 4.59492 1.2887 0.365651 0.311481 0.877083
5.21744 4.97852 1.28139 0.346812 0.329471 0.878161
4.84978 5.3464 1.28118 0.326256 0.353659 0.876613
4.42522 5.69041 1.28612 0.289955 0.385979 0.875749
3.9191 6.03989 1.28503 0.26239 0.414904 0.871208
3.34276 6.35117 1.29495 0.234008 0.437966 0.867995
2.88794 6.57067 1.29708 0.199508 0.454284 0.868225
2.41158 6.75366 1.30413 0.171868 0.463565 0.869202
1.91633 6.92428 1.29688 0.129041 0.477914 0.868863
1.38807 7.04603 1.29908 0.104058 0.480474 0.870808
0.864568 7.13878 1.30152 0.0676472 0.481912 0.873564
0.28638 7.19243 1.30234 0.0278656 0.476492 0.878729
-0.224047 7.20087 1.3054 -0.00532207 0.479086 0.877732
-0.726191 7.17159 1.30368 -0.0480131 0.479892 0.876006
-1.26879 7.08449 1.3156 -0.0735895 0.484591 0.871629
-1.81713 6.95562 1.32251 -0.13377 0.477223 0.868528
-2.30184 6.8193 1.31268 -0.16333 0.469888 0.867477
-2.8368 6.61899 1.30529 -0.20496 0.451441 0.868421
-3.39676 6.34782 1.29979 -0.235512 0.431629 0.870764
-3.83893 6.09531 1.29195 -0.267597 0.407067 0.87331
-4.34965 5.73322 1.28992 -0.294243 0.383567 0.875383
-4.82257 5.36027 1.2834 -0.314909 0.354863 0.880277
-5.18704 5.00385 1.28649 -0.346068 0.329945 0.878256
-5.53564 4.60456 1.28635 -0.375888 0.30234 0.875955
-5.85529 4.18158 1.28285 -0.395948 0.269543 0.877808
-6.15561 3.71547 1.27876 -0.422342 0.238555 0.874466
-6.41338 3.23051 1.27766 -0.434699 0.215342 0.874439
-6.62853 2.73687 1.28215 -0.440054 0.182988 0.879126
-6.67909 2.59624 1.28576 -0.444574 0.179157 0.87763
-7.23269 2.90838 0.938014 -0.456094 0.176445 0.872262
-7.44919 2.31176 0.936307 -0.464588 0.150038 0.872718
-7.59497 1.77027 0.944222 -0.47542 0.129489 0.870175
-7.70067 1.27598 0.954187 -0.468641 0.103226 0.877305
-7.78741 0.760951 0.957268 -0.480494 0.0691529 0.874267
-7.84163 0.243871 0.957017 -0.489787 0.0359714 0.871092
-7.85156 -0.321917 0.953443 -0.499874 -0.0152816 0.865959
-7.81088 -0.853984 0.955362 -0.497178 -0.0545473 0.865917
-7.70181 -1.46083 0.962207 -0.495832 -0.101988 0.862394
-7.57125 -2.02046 0.952467 -0.479575 -0.147934 0.86494
-7.40488 -2.54275 0.947567 -0.474452 -0.175202 0.86266
-7.22767 -3.0139 0.9407 -0.461545 -0.200384 0.864185
-6.96736 -3.55373 0.93824 -0.441955 -0.238232 0.864821
-6.70149 -3.99383 0.94707 -0.436724 -0.254662 0.862796
-6.36739 -4.50694 0.950766 -0.418181 -0.286984 0.861834
-5.9901 -5.02067 0.947447 -0.386102 -0.314685 0.8671
-5.63748 -5.41366 0.950753 -0.35234 -0.333033 0.874601
-5.18377 -5.85931 0.940984 -0.314695 -0.3697 0.874223
-4.68994 -6.24898 0.932349 -0.281812 -0.403205 0.87063
-4.23009 -6.5573 0.930814 -0.265165 -0.420509 0.867668
-3.63981 -6.89444 0.930712 -0.229142 -0.441154 0.867676
-3.10994 -7.14938 0.931938 -0.204063 -0.458485 0.864932
-2.58745 -7.36191 0.930674 -0.175886 -0.475138 0.862152
-1.9996 -7.53965 0.9369 -0.135333 -0.483315 0.864923
-1.50543 -7.66463 0.934918 -0.0976662 -0.486739 0.868036
-0.970014 -7.75667 0.930242 -0.0614299 -0.491641 0.868622
-0.448506 -7.80144 0.933222 -0.0338489 -0.496063 0.867626
0.157606 -7.80298 0.945072 -0.000717576 -0.495714 0.868474
0.692915 -7.76973 0.950536 0.0424988 -0.493318 0.868806
1.20138 -7.71606 0.950195 0.0715118 -0.48564 0.871197
1.74626 -7.61942 0.94989 0.108423 -0.489988 0.864949
2.32764 -7.47197 0.949588 0.142912 -0.488624 0.860691
2.8892 -7.25481 0.960488 0.189137 -0.472234 0.860939
3.45463 -7.00132 0.959674 0.218942 -0.451685 0.864893
3.94201 -6.74749 0.955836 0.251274 -0.43742 0.863434
4.43667 -6.42483 0.953359 0.298093 -0.41463 0.859777
4.95044 -6.04478 0.94779 0.321725 -0.402488 0.857023
5.42817 -5.61785 0.953412 0.355075 -0.365021 0.860568
5.87152 -5.14471 0.954783 0.378049 -0.33709 0.862234
6.26369 -4.68369 0.949435 0.399496 -0.309599 0.862861
6.55873 -4.26636 0.948505 0.429983 -0.278577 0.85878
6.84647 -3.76742 0.949862 0.452642 -0.241066 0.858488
7.07025 -3.31306 0.949914 0.458075 -0.205909 0.864735
7.29373 -2.77653 0.952764 0.4603 -0.185853 0.868087
7.47559 -2.27254 0.953766 0.470342 -0.14913 0.869771
7.62497 -1.75515 0.950347 0.47621 -0.11652 0.871575
7.74929 -1.07514 0.962804 0.487598 -0.0821485 0.869164
7.81034 -0.558242 0.955231 0.49016 -0.0219311 0.871346
7.82158 -0.0510764 0.950017 0.494003 0.0226543 0.869165
7.79957 0.521657 0.939839 0.494901 0.0490968 0.867548
7.74999 1.07835 0.928299 0.491024 0.0695539 0.868364
7.64894 1.66065 0.929049 0.490524 0.10062 0.86557
7.49905 2.19451 0.940081 0.485567 0.137356 0.863333
7.34796 2.6856 0.939353 0.476694 0.16414 0.863594
7.16176 3.17257 0.940219 0.457477 0.193596 0.867871
6.92828 3.66661 0.940177 0.433797 0.231904 0.870636
6.66377 4.1247 0.935352 0.414245 0.271942 0.868583
6.31509 4.607 0.938925 0.402049 0.300355 0.864951
5.99364 5.02061 0.936801 0.389921 0.32073 0.863183
5.5736 5.50628 0.930156 0.362788 0.354201 0.861903
5.13522 5.91171 0.933326 0.335085 0.378098 0.862989
4.67518 6.28673 0.925462 0.293427 0.412717 0.8623
4.19297 6.60137 0.92701 0.264185 0.4308 0.862907
3.71806 6.85268 0.938395 0.239599 0.442675 0.864071
3.22163 7.09324 0.945158 0.214363 0.454045 0.864803
2.7044 7.31577 0.943925 0.173743 0.467796 0.866591
2.18467 7.48846 0.942369 0.13969 0.47953 0.866333
1.655 7.62831 0.942734 0.112946 0.48319 0.868196
1.1257 7.73261 0.942673 0.0796058 0.493764 0.865936
0.614819 7.78244 0.951571 0.0471199 0.500572 0.864399
0.0491881 7.82084 0.949503 0.0178329 0.49802 0.866982
-0.458392 7.81834 0.949362 -0.037441 0.49385 0.868741
-1.0128 7.75101 0.954989 -0.0654514 0.495902 0.865887
-1.54377 7.66175 0.954546 -0.109605 0.504246 0.856574
-2.08759 7.5341 0.948828 -0.142045 0.495305 0.857018
-2.67534 7.34402 0.950585 -0.167887 0.476947 0.862744
-3.20533 7.13128 0.948407 -0.198703 0.457188 0.866885
-3.69685 6.90209 0.941584 -0.230926 0.435874 0.869875
-4.12991 6.64766 0.940371 -0.265552 0.417279 0.869114
-4.54221 6.36361 0.941663 -0.285091 0.400729 0.870711
-5.02796 6.01406 0.932318 -0.311575 0.381399 0.870313
-5.46204 5.61626 0.938693 -0.336683 0.358028 0.870892
-5.845 5.21852 0.935876 -0.37503 0.323864 0.868593
-6.1603 4.80941 0.944002 -0.389695 0.298128 0.871339
-6.49093 4.35579 0.937875 -0.408053 0.262406 0.874429
-6.76424 3.90077 0.935159 -0.426103 0.232873 0.874188
-7.00089 3.44627 0.935105 -0.438223 0.212157 0.873456
-7.22565 2.92581 0.938019 -0.453349 0.187558 0.871373
-7.23003 2.91486 0.938079 -0.453186 0.181578 0.872716
-7.78163 3.19403 0.581214 -0.467553 0.188881 0.863544
-7.99982 2.59891 0.581682 -0.477954 0.161951 0.863326
-8.16979 2.0378 0.583432 -0.487848 0.140718 0.861504
-8.29287 1.49282 0.59264 -0.502496 0.111395 0.857372
-8.37193 0.989227 0.598074 -0.518562 0.0717422 0.852021
-8.43661 0.401039 0.596761 -0.520579 0.0353428 0.853073
-8.46328 -0.176431 0.588036 -0.525006 -0.00228862 0.851093
-8.44129 -0.699266 0.588613 -0.51876 -0.0429389 0.85382
-8.36735 -1.25089 0.591961 -0.511032 -0.080884 0.855745
-8.262 -1.76552 0.595891 -0.500203 -0.112928 0.858498
-8.12238 -2.32247 0.587677 -0.483893 -0.154944 0.861294
-7.96389 -2.80501 0.582066 -0.479433 -0.179457 0.859026
-7.72035 -3.41823 0.576332 -0.463574 -0.209889 0.860829
-7.44403 -3.94369 0.581742 -0.444455 -0.245595 0.861474
-7.15865 -4.40298 0.591926 -0.436955 -0.268407 0.858494
-6.88741 -4.83922 0.585167 -0.421855 -0.288882 0.859409
-6.51277 -5.35505 0.586778 -0.407694 -0.305228 0.860593
-6.16303 -5.74846 0.597509 -0.380795 -0.340726 0.859585
-5.78664 -6.14037 0.592323 -0.3453 -0.378171 0.858905
-5.33688 -6.54317 0.580555 -0.304263 -0.400862 0.864136
-4.9155 -6.85428 0.574268 -0.275104 -0.414948 0.867253
-4.48897 -7.12353 0.575577 -0.259391 -0.423158 0.86813
-4.04004 -7.39154 0.572744 -0.23586 -0.436265 0.868356
-3.54148 -7.63082 0.577064 -0.202592 -0.455124 0.867073
-3.0061 -7.86432 0.569658 -0.180514 -0.46964 0.864206
-2.48539 -8.03289 0.57979 -0.157967 -0.486399 0.859323
-1.84671 -8.20768 0.583092 -0.120612 -0.4974 0.859069
-1.33442 -8.32717 0.575089 -0.0860383 -0.499089 0.862259
-0.694886 -8.39599 0.58158 -0.0440217 -0.497569 0.866298
-0.125776 -8.42187 0.582182 -0.007855 -0.507986 0.861326
0.406435 -8.40741 0.58795 0.0195416 -0.514406 0.857309
1.01183 -8.35831 0.589712 0.0584087 -0.512986 0.856378
1.54616 -8.27532 0.590974 0.0949322 -0.510314 0.854731
2.10452 -8.17023 0.58027 0.127348 -0.503783 0.854389
2.64629 -8.01588 0.579491 0.15715 -0.489924 0.857479
3.25041 -7.7608 0.598336 0.195765 -0.480131 0.85507
3.76557 -7.53512 0.592008 0.230993 -0.465696 0.854265
4.24122 -7.27048 0.594307 0.262649 -0.446921 0.855138
4.73391 -6.95639 0.589413 0.301728 -0.422409 0.854704
5.21691 -6.60757 0.581497 0.319967 -0.406433 0.855819
5.6463 -6.25353 0.579726 0.344989 -0.386823 0.85518
6.03148 -5.87778 0.58283 0.372068 -0.364251 0.853738
6.38372 -5.5 0.583134 0.38978 -0.342833 0.854712
6.7217 -5.08216 0.587591 0.411277 -0.313694 0.855802
7.05526 -4.62367 0.582234 0.43279 -0.283919 0.855605
7.32252 -4.16449 0.587741 0.446092 -0.254277 0.858104
7.57072 -3.69446 0.588818 0.457617 -0.223752 0.860534
7.79694 -3.19056 0.592661 0.466637 -0.200307 0.861441
7.9872 -2.68346 0.59752 0.477171 -0.17156 0.8619
8.17244 -2.10459 0.59347 0.492512 -0.127756 0.860874
8.30199 -1.60736 0.587141 0.499347 -0.108514 0.859572
8.38273 -1.07089 0.595027 0.515533 -0.0723872 0.853806
8.43277 -0.527471 0.594759 0.515289 -0.019903 0.856781
8.43901 0.0273197 0.590459 0.513125 0.0176089 0.858123
8.41985 0.591065 0.579021 0.505363 0.0474691 0.8616
8.36147 1.12043 0.576911 0.500442 0.0702033 0.862903
8.25871 1.76078 0.57075 0.49396 0.107762 0.862754
8.10855 2.31095 0.576928 0.491011 0.135144 0.860605
7.90739 2.9101 0.586974 0.484135 0.159009 0.860424
7.72205 3.4366 0.582723 0.468864 0.186838 0.86327
7.45774 3.98358 0.585269 0.45741 0.241675 0.855762
7.16503 4.47329 0.580563 0.423116 0.282356 0.860958
6.79258 5.00322 0.576992 0.402751 0.306082 0.862612
6.4535 5.42902 0.576981 0.387957 0.319566 0.864503
6.05333 5.89484 0.569311 0.361644 0.350902 0.863753
5.58647 6.3291 0.574806 0.336513 0.377734 0.862583
5.16189 6.6829 0.571106 0.303062 0.400193 0.864859
4.70474 7.00751 0.569144 0.272454 0.417955 0.866638
4.22699 7.29334 0.570468 0.248398 0.43798 0.863983
3.75557 7.51557 0.585569 0.228309 0.449971 0.863359
3.2709 7.74294 0.586719 0.20098 0.463493 0.862987
2.70149 7.96432 0.587319 0.167162 0.478093 0.862241
2.11635 8.14185 0.588165 0.134642 0.487818 0.862499
1.55933 8.27925 0.585921 0.101563 0.492522 0.864343
0.921929 8.37379 0.587509 0.059851 0.505139 0.860949
0.408768 8.4109 0.593239 0.037129 0.507859 0.860633
-0.178476 8.43908 0.592135 0.0119104 0.517817 0.855408
-0.784277 8.40204 0.594585 -0.0535565 0.513887 0.856175
-1.41521 8.31247 0.591606 -0.0957673 0.504495 0.858085
-1.94456 8.20679 0.583431 -0.122917 0.494152 0.860636
-2.44092 8.07398 0.5838 -0.138808 0.491942 0.85949
-3.00452 7.87545 0.591878 -0.175629 0.479326 0.85987
-3.48535 7.68275 0.589089 -0.209926 0.464351 0.860412
-3.94637 7.46814 0.586236 -0.232686 0.45039 0.86196
-4.39342 7.21107 0.585075 -0.271185 0.428099 0.862077
-4.80856 6.92549 0.590587 -0.287113 0.414306 0.863653
-5.23188 6.63586 0.580498 -0.312676 0.396312 0.863221
-5.70817 6.23307 0.580814 -0.340421 0.379293 0.860372
-6.11497 5.81304 0.587243 -0.371263 0.345557 0.86182
-6.49848 5.39431 0.580285 -0.393799 0.321138 0.861239
-6.82088 4.94929 0.587009 -0.412732 0.296313 0.8613
-7.16636 4.43561 0.585318 -0.433301 0.261301 0.86252
-7.41662 3.97716 0.586598 -0.44848 0.231792 0.863212
-7.6628 3.48221 0.580182 -0.46364 0.200453 0.863048
-7.74297 3.28856 0.581123 -0.466495 0.193177 0.863169
-8.31602 3.51567 0.221469 -0.465042 0.193577 0.863858
-8.50064 3.0435 0.220946 -0.472998 0.172158 0.86407
-8.66334 2.55193 0.221744 -0.4791 0.147365 0.865299
-8.81128 2.02465 0.218478 -0.495354 0.114287 0.861131
-8.92125 1.49129 0.218829 -0.508168 0.0881652 0.856732
-8.98618 0.949256 0.227026 -0.519697 0.0635463 0.851979
-9.05189 0.433882 0.217372 -0.51907 0.0332346 0.854076
-9.05664 -0.191201 0.224543 -0.52002 -0.00426377 0.854135
-9.04123 -0.707231 0.221225 -0.522284 -0.0368148 0.851955
-8.97777 -1.27993 0.221433 -0.517625 -0.0721375 0.852558
-8.88391 -1.82352 0.220928 -0.506779 -0.100989 0.856139
-8.75563 -2.36839 0.218917 -0.490646 -0.141272 0.859821
-8.59112 -2.87586 0.217683 -0.476976 -0.174423 0.861434
-8.38959 -3.39625 0.21581 -0.469447 -0.199848 0.860037
-8.19045 -3.85803 0.212191 -0.45959 -0.219255 0.860639
-7.94615 -4.30515 0.219294 -0.441119 -0.246605 0.862884
-7.67972 -4.76429 0.217052 -0.42669 -0.264223 0.864923
-7.39599 -5.19167 0.218652 -0.415623 -0.286159 0.86334
-7.07566 -5.64472 0.214765 -0.39942 -0.311791 0.862105
-6.71282 -6.05812 0.22436 -0.387527 -0.340466 0.856656
-6.30328 -6.49116 0.221033 -0.358364 -0.372088 0.856227
-5.86945 -6.88685 0.219841 -0.330608 -0.393022 0.858032
-5.47298 -7.21538 0.213196 -0.303429 -0.412144 0.859108
-5.0592 -7.49679 0.216775 -0.279449 -0.42059 0.863133
-4.61139 -7.78095 0.213948 -0.251081 -0.435085 0.864673
-4.07948 -8.06673 0.215907 -0.230314 -0.447878 0.863921
-3.56852 -8.29851 0.214604 -0.187399 -0.464902 0.865295
-3.04837 -8.49626 0.213192 -0.167275 -0.479784 0.86128
-2.53052 -8.66355 0.214826 -0.14954 -0.484389 0.861972
-1.89044 -8.84831 0.20942 -0.118909 -0.493605 0.861518
-1.37349 -8.95538 0.208929 -0.0840951 -0.500052 0.861866
-0.852394 -9.01028 0.216994 -0.0537951 -0.504272 0.861868
-0.346124 -9.03199 0.220074 -0.0126145 -0.507274 0.86169
0.269656 -9.02789 0.219899 0.0135456 -0.510154 0.859973
0.799863 -9.00021 0.218399 0.0410844 -0.509286 0.859605
1.3406 -8.93979 0.218464 0.0735798 -0.502284 0.861549
1.84097 -8.8399 0.224641 0.105177 -0.497292 0.861175
2.42868 -8.72387 0.209514 0.135743 -0.49114 0.860433
2.95949 -8.54522 0.219325 0.163302 -0.483921 0.859695
3.44668 -8.3494 0.225903 0.197202 -0.472676 0.858879
3.95932 -8.11846 0.223973 0.231046 -0.458326 0.858218
4.48396 -7.83912 0.220319 0.261917 -0.443408 0.85719
4.91123 -7.5768 0.215301 0.285608 -0.429867 0.856525
5.3419 -7.26395 0.222037 0.301186 -0.415313 0.858356
5.75107 -6.95707 0.217422 0.323894 -0.394909 0.859729
6.13535 -6.61932 0.219009 0.344081 -0.367572 0.864
6.54377 -6.24392 0.209811 0.363889 -0.351598 0.862519
6.9685 -5.77116 0.212171 0.388963 -0.330139 0.860039
7.31002 -5.33585 0.212951 0.411578 -0.302116 0.859835
7.59165 -4.92072 0.214914 0.429661 -0.277933 0.859154
7.89314 -4.4078 0.219524 0.442902 -0.251288 0.860625
8.13616 -3.91367 0.228126 0.459403 -0.228151 0.858426
8.37635 -3.40729 0.22338 0.474822 -0.199236 0.857219
8.56894 -2.87262 0.228607 0.492232 -0.170466 0.853605
8.73093 -2.39914 0.221813 0.498156 -0.146427 0.854627
8.87153 -1.87459 0.219123 0.505777 -0.10774 0.855872
8.96509 -1.31161 0.222406 0.512362 -0.0739748 0.855557
9.02872 -0.807105 0.219418 0.516621 -0.0449023 0.855034
9.05255 -0.2455 0.221176 0.513161 -0.00829581 0.858242
9.04449 0.361651 0.218483 0.511444 0.0290056 0.858815
8.9964 0.906263 0.219523 0.506542 0.0562922 0.860362
8.9325 1.43831 0.215214 0.500394 0.0774714 0.862316
8.82629 2.00619 0.211569 0.488234 0.116582 0.86489
8.69655 2.49254 0.212617 0.485913 0.140471 0.862634
8.51512 3.04396 0.217708 0.48465 0.165618 0.858868
8.33315 3.56835 0.210888 0.476059 0.193956 0.85775
8.08005 4.10064 0.218086 0.460779 0.230852 0.856935
7.81988 4.59449 0.211921 0.437544 0.25646 0.861848
7.54775 5.0133 0.215308 0.417362 0.281214 0.864124
7.23566 5.43973 0.218906 0.398225 0.30039 0.866698
6.89709 5.85544 0.220673 0.38232 0.329294 0.863358
6.55833 6.24645 0.214229 0.362663 0.349143 0.864039
6.13263 6.65816 0.217814 0.343955 0.366292 0.864595
5.73997 7.00119 0.218323 0.314996 0.388706 0.86584
5.34253 7.31768 0.212383 0.293864 0.41323 0.861901
4.90982 7.60284 0.213464 0.266597 0.429291 0.862917
4.46175 7.85736 0.216745 0.241103 0.437566 0.866258
3.98862 8.09769 0.220945 0.220157 0.451421 0.864719
3.47088 8.33488 0.220508 0.195137 0.466923 0.86248
2.91054 8.54844 0.22069 0.167033 0.482392 0.859877
2.40361 8.71234 0.219676 0.140595 0.484827 0.863217
1.8887 8.82659 0.229644 0.112031 0.496263 0.860909
1.3424 8.95022 0.216244 0.0750723 0.499877 0.862827
0.8332 8.98569 0.231514 0.0469616 0.508961 0.859504
0.328302 9.02434 0.22865 0.0198768 0.516456 0.856079
-0.200822 9.03999 0.223572 -0.00609478 0.520752 0.853675
-0.723052 9.008 0.227352 -0.04095 0.519916 0.853235
-1.29455 8.94859 0.224378 -0.0763063 0.512116 0.855519
-1.81823 8.85776 0.222107 -0.103733 0.500101 0.859699
-2.31918 8.74667 0.217841 -0.131167 0.492104 0.860579
-2.85572 8.58074 0.222716 -0.150325 0.48612 0.860862
-3.36585 8.40719 0.218864 -0.18751 0.472681 0.861044
-3.91774 8.17228 0.21632 -0.218647 0.459643 0.860762
-4.42723 7.90551 0.219564 -0.249627 0.445564 0.859719
-4.86219 7.64169 0.219664 -0.27681 0.429813 0.859435
-5.3099 7.32692 0.22625 -0.29769 0.412356 0.860979
-5.78439 6.97877 0.215463 -0.325616 0.39319 0.859869
-6.16855 6.62807 0.223008 -0.344674 0.375173 0.86048
-6.52489 6.27557 0.223879 -0.36874 0.350484 0.860902
-6.87967 5.87973 0.223033 -0.388691 0.327406 0.86121
-7.2 5.48575 0.220435 -0.403114 0.306452 0.8623
-7.50521 5.06044 0.219525 -0.415438 0.27968 0.865557
-7.76906 4.63151 0.219858 -0.437437 0.249508 0.863937
-8.0157 4.16939 0.221707 -0.450799 0.23117 0.862158
-8.2328 3.70902 0.221759 -0.46114 0.203656 0.863638
-8.25517 3.6519 0.223193 -0.462364 0.199169 0.864024
